// 14/07/2025 9.30.07
// ReaderName=Speedwayr-15-32-c2, AntennaIDs=1, InventoryMode=DualTarget, ModeIndex=1003, Population=32, PowerInDbm=31,5, Session=2
// Timestamp, EPC, TID, Antenna, RSSI, Frequency, Hostname, PhaseAngle, DopplerFrequency
2025-07-14T09:43:18.6263760+03:00,A40000000000000000000000,,1,-68,"865,7",Speedwayr-15-32-c2,"4,8351074434155406",
2025-07-14T09:43:18.6471510+03:00,A40000000000000000000000,,1,"-68,5","865,7",Speedwayr-15-32-c2,"5,031456984264903",
2025-07-14T09:43:18.6587320+03:00,60820101D7224204EA5FEA78,,1,-66,"865,7",Speedwayr-15-32-c2,"2,791845033951867",
2025-07-14T09:43:18.6761330+03:00,A40000000000000000000000,,1,"-67,5","865,7",Speedwayr-15-32-c2,"4,466952054322987",
2025-07-14T09:43:18.6961310+03:00,A20000000000000000000000,,1,-74,"865,7",Speedwayr-15-32-c2,"6,175806652027592",
2025-07-14T09:43:18.7044130+03:00,A40000000000000000000000,,1,"-68,5","865,7",Speedwayr-15-32-c2,"4,957825906446392",
2025-07-14T09:43:18.7185640+03:00,60820101D7224204EA5FEA78,,1,-66,"865,7",Speedwayr-15-32-c2,"5,81378718608658",
2025-07-14T09:43:18.7381120+03:00,A20000000000000000000000,,1,"-73,5","865,7",Speedwayr-15-32-c2,"0,11351457830353745",
2025-07-14T09:43:18.7481740+03:00,A40000000000000000000000,,1,"-68,5","865,7",Speedwayr-15-32-c2,"4,571262747899211",
2025-07-14T09:43:18.7584950+03:00,A20000000000000000000000,,1,-73,"865,7",Speedwayr-15-32-c2,"0,21475731030398976",
2025-07-14T09:43:18.7777720+03:00,A40000000000000000000000,,1,"-68,5","865,7",Speedwayr-15-32-c2,"4,706253057233147",
2025-07-14T09:43:18.7902190+03:00,60820101D7224204EA5FEA78,,1,-66,"865,7",Speedwayr-15-32-c2,"5,945709533844745",
2025-07-14T09:43:18.8095180+03:00,A40000000000000000000000,,1,"-66,5","865,7",Speedwayr-15-32-c2,"4,301282129231338",
2025-07-14T09:43:18.8250310+03:00,60820101D7224204EA5FEA78,,1,"-66,5","865,7",Speedwayr-15-32-c2,"5,924233802814347",
2025-07-14T09:43:18.8484420+03:00,A20000000000000000000000,,1,"-68,5","865,7",Speedwayr-15-32-c2,"0,36815538909255385",
2025-07-14T09:43:18.8495090+03:00,A40000000000000000000000,,1,"-67,5","865,7",Speedwayr-15-32-c2,"4,301282129231338",
2025-07-14T09:43:18.8664720+03:00,A40000000000000000000000,,1,-67,"865,7",Speedwayr-15-32-c2,"4,405592822807561",
2025-07-14T09:43:18.8930130+03:00,A20000000000000000000000,,1,"-71,5","865,7",Speedwayr-15-32-c2,"3,68462185250131",
2025-07-14T09:43:18.9042760+03:00,A40000000000000000000000,,1,-68,"865,7",Speedwayr-15-32-c2,"4,28287435977671",
2025-07-14T09:43:18.9421440+03:00,A40000000000000000000000,,1,"-66,5","865,7",Speedwayr-15-32-c2,"0,9510680884890975",
2025-07-14T09:43:18.9468560+03:00,A20000000000000000000000,,1,"-73,5","865,7",Speedwayr-15-32-c2,"0,7117670855789375",
2025-07-14T09:43:18.9536890+03:00,A40000000000000000000000,,1,"-67,5","865,7",Speedwayr-15-32-c2,"4,123340357836604",
2025-07-14T09:43:18.9987610+03:00,A40000000000000000000000,,1,-67,"865,7",Speedwayr-15-32-c2,"4,086524818927348",
2025-07-14T09:43:19.0235550+03:00,A40000000000000000000000,,1,"-65,5","865,7",Speedwayr-15-32-c2,"3,988350048502667",
2025-07-14T09:43:19.0283820+03:00,A20000000000000000000000,,1,"-70,5","865,7",Speedwayr-15-32-c2,"0,7547185476397354",
2025-07-14T09:43:19.0471460+03:00,A40000000000000000000000,,1,-67,"865,7",Speedwayr-15-32-c2,"4,06811704947272",
2025-07-14T09:43:19.0583990+03:00,A20000000000000000000000,,1,"-71,5","865,7",Speedwayr-15-32-c2,"0,9019807032767571",
2025-07-14T09:43:19.0785340+03:00,A20000000000000000000000,,1,"-68,5","865,7",Speedwayr-15-32-c2,"0,9326603190344698",
2025-07-14T09:43:19.0804390+03:00,A40000000000000000000000,,1,"-66,5","865,7",Speedwayr-15-32-c2,"4,111068511533518",
2025-07-14T09:43:19.0946530+03:00,A40000000000000000000000,,1,-67,"865,7",Speedwayr-15-32-c2,"3,9699422790480394",
2025-07-14T09:43:19.0982200+03:00,A20000000000000000000000,,1,"-72,5","865,7",Speedwayr-15-32-c2,"1,0492428589137786",
2025-07-14T09:43:19.1251340+03:00,A40000000000000000000000,,1,-66,"865,7",Speedwayr-15-32-c2,"4,215379205109742",
2025-07-14T09:43:19.1289590+03:00,A20000000000000000000000,,1,-71,"865,7",Speedwayr-15-32-c2,"0,5951845456996288",
2025-07-14T09:43:19.1441610+03:00,A40000000000000000000000,,1,-67,"865,7",Speedwayr-15-32-c2,"4,190835512503572",
2025-07-14T09:43:19.1668010+03:00,A20000000000000000000000,,1,-72,"865,7",Speedwayr-15-32-c2,"4,338097668140593",
2025-07-14T09:43:19.1727990+03:00,A40000000000000000000000,,1,"-66,5","865,7",Speedwayr-15-32-c2,"4,104932588381976",
2025-07-14T09:43:19.1991880+03:00,A20000000000000000000000,,1,"-72,5","865,7",Speedwayr-15-32-c2,"1,214912784005428",
2025-07-14T09:43:19.2057200+03:00,A40000000000000000000000,,1,-67,"865,7",Speedwayr-15-32-c2,"4,1601558967458585",
2025-07-14T09:43:19.2180740+03:00,A20000000000000000000000,,1,-70,"865,7",Speedwayr-15-32-c2,"1,1658253987930873",
2025-07-14T09:43:19.2283790+03:00,A80000000000000000000000,,1,"-74,5","865,7",Speedwayr-15-32-c2,"0,10737865515199488",
2025-07-14T09:43:19.2372630+03:00,A40000000000000000000000,,1,"-66,5","865,7",Speedwayr-15-32-c2,"4,06811704947272",
2025-07-14T09:43:19.2584000+03:00,A40000000000000000000000,,1,-67,"865,7",Speedwayr-15-32-c2,"4,147884050442774",
2025-07-14T09:43:19.2963650+03:00,A40000000000000000000000,,1,-67,"865,7",Speedwayr-15-32-c2,"4,111068511533518",
2025-07-14T09:43:19.3274920+03:00,A40000000000000000000000,,1,-67,"865,7",Speedwayr-15-32-c2,"3,761320891895592",
2025-07-14T09:43:19.3719430+03:00,A40000000000000000000000,,1,-65,"865,7",Speedwayr-15-32-c2,"4,534447208989955",
2025-07-14T09:43:19.3865800+03:00,A40000000000000000000000,,1,-65,"865,7",Speedwayr-15-32-c2,"4,061981126321178",
2025-07-14T09:43:19.4344240+03:00,A40000000000000000000000,,1,-65,"865,7",Speedwayr-15-32-c2,"3,933126740138784",
2025-07-14T09:43:19.4560640+03:00,A40000000000000000000000,,1,"-65,5","865,7",Speedwayr-15-32-c2,"4,135612204139688",
2025-07-14T09:43:19.4887410+03:00,A30000000000000000000000,,1,-74,"865,7",Speedwayr-15-32-c2,"5,7524279545711545",
2025-07-14T09:43:19.4960810+03:00,A40000000000000000000000,,1,-66,"865,7",Speedwayr-15-32-c2,"4,123340357836604",
2025-07-14T09:43:19.5146970+03:00,A40000000000000000000000,,1,-64,"865,7",Speedwayr-15-32-c2,"3,9944859716542096",
2025-07-14T09:43:19.5454500+03:00,A40000000000000000000000,,1,"-65,5","865,7",Speedwayr-15-32-c2,"3,8840393549264434",
2025-07-14T09:43:19.5573590+03:00,A30000000000000000000000,,1,-72,"865,7",Speedwayr-15-32-c2,"3,160000423044421",
2025-07-14T09:43:19.5654820+03:00,60820101D7224204EA5FEA78,,1,-66,"865,7",Speedwayr-15-32-c2,"5,942641572268974",
2025-07-14T09:43:19.5730080+03:00,A40000000000000000000000,,1,"-61,5","865,7",Speedwayr-15-32-c2,"4,1172044346850605",
2025-07-14T09:43:19.5875530+03:00,A20000000000000000000000,,1,-73,"865,7",Speedwayr-15-32-c2,"5,911961956511261",
2025-07-14T09:43:19.5956350+03:00,60820101D7224204EA5FEA78,,1,"-65,5","865,7",Speedwayr-15-32-c2,"2,6691265709210157",
2025-07-14T09:43:19.5975630+03:00,A30000000000000000000000,,1,"-71,5","865,7",Speedwayr-15-32-c2,"6,007068765360171",
2025-07-14T09:43:19.6072870+03:00,A20000000000000000000000,,1,"-72,5","865,7",Speedwayr-15-32-c2,"6,062292073724054",
2025-07-14T09:43:19.6091800+03:00,A40000000000000000000000,,1,"-65,5","865,7",Speedwayr-15-32-c2,"4,227651051412827",
2025-07-14T09:43:19.6173790+03:00,A30000000000000000000000,,1,"-70,5","865,7",Speedwayr-15-32-c2,"3,08636934522591",
2025-07-14T09:43:19.6346380+03:00,A40000000000000000000000,,1,"-63,5","865,7",Speedwayr-15-32-c2,"4,331961744989051",
2025-07-14T09:43:19.6389140+03:00,A20000000000000000000000,,1,"-71,5","865,7",Speedwayr-15-32-c2,"6,191146459906448",
2025-07-14T09:43:19.6573040+03:00,A30000000000000000000000,,1,"-70,5","865,7",Speedwayr-15-32-c2,"6,108311497360623",
2025-07-14T09:43:19.6674440+03:00,A20000000000000000000000,,1,"-71,5","865,7",Speedwayr-15-32-c2,"6,2463697682703305",
2025-07-14T09:43:19.6685270+03:00,A40000000000000000000000,,1,"-66,5","865,7",Speedwayr-15-32-c2,"4,319689898685965",
2025-07-14T09:43:19.6773690+03:00,A30000000000000000000000,,1,"-70,5","865,7",Speedwayr-15-32-c2,"2,9943304979527716",
2025-07-14T09:43:19.6863510+03:00,60820101D7224204EA5FEA78,,1,"-66,5","865,7",Speedwayr-15-32-c2,"2,739689687163755",
2025-07-14T09:43:19.6926190+03:00,A40000000000000000000000,,1,-61,"865,7",Speedwayr-15-32-c2,"4,374913207049849",
2025-07-14T09:43:19.6982520+03:00,A30000000000000000000000,,1,-69,"865,7",Speedwayr-15-32-c2,"3,147728576741336",
2025-07-14T09:43:19.7183330+03:00,A20000000000000000000000,,1,"-74,5","865,7",Speedwayr-15-32-c2,"3,5557674663189163",
2025-07-14T09:43:19.7272610+03:00,A30000000000000000000000,,1,-70,"865,7",Speedwayr-15-32-c2,"3,018874190558942",
2025-07-14T09:43:19.7353700+03:00,A40000000000000000000000,,1,"-64,5","865,7",Speedwayr-15-32-c2,"4,172427743048944",
2025-07-14T09:43:19.7465380+03:00,60820101D7224204EA5FEA78,,1,"-66,5","865,7",Speedwayr-15-32-c2,"2,6046993778298186",
2025-07-14T09:43:19.7549840+03:00,A40000000000000000000000,,1,"-61,5","865,7",Speedwayr-15-32-c2,"4,28287435977671",
2025-07-14T09:43:19.7576110+03:00,A30000000000000000000000,,1,"-69,5","865,7",Speedwayr-15-32-c2,"2,5709518004963345",
2025-07-14T09:43:19.7795550+03:00,A40000000000000000000000,,1,"-62,5","865,7",Speedwayr-15-32-c2,"4,074252972624263",
2025-07-14T09:43:19.7865670+03:00,A30000000000000000000000,,1,"-68,5","865,7",Speedwayr-15-32-c2,"2,4850488763747385",
2025-07-14T09:43:19.7959430+03:00,60820101D7224204EA5FEA78,,1,"-65,5","865,7",Speedwayr-15-32-c2,"5,826059032389665",
2025-07-14T09:43:19.8070820+03:00,A30000000000000000000000,,1,"-68,5","865,7",Speedwayr-15-32-c2,"2,12916533358527",
2025-07-14T09:43:19.8108110+03:00,A40000000000000000000000,,1,-67,"865,7",Speedwayr-15-32-c2,"4,184699589352029",
2025-07-14T09:43:19.8253330+03:00,60820101D7224204EA5FEA78,,1,"-66,5","865,7",Speedwayr-15-32-c2,"2,5556119926174783",
2025-07-14T09:43:19.8374690+03:00,A30000000000000000000000,,1,-67,"865,7",Speedwayr-15-32-c2,"2,3071071049800045",
2025-07-14T09:43:19.8423910+03:00,A40000000000000000000000,,1,"-67,5","865,7",Speedwayr-15-32-c2,"4,0128937411088375",
2025-07-14T09:43:19.8586230+03:00,A40000000000000000000000,,1,"-67,5","865,7",Speedwayr-15-32-c2,"4,503767593232243",
2025-07-14T09:43:19.8610990+03:00,A30000000000000000000000,,1,"-67,5","865,7",Speedwayr-15-32-c2,"1,5462526341887264",
2025-07-14T09:43:19.8773870+03:00,60820101D7224204EA5FEA78,,1,"-66,5","865,7",Speedwayr-15-32-c2,"5,835262917116979",
2025-07-14T09:43:19.8986680+03:00,A40000000000000000000000,,1,-68,"865,7",Speedwayr-15-32-c2,"3,847223816017188",
2025-07-14T09:43:19.9050890+03:00,A30000000000000000000000,,1,"-67,5","865,7",Speedwayr-15-32-c2,"1,564660403643354",
2025-07-14T09:43:19.9280490+03:00,A40000000000000000000000,,1,-68,"865,7",Speedwayr-15-32-c2,"4,368777283898306",
2025-07-14T09:43:19.9434370+03:00,A30000000000000000000000,,1,"-66,5","865,7",Speedwayr-15-32-c2,"1,4296700943094176",
2025-07-14T09:43:19.9459200+03:00,A20000000000000000000000,,1,"-70,5","865,7",Speedwayr-15-32-c2,"0,07363107781851078",
2025-07-14T09:43:19.9584050+03:00,A40000000000000000000000,,1,"-67,5","865,7",Speedwayr-15-32-c2,"4,381049130201391",
2025-07-14T09:43:19.9622850+03:00,A30000000000000000000000,,1,"-62,5","865,7",Speedwayr-15-32-c2,"1,2885438618239387",
2025-07-14T09:43:19.9669880+03:00,A20000000000000000000000,,1,-67,"865,7",Speedwayr-15-32-c2,"3,215223731408304",
2025-07-14T09:43:19.9790620+03:00,60820101D7224204EA5FEA78,,1,"-66,5","865,7",Speedwayr-15-32-c2,"5,893554187056633",
2025-07-14T09:43:19.9877930+03:00,A30000000000000000000000,,1,"-69,5","865,7",Speedwayr-15-32-c2,"1,2210487071569704",
2025-07-14T09:43:19.9981690+03:00,60820101D7224204EA5FEA78,,1,"-66,5","865,7",Speedwayr-15-32-c2,"5,641981337843388",
2025-07-14T09:43:20.0181090+03:00,A30000000000000000000000,,1,"-69,5","865,7",Speedwayr-15-32-c2,"1,2087768608538851",
2025-07-14T09:43:20.0269630+03:00,A40000000000000000000000,,1,-68,"865,7",Speedwayr-15-32-c2,"4,301282129231338",
2025-07-14T09:43:20.0282300+03:00,A20000000000000000000000,,1,"-68,5","865,7",Speedwayr-15-32-c2,"2,82252464970958",
2025-07-14T09:43:20.0465720+03:00,A20000000000000000000000,,1,-69,"865,7",Speedwayr-15-32-c2,"2,8961557275280905",
2025-07-14T09:43:20.0495560+03:00,A40000000000000000000000,,1,-68,"865,7",Speedwayr-15-32-c2,"4,264466590322082",
2025-07-14T09:43:20.0561100+03:00,A30000000000000000000000,,1,"-69,5","865,7",Speedwayr-15-32-c2,"0,8866408953979006",
2025-07-14T09:43:20.0679570+03:00,A30000000000000000000000,,1,-68,"865,7",Speedwayr-15-32-c2,"0,9326603190344698",
2025-07-14T09:43:20.0690260+03:00,A40000000000000000000000,,1,-67,"865,7",Speedwayr-15-32-c2,"4,135612204139688",
2025-07-14T09:43:20.0766020+03:00,A20000000000000000000000,,1,-69,"865,7",Speedwayr-15-32-c2,"2,736621725587984",
2025-07-14T09:43:20.0956590+03:00,A40000000000000000000000,,1,"-66,5","865,7",Speedwayr-15-32-c2,"3,9147189706841563",
2025-07-14T09:43:20.0976500+03:00,A20000000000000000000000,,1,"-68,5","865,7",Speedwayr-15-32-c2,"2,5034566458293663",
2025-07-14T09:43:20.1076420+03:00,A30000000000000000000000,,1,-68,"865,7",Speedwayr-15-32-c2,"0,5522330836388308",
2025-07-14T09:43:20.1290000+03:00,A40000000000000000000000,,1,"-66,5","865,7",Speedwayr-15-32-c2,"3,7551849687440497",
2025-07-14T09:43:20.1372370+03:00,A20000000000000000000000,,1,"-69,5","865,7",Speedwayr-15-32-c2,"3,184544115650591",
2025-07-14T09:43:20.1392820+03:00,A30000000000000000000000,,1,"-67,5","865,7",Speedwayr-15-32-c2,"0,30679615757712825",
2025-07-14T09:43:20.1561610+03:00,A40000000000000000000000,,1,"-66,5","865,7",Speedwayr-15-32-c2,"3,749049045592507",
2025-07-14T09:43:20.1581040+03:00,A20000000000000000000000,,1,"-67,5","865,7",Speedwayr-15-32-c2,"2,3439226438892597",
2025-07-14T09:43:20.1604120+03:00,A30000000000000000000000,,1,-66,"865,7",Speedwayr-15-32-c2,"0,28838838812250056",
2025-07-14T09:43:20.1859760+03:00,A40000000000000000000000,,1,-66,"865,7",Speedwayr-15-32-c2,"3,6447383520162835",
2025-07-14T09:43:20.1870450+03:00,A30000000000000000000000,,1,"-66,5","865,7",Speedwayr-15-32-c2,"0,2945243112740431",
2025-07-14T09:43:20.1886100+03:00,A20000000000000000000000,,1,-69,"865,7",Speedwayr-15-32-c2,"2,172116795646068",
2025-07-14T09:43:20.2058480+03:00,A30000000000000000000000,,1,-66,"865,7",Speedwayr-15-32-c2,"0,07363107781851078",
2025-07-14T09:43:20.2088660+03:00,A40000000000000000000000,,1,-66,"865,7",Speedwayr-15-32-c2,"3,522019888985432",
2025-07-14T09:43:20.2167720+03:00,A20000000000000000000000,,1,"-70,5","865,7",Speedwayr-15-32-c2,"2,1230294104337273",
2025-07-14T09:43:20.2374130+03:00,A30000000000000000000000,,1,"-65,5","865,7",Speedwayr-15-32-c2,"0,2454369260617026",
2025-07-14T09:43:20.2464630+03:00,A20000000000000000000000,,1,"-70,5","865,7",Speedwayr-15-32-c2,"2,184388641949153",
2025-07-14T09:43:20.2648130+03:00,A30000000000000000000000,,1,"-64,5","865,7",Speedwayr-15-32-c2,"0,20248546400090464",
2025-07-14T09:43:20.2667880+03:00,A20000000000000000000000,,1,-70,"865,7",Speedwayr-15-32-c2,"2,270291566070749",
2025-07-14T09:43:20.2678530+03:00,A40000000000000000000000,,1,-67,"865,7",Speedwayr-15-32-c2,"3,3747577333484107",
2025-07-14T09:43:20.2860060+03:00,A30000000000000000000000,,1,"-65,5","865,7",Speedwayr-15-32-c2,"0,1595340019401067",
2025-07-14T09:43:20.2888110+03:00,A40000000000000000000000,,1,-66,"865,7",Speedwayr-15-32-c2,"3,129320807286708",
2025-07-14T09:43:20.3079590+03:00,A40000000000000000000000,,1,-67,"865,7",Speedwayr-15-32-c2,"3,442252888015379",
2025-07-14T09:43:20.3092520+03:00,A30000000000000000000000,,1,"-64,5","865,7",Speedwayr-15-32-c2,"0,0859029241215959",
2025-07-14T09:43:20.3175910+03:00,A20000000000000000000000,,1,-70,"865,7",Speedwayr-15-32-c2,"2,227340104009951",
2025-07-14T09:43:20.3366970+03:00,A40000000000000000000000,,1,"-65,5","865,7",Speedwayr-15-32-c2,"3,3195344249845276",
2025-07-14T09:43:20.3396020+03:00,A30000000000000000000000,,1,"-64,5","865,7",Speedwayr-15-32-c2,"0,07363107781851078",
2025-07-14T09:43:20.3538300+03:00,A20000000000000000000000,,1,-68,"865,7",Speedwayr-15-32-c2,"4,997709406931419",
2025-07-14T09:43:20.3594210+03:00,A40000000000000000000000,,1,-67,"865,7",Speedwayr-15-32-c2,"3,117048960983623",
2025-07-14T09:43:20.3650330+03:00,A30000000000000000000000,,1,"-64,5","865,7",Speedwayr-15-32-c2,"6,270913460876501",
2025-07-14T09:43:20.3664790+03:00,A20000000000000000000000,,1,-66,"865,7",Speedwayr-15-32-c2,"1,8285050991596843",
2025-07-14T09:43:20.3862330+03:00,A30000000000000000000000,,1,-65,"865,7",Speedwayr-15-32-c2,"6,215690152512618",
2025-07-14T09:43:20.3904590+03:00,A40000000000000000000000,,1,"-66,5","865,7",Speedwayr-15-32-c2,"3,117048960983623",
2025-07-14T09:43:20.3975260+03:00,A20000000000000000000000,,1,-69,"865,7",Speedwayr-15-32-c2,"1,8162332528565992",
2025-07-14T09:43:20.4148100+03:00,A30000000000000000000000,,1,"-64,5","865,7",Speedwayr-15-32-c2,"6,1420590746941075",
2025-07-14T09:43:20.4172260+03:00,A40000000000000000000000,,1,-67,"865,7",Speedwayr-15-32-c2,"3,172272269347506",
2025-07-14T09:43:20.4182710+03:00,A20000000000000000000000,,1,-69,"865,7",Speedwayr-15-32-c2,"1,7855536370988863",
2025-07-14T09:43:20.4292770+03:00,60820101D7224204EA5FEA78,,1,"-66,5","865,7",Speedwayr-15-32-c2,"5,9088939949354895",
2025-07-14T09:43:20.4453440+03:00,A30000000000000000000000,,1,-64,"865,7",Speedwayr-15-32-c2,"6,117515382087937",
2025-07-14T09:43:20.4470540+03:00,A20000000000000000000000,,1,-70,"865,7",Speedwayr-15-32-c2,"2,3930100291016",
2025-07-14T09:43:20.4489740+03:00,A40000000000000000000000,,1,"-66,5","865,7",Speedwayr-15-32-c2,"3,1661363461959633",
2025-07-14T09:43:20.4563710+03:00,60820101D7224204EA5FEA78,,1,-66,"865,7",Speedwayr-15-32-c2,"5,915029918087033",
2025-07-14T09:43:20.4666700+03:00,A40000000000000000000000,,1,"-66,5","865,7",Speedwayr-15-32-c2,"3,06182565261974",
2025-07-14T09:43:20.4767470+03:00,A30000000000000000000000,,1,-65,"865,7",Speedwayr-15-32-c2,"6,043884304269426",
2025-07-14T09:43:20.4875890+03:00,60820101D7224204EA5FEA78,,1,-66,"865,7",Speedwayr-15-32-c2,"5,957981380147831",
2025-07-14T09:43:20.4896170+03:00,A20000000000000000000000,,1,"-71,5","865,7",Speedwayr-15-32-c2,"1,7978254834019713",
2025-07-14T09:43:20.4968560+03:00,A30000000000000000000000,,1,-65,"865,7",Speedwayr-15-32-c2,"5,890486225480862",
2025-07-14T09:43:20.5007850+03:00,A20000000000000000000000,,1,"-69,5","865,7",Speedwayr-15-32-c2,"1,7978254834019713",
2025-07-14T09:43:20.5192920+03:00,60820101D7224204EA5FEA78,,1,"-66,5","865,7",Speedwayr-15-32-c2,"5,924233802814347",
2025-07-14T09:43:20.5264430+03:00,A30000000000000000000000,,1,"-65,5","865,7",Speedwayr-15-32-c2,"5,822991070813893",
2025-07-14T09:43:20.5283410+03:00,A40000000000000000000000,,1,"-67,5","865,7",Speedwayr-15-32-c2,"2,816388726558037",
2025-07-14T09:43:20.5388400+03:00,A20000000000000000000000,,1,-73,"865,7",Speedwayr-15-32-c2,"1,7548740213411735",
2025-07-14T09:43:20.5468050+03:00,A40000000000000000000000,,1,"-67,5","865,7",Speedwayr-15-32-c2,"2,8532042654672924",
2025-07-14T09:43:20.5478730+03:00,A30000000000000000000000,,1,-66,"865,7",Speedwayr-15-32-c2,"5,706408530934585",
2025-07-14T09:43:20.5669300+03:00,A20000000000000000000000,,1,-73,"865,7",Speedwayr-15-32-c2,"1,55545651891604",
2025-07-14T09:43:20.5884370+03:00,A40000000000000000000000,,1,"-68,5","865,7",Speedwayr-15-32-c2,"2,730485802436441",
2025-07-14T09:43:20.5895030+03:00,A30000000000000000000000,,1,"-68,5","865,7",Speedwayr-15-32-c2,"5,516194913236766",
2025-07-14T09:43:20.5978720+03:00,60820101D7224204EA5FEA78,,1,-66,"865,7",Speedwayr-15-32-c2,"5,982525072754001",
2025-07-14T09:43:20.6080950+03:00,A20000000000000000000000,,1,-73,"865,7",Speedwayr-15-32-c2,"4,654097710445035",
2025-07-14T09:43:20.6170100+03:00,A40000000000000000000000,,1,-67,"865,7",Speedwayr-15-32-c2,"2,9391071895888885",
2025-07-14T09:43:20.6255360+03:00,A30000000000000000000000,,1,"-68,5","865,7",Speedwayr-15-32-c2,"5,123495831538041",
2025-07-14T09:43:20.6281960+03:00,A20000000000000000000000,,1,-73,"865,7",Speedwayr-15-32-c2,"1,3989904785517047",
2025-07-14T09:43:20.6373310+03:00,60820101D7224204EA5FEA78,,1,-66,"865,7",Speedwayr-15-32-c2,"5,93343768754166",
2025-07-14T09:43:20.6470970+03:00,A40000000000000000000000,,1,"-69,5","865,7",Speedwayr-15-32-c2,"2,0923497946760143",
2025-07-14T09:43:20.6581630+03:00,60820101D7224204EA5FEA78,,1,-66,"865,7",Speedwayr-15-32-c2,"2,856272227043064",
2025-07-14T09:43:20.6685800+03:00,A40000000000000000000000,,1,-71,"865,7",Speedwayr-15-32-c2,"2,466641106920111",
2025-07-14T09:43:20.6855580+03:00,60820101D7224204EA5FEA78,,1,-66,"865,7",Speedwayr-15-32-c2,"5,8475347634200645",
2025-07-14T09:43:20.6876100+03:00,A30000000000000000000000,,1,-72,"865,7",Speedwayr-15-32-c2,"4,555922940020355",
2025-07-14T09:43:20.6985300+03:00,A40000000000000000000000,,1,-73,"865,7",Speedwayr-15-32-c2,"2,184388641949153",
2025-07-14T09:43:20.7083980+03:00,60820101D7224204EA5FEA78,,1,-66,"865,7",Speedwayr-15-32-c2,"5,967185264875144",
2025-07-14T09:43:20.7177820+03:00,A20000000000000000000000,,1,-73,"865,7",Speedwayr-15-32-c2,"0,3620194659410113",
2025-07-14T09:43:20.7194880+03:00,A30000000000000000000000,,1,"-73,5","865,7",Speedwayr-15-32-c2,"0,9940195505498954",
2025-07-14T09:43:20.7581770+03:00,A40000000000000000000000,,1,-73,"865,7",Speedwayr-15-32-c2,"4,605010325232695",
2025-07-14T09:43:20.7692060+03:00,A40000000000000000000000,,1,"-70,5","865,7",Speedwayr-15-32-c2,"1,1106020904292042",
2025-07-14T09:43:20.7765710+03:00,60820101D7224204EA5FEA78,,1,"-64,5","865,7",Speedwayr-15-32-c2,"6,031612457966341",
2025-07-14T09:43:20.7790730+03:00,A70000000000000000000000,,1,"-70,5","865,7",Speedwayr-15-32-c2,"2,988194574801229",
2025-07-14T09:43:20.7967760+03:00,A70000000000000000000000,,1,"-69,5","865,7",Speedwayr-15-32-c2,"2,60776733940559",
2025-07-14T09:43:20.7978890+03:00,60820101D7224204EA5FEA78,,1,"-64,5","865,7",Speedwayr-15-32-c2,"5,93343768754166",
2025-07-14T09:43:20.8287600+03:00,60820101D7224204EA5FEA78,,1,"-64,5","865,7",Speedwayr-15-32-c2,"6,025476534814799",
2025-07-14T09:43:20.8454770+03:00,A70000000000000000000000,,1,"-70,5","865,7",Speedwayr-15-32-c2,"5,770835724025782",
2025-07-14T09:43:20.8489570+03:00,A70000000000000000000000,,1,-70,"865,7",Speedwayr-15-32-c2,"2,454369260617026",
2025-07-14T09:43:20.8570020+03:00,60820101D7224204EA5FEA78,,1,"-64,5","865,7",Speedwayr-15-32-c2,"5,835262917116979",
2025-07-14T09:43:20.8596800+03:00,A40000000000000000000000,,1,"-69,5","865,7",Speedwayr-15-32-c2,"0,17794177139473438",
2025-07-14T09:43:20.8772490+03:00,A70000000000000000000000,,1,"-70,5","865,7",Speedwayr-15-32-c2,"1,932815792735908",
2025-07-14T09:43:20.8789290+03:00,A40000000000000000000000,,1,-70,"865,7",Speedwayr-15-32-c2,"0,06135923151542565",
2025-07-14T09:43:20.9062750+03:00,A40000000000000000000000,,1,-68,"865,7",Speedwayr-15-32-c2,"0,5706408530934585",
2025-07-14T09:43:20.9085470+03:00,A70000000000000000000000,,1,-70,"865,7",Speedwayr-15-32-c2,"2,1966604882522383",
2025-07-14T09:43:20.9195120+03:00,A20000000000000000000000,,1,-73,"865,7",Speedwayr-15-32-c2,"1,2118448224296565",
2025-07-14T09:43:20.9286100+03:00,A40000000000000000000000,,1,-67,"865,7",Speedwayr-15-32-c2,"6,154330920997192",
2025-07-14T09:43:20.9296810+03:00,A70000000000000000000000,,1,-70,"865,7",Speedwayr-15-32-c2,"2,5341362615870793",
2025-07-14T09:43:20.9368790+03:00,60820101D7224204EA5FEA78,,1,-63,"865,7",Speedwayr-15-32-c2,"5,64504929941916",
2025-07-14T09:43:20.9476680+03:00,A20000000000000000000000,,1,-72,"865,7",Speedwayr-15-32-c2,"1,0829904362472627",
2025-07-14T09:43:20.9588100+03:00,60820101D7224204EA5FEA78,,1,-64,"865,7",Speedwayr-15-32-c2,"5,841398840268521",
2025-07-14T09:43:20.9676150+03:00,A40000000000000000000000,,1,-67,"865,7",Speedwayr-15-32-c2,"5,970253226450915",
2025-07-14T09:43:20.9886010+03:00,A20000000000000000000000,,1,"-69,5","865,7",Speedwayr-15-32-c2,"0,9572040116406401",
2025-07-14T09:43:20.9913340+03:00,A70000000000000000000000,,1,-68,"865,7",Speedwayr-15-32-c2,"1,423534171157875",
2025-07-14T09:43:20.9978000+03:00,60820101D7224204EA5FEA78,,1,"-63,5","865,7",Speedwayr-15-32-c2,"5,872078456026235",
2025-07-14T09:43:20.9992540+03:00,A20000000000000000000000,,1,"-68,5","865,7",Speedwayr-15-32-c2,"4,190835512503572",
2025-07-14T09:43:21.0066520+03:00,A40000000000000000000000,,1,-66,"865,7",Speedwayr-15-32-c2,"5,835262917116979",
2025-07-14T09:43:21.0252020+03:00,60820101D7224204EA5FEA78,,1,"-63,5","865,7",Speedwayr-15-32-c2,"5,792311455056181",
2025-07-14T09:43:21.0288640+03:00,A40000000000000000000000,,1,-66,"865,7",Speedwayr-15-32-c2,"5,841398840268521",
2025-07-14T09:43:21.0307780+03:00,A20000000000000000000000,,1,"-65,5","865,7",Speedwayr-15-32-c2,"4,154019973594316",
2025-07-14T09:43:21.0378450+03:00,A70000000000000000000000,,1,-71,"865,7",Speedwayr-15-32-c2,"1,5892040962495242",
2025-07-14T09:43:21.0495640+03:00,A70000000000000000000000,,1,"-71,5","865,7",Speedwayr-15-32-c2,"1,0246991663076084",
2025-07-14T09:43:21.0552640+03:00,60820101D7224204EA5FEA78,,1,-64,"865,7",Speedwayr-15-32-c2,"5,822991070813893",
2025-07-14T09:43:21.0577700+03:00,A40000000000000000000000,,1,-67,"865,7",Speedwayr-15-32-c2,"5,878214379177777",
2025-07-14T09:43:21.0589070+03:00,A20000000000000000000000,,1,-68,"865,7",Speedwayr-15-32-c2,"3,80427235395639",
2025-07-14T09:43:21.0783160+03:00,A20000000000000000000000,,1,-68,"865,7",Speedwayr-15-32-c2,"4,09266074207889",
2025-07-14T09:43:21.0888010+03:00,60820101D7224204EA5FEA78,,1,"-65,5","865,7",Speedwayr-15-32-c2,"6,10217557420908",
2025-07-14T09:43:21.1080350+03:00,A20000000000000000000000,,1,-68,"865,7",Speedwayr-15-32-c2,"3,5895150436524004",
2025-07-14T09:43:21.1093420+03:00,A40000000000000000000000,,1,"-66,5","865,7",Speedwayr-15-32-c2,"5,393476450205914",
2025-07-14T09:43:21.1194850+03:00,60820101D7224204EA5FEA78,,1,-66,"865,7",Speedwayr-15-32-c2,"6,126719266815251",
2025-07-14T09:43:21.1268620+03:00,A40000000000000000000000,,1,-66,"865,7",Speedwayr-15-32-c2,"5,381204603902829",
2025-07-14T09:43:21.1650600+03:00,A40000000000000000000000,,1,-66,"865,7",Speedwayr-15-32-c2,"5,307573526084319",
2025-07-14T09:43:21.1697260+03:00,A20000000000000000000000,,1,-68,"865,7",Speedwayr-15-32-c2,"3,6447383520162835",
2025-07-14T09:43:21.1772720+03:00,60820101D7224204EA5FEA78,,1,"-65,5","865,7",Speedwayr-15-32-c2,"6,065360035299825",
2025-07-14T09:43:21.1894660+03:00,A20000000000000000000000,,1,-69,"865,7",Speedwayr-15-32-c2,"3,56497135104623",
2025-07-14T09:43:21.1956090+03:00,A40000000000000000000000,,1,"-64,5","865,7",Speedwayr-15-32-c2,"5,197126909356553",
2025-07-14T09:43:21.2085120+03:00,60820101D7224204EA5FEA78,,1,-66,"865,7",Speedwayr-15-32-c2,"6,013204688511713",
2025-07-14T09:43:21.2188830+03:00,A20000000000000000000000,,1,-68,"865,7",Speedwayr-15-32-c2,"3,736777199289422",
2025-07-14T09:43:21.2205130+03:00,A40000000000000000000000,,1,-66,"865,7",Speedwayr-15-32-c2,"5,141903600992669",
2025-07-14T09:43:21.2390300+03:00,60820101D7224204EA5FEA78,,1,-66,"865,7",Speedwayr-15-32-c2,"5,973321188026687",
2025-07-14T09:43:21.2569690+03:00,A40000000000000000000000,,1,-66,"865,7",Speedwayr-15-32-c2,"5,013049214810275",
2025-07-14T09:43:21.2676520+03:00,A20000000000000000000000,,1,-69,"865,7",Speedwayr-15-32-c2,"0,3773592738198677",
2025-07-14T09:43:21.2760070+03:00,60820101D7224204EA5FEA78,,1,-65,"865,7",Speedwayr-15-32-c2,"6,12365130523948",
2025-07-14T09:43:21.2866620+03:00,A40000000000000000000000,,1,-66,"865,7",Speedwayr-15-32-c2,"4,7860200582032",
2025-07-14T09:43:21.2986830+03:00,A80000000000000000000000,,1,"-74,5","865,7",Speedwayr-15-32-c2,"5,654253184146473",
2025-07-14T09:43:21.3053720+03:00,60820101D7224204EA5FEA78,,1,-65,"865,7",Speedwayr-15-32-c2,"2,8716120349219203",
2025-07-14T09:43:21.3087000+03:00,A20000000000000000000000,,1,-70,"865,7",Speedwayr-15-32-c2,"0,4111068511533518",
2025-07-14T09:43:21.3293440+03:00,A20000000000000000000000,,1,"-70,5","865,7",Speedwayr-15-32-c2,"3,3747577333484107",
2025-07-14T09:43:21.3485990+03:00,60820101D7224204EA5FEA78,,1,-66,"865,7",Speedwayr-15-32-c2,"5,9518454569962875",
2025-07-14T09:43:21.3585140+03:00,A40000000000000000000000,,1,"-67,5","865,7",Speedwayr-15-32-c2,"4,749204519293945",
2025-07-14T09:43:21.3678500+03:00,A20000000000000000000000,,1,"-71,5","865,7",Speedwayr-15-32-c2,"0,21168934872821848",
2025-07-14T09:43:21.3887630+03:00,A40000000000000000000000,,1,-67,"865,7",Speedwayr-15-32-c2,"4,693981210930062",
2025-07-14T09:43:21.3978490+03:00,A20000000000000000000000,,1,"-72,5","865,7",Speedwayr-15-32-c2,"0,04601942363656923",
2025-07-14T09:43:21.4138980+03:00,A40000000000000000000000,,1,-67,"865,7",Speedwayr-15-32-c2,"4,804427827657828",
2025-07-14T09:43:21.4197880+03:00,A20000000000000000000000,,1,-69,"865,7",Speedwayr-15-32-c2,"3,5772431973493153",
2025-07-14T09:43:21.4366800+03:00,60820101D7224204EA5FEA78,,1,-66,"865,7",Speedwayr-15-32-c2,"6,013204688511713",
2025-07-14T09:43:21.4466770+03:00,A40000000000000000000000,,1,"-67,5","865,7",Speedwayr-15-32-c2,"4,6878452877785195",
2025-07-14T09:43:21.4591600+03:00,A20000000000000000000000,,1,"-69,5","865,7",Speedwayr-15-32-c2,"3,215223731408304",
2025-07-14T09:43:21.4675150+03:00,60820101D7224204EA5FEA78,,1,-66,"865,7",Speedwayr-15-32-c2,"5,988660995905543",
2025-07-14T09:43:21.4887770+03:00,A20000000000000000000000,,1,-73,"865,7",Speedwayr-15-32-c2,"0,1349903093339364",
2025-07-14T09:43:21.4949570+03:00,A40000000000000000000000,,1,-67,"865,7",Speedwayr-15-32-c2,"1,662835174068035",
2025-07-14T09:43:21.5071090+03:00,A40000000000000000000000,,1,-69,"865,7",Speedwayr-15-32-c2,"4,847379289718626",
2025-07-14T09:43:21.5379670+03:00,A20000000000000000000000,,1,"-72,5","865,7",Speedwayr-15-32-c2,"0,1902136176978195",
2025-07-14T09:43:21.5467940+03:00,A40000000000000000000000,,1,-68,"865,7",Speedwayr-15-32-c2,"4,871922982324796",
2025-07-14T09:43:21.5571760+03:00,A20000000000000000000000,,1,-70,"865,7",Speedwayr-15-32-c2,"3,497476196379262",
2025-07-14T09:43:21.5685530+03:00,60820101D7224204EA5FEA78,,1,"-66,5","865,7",Speedwayr-15-32-c2,"6,031612457966341",
2025-07-14T09:43:21.5792250+03:00,A20000000000000000000000,,1,-71,"865,7",Speedwayr-15-32-c2,"3,5158839658338894",
2025-07-14T09:43:21.5973360+03:00,60820101D7224204EA5FEA78,,1,"-66,5","865,7",Speedwayr-15-32-c2,"2,9789906900739154",
2025-07-14T09:43:21.6090720+03:00,A40000000000000000000000,,1,-69,"865,7",Speedwayr-15-32-c2,"4,945554060143307",
2025-07-14T09:43:21.6186340+03:00,A20000000000000000000000,,1,"-73,5","865,7",Speedwayr-15-32-c2,"0,3620194659410113",
2025-07-14T09:43:21.6264030+03:00,60820101D7224204EA5FEA78,,1,"-65,5","865,7",Speedwayr-15-32-c2,"6,086835766330224",
2025-07-14T09:43:21.6368970+03:00,A40000000000000000000000,,1,"-68,5","865,7",Speedwayr-15-32-c2,"4,871922982324796",
2025-07-14T09:43:21.6595410+03:00,60820101D7224204EA5FEA78,,1,"-66,5","865,7",Speedwayr-15-32-c2,"5,994796919057086",
2025-07-14T09:43:21.6800650+03:00,A40000000000000000000000,,1,-69,"865,7",Speedwayr-15-32-c2,"4,957825906446392",
2025-07-14T09:43:21.6895270+03:00,60820101D7224204EA5FEA78,,1,"-66,5","865,7",Speedwayr-15-32-c2,"5,850602724995835",
2025-07-14T09:43:21.7083010+03:00,A40000000000000000000000,,1,"-69,5","865,7",Speedwayr-15-32-c2,"1,7794177139473437",
2025-07-14T09:43:21.7190060+03:00,A40000000000000000000000,,1,-70,"865,7",Speedwayr-15-32-c2,"4,841243366567084",
2025-07-14T09:43:21.7490560+03:00,A40000000000000000000000,,1,-69,"865,7",Speedwayr-15-32-c2,"5,080544369477243",
2025-07-14T09:43:21.7868080+03:00,A40000000000000000000000,,1,"-70,5","865,7",Speedwayr-15-32-c2,"4,3074180523828804",
2025-07-14T09:43:21.8197980+03:00,A40000000000000000000000,,1,-69,"865,7",Speedwayr-15-32-c2,"4,246058820867455",
2025-07-14T09:43:21.8380850+03:00,A40000000000000000000000,,1,"-68,5","865,7",Speedwayr-15-32-c2,"3,822680123411018",
2025-07-14T09:43:21.8684530+03:00,A70000000000000000000000,,1,-73,"865,7",Speedwayr-15-32-c2,"0,3650874275167826",
2025-07-14T09:43:21.8875040+03:00,A40000000000000000000000,,1,-68,"865,7",Speedwayr-15-32-c2,"3,9208548938356986",
2025-07-14T09:43:21.9094360+03:00,A70000000000000000000000,,1,-73,"865,7",Speedwayr-15-32-c2,"0,5522330836388308",
2025-07-14T09:43:21.9183360+03:00,A40000000000000000000000,,1,"-67,5","865,7",Speedwayr-15-32-c2,"3,749049045592507",
2025-07-14T09:43:21.9376420+03:00,A40000000000000000000000,,1,-67,"865,7",Speedwayr-15-32-c2,"3,693825737228624",
2025-07-14T09:43:21.9600260+03:00,A40000000000000000000000,,1,"-66,5","865,7",Speedwayr-15-32-c2,"3,6447383520162835",
2025-07-14T09:43:21.9770690+03:00,A40000000000000000000000,,1,"-66,5","865,7",Speedwayr-15-32-c2,"3,663146121470911",
2025-07-14T09:43:21.9792970+03:00,A30000000000000000000000,,1,"-70,5","865,7",Speedwayr-15-32-c2,"2,8838838812250054",
2025-07-14T09:43:22.0063820+03:00,A40000000000000000000000,,1,-61,"865,7",Speedwayr-15-32-c2,"3,497476196379262",
2025-07-14T09:43:22.0079650+03:00,A30000000000000000000000,,1,-71,"865,7",Speedwayr-15-32-c2,"2,730485802436441",
2025-07-14T09:43:22.0277220+03:00,A30000000000000000000000,,1,-72,"865,7",Speedwayr-15-32-c2,"2,675262494072558",
2025-07-14T09:43:22.0287740+03:00,A40000000000000000000000,,1,-66,"865,7",Speedwayr-15-32-c2,"3,1231848841351653",
2025-07-14T09:43:22.0474030+03:00,A40000000000000000000000,,1,"-66,5","865,7",Speedwayr-15-32-c2,"3,4177091954092087",
2025-07-14T09:43:22.0487300+03:00,A30000000000000000000000,,1,-71,"865,7",Speedwayr-15-32-c2,"2,4727770300716534",
2025-07-14T09:43:22.0678750+03:00,A40000000000000000000000,,1,"-65,5","865,7",Speedwayr-15-32-c2,"3,4913402732277192",
2025-07-14T09:43:22.0689880+03:00,A30000000000000000000000,,1,-69,"865,7",Speedwayr-15-32-c2,"2,478912953223196",
2025-07-14T09:43:22.0872350+03:00,A30000000000000000000000,,1,"-70,5","865,7",Speedwayr-15-32-c2,"2,0493983326152168",
2025-07-14T09:43:22.0966450+03:00,A40000000000000000000000,,1,"-65,5","865,7",Speedwayr-15-32-c2,"3,5956509668039427",
2025-07-14T09:43:22.1081800+03:00,A30000000000000000000000,,1,-69,"865,7",Speedwayr-15-32-c2,"1,7732817907958012",
2025-07-14T09:43:22.1173150+03:00,A40000000000000000000000,,1,"-64,5","865,7",Speedwayr-15-32-c2,"3,5772431973493153",
2025-07-14T09:43:22.1372640+03:00,A40000000000000000000000,,1,-65,"865,7",Speedwayr-15-32-c2,"3,6201946594101133",
2025-07-14T09:43:22.1385300+03:00,A30000000000000000000000,,1,"-68,5","865,7",Speedwayr-15-32-c2,"2,061670178918302",
2025-07-14T09:43:22.1578050+03:00,A30000000000000000000000,,1,"-67,5","865,7",Speedwayr-15-32-c2,"1,902136176978195",
2025-07-14T09:43:22.1592590+03:00,A40000000000000000000000,,1,"-65,5","865,7",Speedwayr-15-32-c2,"3,3502140407422405",
2025-07-14T09:43:22.1771620+03:00,A40000000000000000000000,,1,"-64,5","865,7",Speedwayr-15-32-c2,"3,393165502803038",
2025-07-14T09:43:22.1786060+03:00,A30000000000000000000000,,1,"-68,5","865,7",Speedwayr-15-32-c2,"1,6444274046134073",
2025-07-14T09:43:22.1985950+03:00,A40000000000000000000000,,1,"-65,5","865,7",Speedwayr-15-32-c2,"3,3502140407422405",
2025-07-14T09:43:22.2174970+03:00,A30000000000000000000000,,1,"-67,5","865,7",Speedwayr-15-32-c2,"1,8039614065535141",
2025-07-14T09:43:22.2185940+03:00,A40000000000000000000000,,1,-66,"865,7",Speedwayr-15-32-c2,"3,141592653589793",
2025-07-14T09:43:22.2375110+03:00,A40000000000000000000000,,1,-65,"865,7",Speedwayr-15-32-c2,"3,2459033471660166",
2025-07-14T09:43:22.2577910+03:00,A40000000000000000000000,,1,-66,"865,7",Speedwayr-15-32-c2,"3,3379421944391554",
2025-07-14T09:43:22.2588470+03:00,A30000000000000000000000,,1,"-67,5","865,7",Speedwayr-15-32-c2,"1,3621749396424494",
2025-07-14T09:43:22.2759680+03:00,A30000000000000000000000,,1,-68,"865,7",Speedwayr-15-32-c2,"1,718058482431918",
2025-07-14T09:43:22.2773210+03:00,A40000000000000000000000,,1,-65,"865,7",Speedwayr-15-32-c2,"3,4913402732277192",
2025-07-14T09:43:22.2943290+03:00,A30000000000000000000000,,1,-67,"865,7",Speedwayr-15-32-c2,"1,5033011721279284",
2025-07-14T09:43:22.2980730+03:00,A40000000000000000000000,,1,-66,"865,7",Speedwayr-15-32-c2,"3,184544115650591",
2025-07-14T09:43:22.3148290+03:00,A30000000000000000000000,,1,-67,"865,7",Speedwayr-15-32-c2,"1,6137477888556946",
2025-07-14T09:43:22.3182800+03:00,A40000000000000000000000,,1,"-66,5","865,7",Speedwayr-15-32-c2,"3,06182565261974",
2025-07-14T09:43:22.3374600+03:00,A40000000000000000000000,,1,-66,"865,7",Speedwayr-15-32-c2,"3,1354567304382504",
2025-07-14T09:43:22.3392080+03:00,A30000000000000000000000,,1,-67,"865,7",Speedwayr-15-32-c2,"1,6014759425526093",
2025-07-14T09:43:22.3566930+03:00,A30000000000000000000000,,1,-66,"865,7",Speedwayr-15-32-c2,"1,552388557340269",
2025-07-14T09:43:22.3580150+03:00,A40000000000000000000000,,1,"-66,5","865,7",Speedwayr-15-32-c2,"3,3502140407422405",
2025-07-14T09:43:22.3772520+03:00,A30000000000000000000000,,1,-67,"865,7",Speedwayr-15-32-c2,"1,5155730184310134",
2025-07-14T09:43:22.3787480+03:00,A40000000000000000000000,,1,"-65,5","865,7",Speedwayr-15-32-c2,"3,1968159619536762",
2025-07-14T09:43:22.3978350+03:00,A30000000000000000000000,,1,"-67,5","865,7",Speedwayr-15-32-c2,"1,564660403643354",
2025-07-14T09:43:22.3989780+03:00,A40000000000000000000000,,1,"-65,5","865,7",Speedwayr-15-32-c2,"3,1231848841351653",
2025-07-14T09:43:22.4172800+03:00,A40000000000000000000000,,1,-66,"865,7",Speedwayr-15-32-c2,"3,098641191528995",
2025-07-14T09:43:22.4185130+03:00,A30000000000000000000000,,1,"-65,5","865,7",Speedwayr-15-32-c2,"1,564660403643354",
2025-07-14T09:43:22.5461800+03:00,A30000000000000000000000,,1,-68,"865,7",Speedwayr-15-32-c2,"1,4480778637640452",
2025-07-14T09:43:22.5691790+03:00,A40000000000000000000000,,1,-67,"865,7",Speedwayr-15-32-c2,"2,724349879284899",
2025-07-14T09:43:22.5751500+03:00,A30000000000000000000000,,1,"-67,5","865,7",Speedwayr-15-32-c2,"4,66636955674812",
2025-07-14T09:43:22.5882510+03:00,A40000000000000000000000,,1,"-66,5","865,7",Speedwayr-15-32-c2,"2,6875343403756435",
2025-07-14T09:43:22.6173610+03:00,A40000000000000000000000,,1,-66,"865,7",Speedwayr-15-32-c2,"2,6998061866787286",
2025-07-14T09:43:22.6186860+03:00,A30000000000000000000000,,1,-68,"865,7",Speedwayr-15-32-c2,"1,4603497100671303",
2025-07-14T09:43:22.6476980+03:00,A30000000000000000000000,,1,"-68,5","865,7",Speedwayr-15-32-c2,"1,3560390164909069",
2025-07-14T09:43:22.6496590+03:00,A40000000000000000000000,,1,-67,"865,7",Speedwayr-15-32-c2,"2,945243112740431",
2025-07-14T09:43:22.6699020+03:00,A40000000000000000000000,,1,"-66,5","865,7",Speedwayr-15-32-c2,"2,6568547246179306",
2025-07-14T09:43:22.6871960+03:00,A30000000000000000000000,,1,"-68,5","865,7",Speedwayr-15-32-c2,"1,4879613642490719",
2025-07-14T09:43:22.6939690+03:00,A30000000000000000000000,,1,-64,"865,7",Speedwayr-15-32-c2,"1,4603497100671303",
2025-07-14T09:43:22.6992270+03:00,A40000000000000000000000,,1,"-67,5","865,7",Speedwayr-15-32-c2,"2,675262494072558",
2025-07-14T09:43:22.7274150+03:00,A40000000000000000000000,,1,-67,"865,7",Speedwayr-15-32-c2,"2,6691265709210157",
2025-07-14T09:43:22.7289260+03:00,A30000000000000000000000,,1,-68,"865,7",Speedwayr-15-32-c2,"1,4296700943094176",
2025-07-14T09:43:22.7480090+03:00,A30000000000000000000000,,1,-67,"865,7",Speedwayr-15-32-c2,"1,533980787885641",
2025-07-14T09:43:22.7493070+03:00,A40000000000000000000000,,1,"-66,5","865,7",Speedwayr-15-32-c2,"2,718213956133356",
2025-07-14T09:43:22.7675250+03:00,A40000000000000000000000,,1,-67,"865,7",Speedwayr-15-32-c2,"2,7979809571034093",
2025-07-14T09:43:22.7890190+03:00,A40000000000000000000000,,1,-67,"865,7",Speedwayr-15-32-c2,"2,6691265709210157",
2025-07-14T09:43:22.8090580+03:00,A40000000000000000000000,,1,"-66,5","865,7",Speedwayr-15-32-c2,"2,8409324191642074",
2025-07-14T09:43:22.8144520+03:00,A30000000000000000000000,,1,"-61,5","865,7",Speedwayr-15-32-c2,"1,3314953238847365",
2025-07-14T09:43:22.8378570+03:00,A40000000000000000000000,,1,-67,"865,7",Speedwayr-15-32-c2,"2,724349879284899",
2025-07-14T09:43:22.8587260+03:00,A30000000000000000000000,,1,-69,"865,7",Speedwayr-15-32-c2,"1,5155730184310134",
2025-07-14T09:43:22.8647510+03:00,A40000000000000000000000,,1,"-66,5","865,7",Speedwayr-15-32-c2,"2,724349879284899",
2025-07-14T09:43:22.8968720+03:00,A40000000000000000000000,,1,"-66,5","865,7",Speedwayr-15-32-c2,"5,755495916146925",
2025-07-14T09:43:22.8996880+03:00,A30000000000000000000000,,1,-69,"865,7",Speedwayr-15-32-c2,"1,53091282630987",
2025-07-14T09:43:22.9078740+03:00,A30000000000000000000000,,1,"-68,5","865,7",Speedwayr-15-32-c2,"1,4358060174609601",
2025-07-14T09:43:22.9091840+03:00,A40000000000000000000000,,1,-67,"865,7",Speedwayr-15-32-c2,"2,5034566458293663",
2025-07-14T09:43:22.9272950+03:00,A40000000000000000000000,,1,-66,"865,7",Speedwayr-15-32-c2,"2,6200391857086753",
2025-07-14T09:43:22.9305690+03:00,A30000000000000000000000,,1,"-67,5","865,7",Speedwayr-15-32-c2,"1,5585244804918115",
2025-07-14T09:43:22.9400870+03:00,A70000000000000000000000,,1,-75,"865,7",Speedwayr-15-32-c2,"5,954913418572059",
2025-07-14T09:43:22.9580960+03:00,A30000000000000000000000,,1,"-66,5","865,7",Speedwayr-15-32-c2,"1,705786636128833",
2025-07-14T09:43:22.9591640+03:00,A40000000000000000000000,,1,"-66,5","865,7",Speedwayr-15-32-c2,"2,988194574801229",
2025-07-14T09:43:22.9804520+03:00,A30000000000000000000000,,1,"-67,5","865,7",Speedwayr-15-32-c2,"1,8223691760081417",
2025-07-14T09:43:22.9880570+03:00,A40000000000000000000000,,1,"-65,5","865,7",Speedwayr-15-32-c2,"2,705942109830271",
2025-07-14T09:43:23.0082110+03:00,A30000000000000000000000,,1,-68,"865,7",Speedwayr-15-32-c2,"1,5585244804918115",
2025-07-14T09:43:23.0188020+03:00,A40000000000000000000000,,1,-67,"865,7",Speedwayr-15-32-c2,"5,819923109238123",
2025-07-14T09:43:23.0381060+03:00,A40000000000000000000000,,1,"-66,5","865,7",Speedwayr-15-32-c2,"2,6016314162540475",
2025-07-14T09:43:23.0602690+03:00,A30000000000000000000000,,1,-69,"865,7",Speedwayr-15-32-c2,"1,4358060174609601",
2025-07-14T09:43:23.0624170+03:00,A40000000000000000000000,,1,-65,"865,7",Speedwayr-15-32-c2,"2,6875343403756435",
2025-07-14T09:43:23.0823070+03:00,A40000000000000000000000,,1,"-63,5","865,7",Speedwayr-15-32-c2,"2,6813984172241008",
2025-07-14T09:43:23.1068220+03:00,A40000000000000000000000,,1,"-66,5","865,7",Speedwayr-15-32-c2,"2,6200391857086753",
2025-07-14T09:43:23.1092600+03:00,A30000000000000000000000,,1,-67,"865,7",Speedwayr-15-32-c2,"1,3989904785517047",
2025-07-14T09:43:23.1271520+03:00,A30000000000000000000000,,1,-68,"865,7",Speedwayr-15-32-c2,"1,423534171157875",
2025-07-14T09:43:23.1379950+03:00,A40000000000000000000000,,1,-67,"865,7",Speedwayr-15-32-c2,"2,564815877344792",
2025-07-14T09:43:23.1587900+03:00,A40000000000000000000000,,1,"-66,5","865,7",Speedwayr-15-32-c2,"2,4727770300716534",
2025-07-14T09:43:23.1616350+03:00,A30000000000000000000000,,1,-67,"865,7",Speedwayr-15-32-c2,"0,9019807032767571",
2025-07-14T09:43:23.1788770+03:00,A40000000000000000000000,,1,-67,"865,7",Speedwayr-15-32-c2,"2,564815877344792",
2025-07-14T09:43:23.1885960+03:00,A30000000000000000000000,,1,-68,"865,7",Speedwayr-15-32-c2,"1,3314953238847365",
2025-07-14T09:43:23.2074000+03:00,A40000000000000000000000,,1,"-66,5","865,7",Speedwayr-15-32-c2,"2,5586799541932495",
2025-07-14T09:43:23.2098900+03:00,A70000000000000000000000,,1,-74,"865,7",Speedwayr-15-32-c2,"5,6573211457222445",
2025-07-14T09:43:23.2115810+03:00,A30000000000000000000000,,1,"-67,5","865,7",Speedwayr-15-32-c2,"1,380582709097077",
2025-07-14T09:43:23.2380170+03:00,A40000000000000000000000,,1,-67,"865,7",Speedwayr-15-32-c2,"2,650718801466388",
2025-07-14T09:43:23.2456130+03:00,A30000000000000000000000,,1,-68,"865,7",Speedwayr-15-32-c2,"1,2455923997631406",
2025-07-14T09:43:23.2681670+03:00,A40000000000000000000000,,1,"-66,5","865,7",Speedwayr-15-32-c2,"2,4605051837685683",
2025-07-14T09:43:23.2693110+03:00,A30000000000000000000000,,1,-68,"865,7",Speedwayr-15-32-c2,"1,3192234775816514",
2025-07-14T09:43:23.2874610+03:00,A40000000000000000000000,,1,"-66,5","865,7",Speedwayr-15-32-c2,"2,5034566458293663",
2025-07-14T09:43:23.2907170+03:00,A30000000000000000000000,,1,"-64,5","865,7",Speedwayr-15-32-c2,"1,368310862793992",
2025-07-14T09:43:23.2990160+03:00,A70000000000000000000000,,1,-75,"865,7",Speedwayr-15-32-c2,"2,9114955354069467",
2025-07-14T09:43:23.3267950+03:00,A40000000000000000000000,,1,-67,"865,7",Speedwayr-15-32-c2,"2,466641106920111",
2025-07-14T09:43:23.3471970+03:00,A40000000000000000000000,,1,-67,"865,7",Speedwayr-15-32-c2,"2,6261751088602177",
2025-07-14T09:43:23.3675190+03:00,A40000000000000000000000,,1,-67,"865,7",Speedwayr-15-32-c2,"2,478912953223196",
2025-07-14T09:43:23.3686170+03:00,A30000000000000000000000,,1,"-67,5","865,7",Speedwayr-15-32-c2,"1,3437671701878218",
2025-07-14T09:43:23.3798980+03:00,A70000000000000000000000,,1,"-73,5","865,7",Speedwayr-15-32-c2,"5,878214379177777",
2025-07-14T09:43:23.3969140+03:00,A30000000000000000000000,,1,"-68,5","865,7",Speedwayr-15-32-c2,"1,368310862793992",
2025-07-14T09:43:23.3992400+03:00,A40000000000000000000000,,1,-67,"865,7",Speedwayr-15-32-c2,"2,6875343403756435",
2025-07-14T09:43:23.4198360+03:00,A30000000000000000000000,,1,-68,"865,7",Speedwayr-15-32-c2,"1,2455923997631406",
2025-07-14T09:43:23.4484570+03:00,A40000000000000000000000,,1,-67,"865,7",Speedwayr-15-32-c2,"2,6323110320117604",
2025-07-14T09:43:23.4697570+03:00,A70000000000000000000000,,1,"-74,5","865,7",Speedwayr-15-32-c2,"6,010136726935942",
2025-07-14T09:43:23.4774670+03:00,A40000000000000000000000,,1,"-65,5","865,7",Speedwayr-15-32-c2,"2,141437179888355",
2025-07-14T09:43:23.4788370+03:00,A30000000000000000000000,,1,"-68,5","865,7",Speedwayr-15-32-c2,"0,803805932852076",
2025-07-14T09:43:23.5021250+03:00,A30000000000000000000000,,1,-66,"865,7",Speedwayr-15-32-c2,"0,8835729338221293",
2025-07-14T09:43:23.5085380+03:00,A40000000000000000000000,,1,"-66,5","865,7",Speedwayr-15-32-c2,"2,4850488763747385",
2025-07-14T09:43:23.5273610+03:00,A40000000000000000000000,,1,"-66,5","865,7",Speedwayr-15-32-c2,"2,521864415283994",
2025-07-14T09:43:23.5297390+03:00,A30000000000000000000000,,1,-68,"865,7",Speedwayr-15-32-c2,"0,9756117810952678",
2025-07-14T09:43:23.5674560+03:00,A40000000000000000000000,,1,"-66,5","865,7",Speedwayr-15-32-c2,"2,6813984172241008",
2025-07-14T09:43:23.5792120+03:00,A70000000000000000000000,,1,"-73,5","865,7",Speedwayr-15-32-c2,"5,7524279545711545",
2025-07-14T09:43:23.5868770+03:00,A30000000000000000000000,,1,"-67,5","865,7",Speedwayr-15-32-c2,"1,2455923997631406",
2025-07-14T09:43:23.5974180+03:00,A40000000000000000000000,,1,"-66,5","865,7",Speedwayr-15-32-c2,"2,399145952253143",
2025-07-14T09:43:23.5985050+03:00,A70000000000000000000000,,1,"-74,5","865,7",Speedwayr-15-32-c2,"6,0991076126333095",
