// 18/07/2025 14.24.53
// ReaderName=Speedwayr-15-32-c2, AntennaIDs=1, InventoryMode=DualTarget, ModeIndex=1003, Population=32, PowerInDbm=31,5, Session=2
// Timestamp, EPC, TID, Antenna, RSSI, Frequency, Hostname, PhaseAngle, DopplerFrequency
2025-07-18T14:38:47.1377830+03:00,A80000000000000000000000,,1,"-65,5","865,7",Speedwayr-15-32-c2,"0,34974761963792617",
2025-07-18T14:38:47.1461950+03:00,A60000000000000000000000,,1,"-70,5","865,7",Speedwayr-15-32-c2,"5,1725832167503825",
2025-07-18T14:38:47.1779360+03:00,A80000000000000000000000,,1,-67,"865,7",Speedwayr-15-32-c2,"0,06135923151542565",
2025-07-18T14:38:47.1927090+03:00,A60000000000000000000000,,1,"-70,5","865,7",Speedwayr-15-32-c2,"2,2120002961310945",
2025-07-18T14:38:47.2065880+03:00,A60000000000000000000000,,1,"-69,5","865,7",Speedwayr-15-32-c2,"5,405748296509",
2025-07-18T14:38:47.2076910+03:00,A80000000000000000000000,,1,-66,"865,7",Speedwayr-15-32-c2,"0,1043106935762236",
2025-07-18T14:38:47.2262230+03:00,A80000000000000000000000,,1,-64,"865,7",Speedwayr-15-32-c2,"0,1718058482431918",
2025-07-18T14:38:47.2286170+03:00,A60000000000000000000000,,1,"-68,5","865,7",Speedwayr-15-32-c2,"5,5100589900852235",
2025-07-18T14:38:47.2452920+03:00,A80000000000000000000000,,1,-65,"865,7",Speedwayr-15-32-c2,"0,01227184630308513",
2025-07-18T14:38:47.2466190+03:00,A60000000000000000000000,,1,"-68,5","865,7",Speedwayr-15-32-c2,"5,405748296509",
2025-07-18T14:38:47.2656640+03:00,A60000000000000000000000,,1,-70,"865,7",Speedwayr-15-32-c2,"5,491651220630596",
2025-07-18T14:38:47.2674510+03:00,A80000000000000000000000,,1,-66,"865,7",Speedwayr-15-32-c2,"0,01227184630308513",
2025-07-18T14:38:47.2856190+03:00,A80000000000000000000000,,1,"-66,5","865,7",Speedwayr-15-32-c2,"0,04295146206079795",
2025-07-18T14:38:47.2883360+03:00,A60000000000000000000000,,1,-70,"865,7",Speedwayr-15-32-c2,"4,933282213840222",
2025-07-18T14:38:47.3071030+03:00,A60000000000000000000000,,1,-70,"865,7",Speedwayr-15-32-c2,"5,632777453116074",
2025-07-18T14:38:47.3082000+03:00,A80000000000000000000000,,1,"-64,5","865,7",Speedwayr-15-32-c2,"0,1595340019401067",
2025-07-18T14:38:47.3253570+03:00,A80000000000000000000000,,1,"-65,5","865,7",Speedwayr-15-32-c2,"0,11044661672776616",
2025-07-18T14:38:47.3269680+03:00,A60000000000000000000000,,1,-70,"865,7",Speedwayr-15-32-c2,"5,773903685601553",
2025-07-18T14:38:47.3460490+03:00,A60000000000000000000000,,1,-68,"865,7",Speedwayr-15-32-c2,"5,915029918087033",
2025-07-18T14:38:47.3471920+03:00,A80000000000000000000000,,1,-66,"865,7",Speedwayr-15-32-c2,"0,15339807878856412",
2025-07-18T14:38:47.3660590+03:00,A60000000000000000000000,,1,-71,"865,7",Speedwayr-15-32-c2,"6,086835766330224",
2025-07-18T14:38:47.3752050+03:00,A80000000000000000000000,,1,-67,"865,7",Speedwayr-15-32-c2,"0,30679615757712825",
2025-07-18T14:38:47.3952090+03:00,A80000000000000000000000,,1,-67,"865,7",Speedwayr-15-32-c2,"0,34974761963792617",
2025-07-18T14:38:47.4173480+03:00,A80000000000000000000000,,1,-66,"865,7",Speedwayr-15-32-c2,"0,34974761963792617",
2025-07-18T14:38:47.4341670+03:00,A80000000000000000000000,,1,-66,"865,7",Speedwayr-15-32-c2,"0,4295146206079795",
2025-07-18T14:38:47.4584500+03:00,A80000000000000000000000,,1,"-65,5","865,7",Speedwayr-15-32-c2,"0,5645049299419159",
2025-07-18T14:38:47.4761930+03:00,A80000000000000000000000,,1,-65,"865,7",Speedwayr-15-32-c2,"0,5154175447295755",
2025-07-18T14:38:47.4959560+03:00,A80000000000000000000000,,1,"-65,5","865,7",Speedwayr-15-32-c2,"0,705631162427395",
2025-07-18T14:38:47.5167640+03:00,A80000000000000000000000,,1,-66,"865,7",Speedwayr-15-32-c2,"0,9387962421860124",
2025-07-18T14:38:47.5350630+03:00,A80000000000000000000000,,1,"-65,5","865,7",Speedwayr-15-32-c2,"1,0185632431560658",
2025-07-18T14:38:47.5527010+03:00,A80000000000000000000000,,1,"-65,5","865,7",Speedwayr-15-32-c2,"1,325359400733194",
2025-07-18T14:38:47.5691390+03:00,A80000000000000000000000,,1,"-65,5","865,7",Speedwayr-15-32-c2,"1,6321555583103222",
2025-07-18T14:38:47.5878130+03:00,A80000000000000000000000,,1,-64,"865,7",Speedwayr-15-32-c2,"1,8837284075235674",
2025-07-18T14:38:47.6065480+03:00,A80000000000000000000000,,1,"-66,5","865,7",Speedwayr-15-32-c2,"1,9941750242513334",
2025-07-18T14:38:47.6251570+03:00,A80000000000000000000000,,1,"-66,5","865,7",Speedwayr-15-32-c2,"2,552544031041707",
2025-07-18T14:38:47.6476610+03:00,A80000000000000000000000,,1,-66,"865,7",Speedwayr-15-32-c2,"2,730485802436441",
2025-07-18T14:38:47.6653490+03:00,A80000000000000000000000,,1,"-65,5","865,7",Speedwayr-15-32-c2,"3,1968159619536762",
2025-07-18T14:38:47.6770630+03:00,A60000000000000000000000,,1,-72,"865,7",Speedwayr-15-32-c2,"0,23930100291016002",
2025-07-18T14:38:47.6893080+03:00,A80000000000000000000000,,1,"-66,5","865,7",Speedwayr-15-32-c2,"3,3379421944391554",
2025-07-18T14:38:47.6953870+03:00,A60000000000000000000000,,1,-68,"865,7",Speedwayr-15-32-c2,"0,1349903093339364",
2025-07-18T14:38:47.7163520+03:00,A80000000000000000000000,,1,-67,"865,7",Speedwayr-15-32-c2,"3,6263305825616556",
2025-07-18T14:38:47.7308610+03:00,A60000000000000000000000,,1,"-67,5","865,7",Speedwayr-15-32-c2,"0,06135923151542565",
2025-07-18T14:38:47.7365910+03:00,A60000000000000000000000,,1,"-68,5","865,7",Speedwayr-15-32-c2,"0,16566992509164924",
2025-07-18T14:38:47.7471380+03:00,A80000000000000000000000,,1,-70,"865,7",Speedwayr-15-32-c2,"3,6539422367435974",
2025-07-18T14:38:47.7658820+03:00,A60000000000000000000000,,1,"-66,5","865,7",Speedwayr-15-32-c2,"6,056156150572511",
2025-07-18T14:38:47.7682810+03:00,A80000000000000000000000,,1,-69,"865,7",Speedwayr-15-32-c2,"4,166291819897402",
2025-07-18T14:38:47.7942840+03:00,A60000000000000000000000,,1,"-66,5","865,7",Speedwayr-15-32-c2,"6,019340611663256",
2025-07-18T14:38:47.8070530+03:00,60820101D7224204EA5FEA78,,1,"-66,5","865,7",Speedwayr-15-32-c2,"0,11965050145508001",
2025-07-18T14:38:47.8153780+03:00,A70000000000000000000000,,1,"-70,5","865,7",Speedwayr-15-32-c2,"5,565282298449106",
2025-07-18T14:38:47.8176300+03:00,A60000000000000000000000,,1,-67,"865,7",Speedwayr-15-32-c2,"5,878214379177777",
2025-07-18T14:38:47.8356280+03:00,60820101D7224204EA5FEA78,,1,"-66,5","865,7",Speedwayr-15-32-c2,"0,1718058482431918",
2025-07-18T14:38:47.8450510+03:00,A60000000000000000000000,,1,"-66,5","865,7",Speedwayr-15-32-c2,"5,577554144752192",
2025-07-18T14:38:47.8465420+03:00,A70000000000000000000000,,1,"-68,5","865,7",Speedwayr-15-32-c2,"5,841398840268521",
2025-07-18T14:38:47.8839490+03:00,A60000000000000000000000,,1,"-68,5","865,7",Speedwayr-15-32-c2,"2,3101750665557756",
2025-07-18T14:38:47.8855100+03:00,A70000000000000000000000,,1,-68,"865,7",Speedwayr-15-32-c2,"6,040816342693655",
2025-07-18T14:38:47.8943190+03:00,A60000000000000000000000,,1,-63,"865,7",Speedwayr-15-32-c2,"5,240078371417351",
2025-07-18T14:38:47.8980710+03:00,A70000000000000000000000,,1,-67,"865,7",Speedwayr-15-32-c2,"0,1349903093339364",
2025-07-18T14:38:47.9070290+03:00,60820101D7224204EA5FEA78,,1,"-66,5","865,7",Speedwayr-15-32-c2,"0,19634954084936207",
2025-07-18T14:38:47.9156750+03:00,A70000000000000000000000,,1,-67,"865,7",Speedwayr-15-32-c2,"0,14726215563702155",
2025-07-18T14:38:47.9191640+03:00,A60000000000000000000000,,1,"-66,5","865,7",Speedwayr-15-32-c2,"5,080544369477243",
2025-07-18T14:38:47.9264780+03:00,60820101D7224204EA5FEA78,,1,-66,"865,7",Speedwayr-15-32-c2,"0,11965050145508001",
2025-07-18T14:38:47.9363330+03:00,A70000000000000000000000,,1,-66,"865,7",Speedwayr-15-32-c2,"0,04295146206079795",
2025-07-18T14:38:47.9415440+03:00,A60000000000000000000000,,1,"-66,5","865,7",Speedwayr-15-32-c2,"5,037592907416445",
2025-07-18T14:38:47.9651390+03:00,A70000000000000000000000,,1,"-66,5","865,7",Speedwayr-15-32-c2,"0,07363107781851078",
2025-07-18T14:38:47.9664090+03:00,A60000000000000000000000,,1,-68,"865,7",Speedwayr-15-32-c2,"5,043728830567988",
2025-07-18T14:38:47.9764950+03:00,60820101D7224204EA5FEA78,,1,"-66,5","865,7",Speedwayr-15-32-c2,"0,24850488763747386",
2025-07-18T14:38:47.9864350+03:00,A70000000000000000000000,,1,-67,"865,7",Speedwayr-15-32-c2,"0,4295146206079795",
2025-07-18T14:38:47.9878160+03:00,A60000000000000000000000,,1,"-67,5","865,7",Speedwayr-15-32-c2,"4,878058905476339",
2025-07-18T14:38:48.0036080+03:00,60820101D7224204EA5FEA78,,1,"-65,5","865,7",Speedwayr-15-32-c2,"0,2638446955163303",
2025-07-18T14:38:48.0075950+03:00,A60000000000000000000000,,1,"-67,5","865,7",Speedwayr-15-32-c2,"4,884194828627882",
2025-07-18T14:38:48.0128960+03:00,A70000000000000000000000,,1,"-65,5","865,7",Speedwayr-15-32-c2,"0,3129320807286708",
2025-07-18T14:38:48.0203080+03:00,60820101D7224204EA5FEA78,,1,-66,"865,7",Speedwayr-15-32-c2,"6,258641614573416",
2025-07-18T14:38:48.0379430+03:00,A70000000000000000000000,,1,-66,"865,7",Speedwayr-15-32-c2,"0,2086213871524472",
2025-07-18T14:38:48.0460020+03:00,A60000000000000000000000,,1,-68,"865,7",Speedwayr-15-32-c2,"5,240078371417351",
2025-07-18T14:38:48.0578910+03:00,60820101D7224204EA5FEA78,,1,-66,"865,7",Speedwayr-15-32-c2,"0,08283496254582462",
2025-07-18T14:38:48.0660780+03:00,A70000000000000000000000,,1,-66,"865,7",Speedwayr-15-32-c2,"0,16566992509164924",
2025-07-18T14:38:48.0758480+03:00,A60000000000000000000000,,1,-68,"865,7",Speedwayr-15-32-c2,"4,828971520263998",
2025-07-18T14:38:48.0837640+03:00,60820101D7224204EA5FEA78,,1,-66,"865,7",Speedwayr-15-32-c2,"0,22089323345553233",
2025-07-18T14:38:48.0917290+03:00,A70000000000000000000000,,1,"-66,5","865,7",Speedwayr-15-32-c2,"0,4540583132141498",
2025-07-18T14:38:48.0960470+03:00,A60000000000000000000000,,1,-65,"865,7",Speedwayr-15-32-c2,"4,847379289718626",
2025-07-18T14:38:48.1194840+03:00,A70000000000000000000000,,1,"-65,5","865,7",Speedwayr-15-32-c2,"0,4049709280018093",
2025-07-18T14:38:48.1245150+03:00,A60000000000000000000000,,1,"-63,5","865,7",Speedwayr-15-32-c2,"4,908738521234052",
2025-07-18T14:38:48.1358340+03:00,60820101D7224204EA5FEA78,,1,-66,"865,7",Speedwayr-15-32-c2,"0,28532042654672923",
2025-07-18T14:38:48.1415220+03:00,A70000000000000000000000,,1,"-65,5","865,7",Speedwayr-15-32-c2,"0,12885438618239387",
2025-07-18T14:38:48.1481150+03:00,A60000000000000000000000,,1,"-67,5","865,7",Speedwayr-15-32-c2,"5,013049214810275",
2025-07-18T14:38:48.1561980+03:00,60820101D7224204EA5FEA78,,1,-66,"865,7",Speedwayr-15-32-c2,"3,4944082348034904",
2025-07-18T14:38:48.1664360+03:00,A80000000000000000000000,,1,-74,"865,7",Speedwayr-15-32-c2,"5,35972887287243",
2025-07-18T14:38:48.1733790+03:00,A60000000000000000000000,,1,-67,"865,7",Speedwayr-15-32-c2,"4,620350133111551",
2025-07-18T14:38:48.1752910+03:00,A70000000000000000000000,,1,-66,"865,7",Speedwayr-15-32-c2,"0,16566992509164924",
2025-07-18T14:38:48.1870950+03:00,A80000000000000000000000,,1,"-74,5","865,7",Speedwayr-15-32-c2,"5,132699716265355",
2025-07-18T14:38:48.1933790+03:00,60820101D7224204EA5FEA78,,1,-66,"865,7",Speedwayr-15-32-c2,"0,28532042654672923",
2025-07-18T14:38:48.2057240+03:00,A60000000000000000000000,,1,-66,"865,7",Speedwayr-15-32-c2,"4,313553975534423",
2025-07-18T14:38:48.2169150+03:00,60820101D7224204EA5FEA78,,1,-66,"865,7",Speedwayr-15-32-c2,"0,1718058482431918",
2025-07-18T14:38:48.2245200+03:00,A80000000000000000000000,,1,"-72,5","865,7",Speedwayr-15-32-c2,"4,911806482809823",
2025-07-18T14:38:48.2354580+03:00,A70000000000000000000000,,1,-66,"865,7",Speedwayr-15-32-c2,"0,2945243112740431",
2025-07-18T14:38:48.2550800+03:00,60820101D7224204EA5FEA78,,1,"-66,5","865,7",Speedwayr-15-32-c2,"0,27304858024364415",
2025-07-18T14:38:48.2591500+03:00,A60000000000000000000000,,1,-69,"865,7",Speedwayr-15-32-c2,"0,7240389318820226",
2025-07-18T14:38:48.2655040+03:00,A80000000000000000000000,,1,"-72,5","865,7",Speedwayr-15-32-c2,"5,043728830567988",
2025-07-18T14:38:48.2757360+03:00,A70000000000000000000000,,1,-67,"865,7",Speedwayr-15-32-c2,"0,0859029241215959",
2025-07-18T14:38:48.2772230+03:00,A60000000000000000000000,,1,"-68,5","865,7",Speedwayr-15-32-c2,"4,01902966426038",
2025-07-18T14:38:48.2882000+03:00,60820101D7224204EA5FEA78,,1,"-66,5","865,7",Speedwayr-15-32-c2,"0,2239611950313036",
2025-07-18T14:38:48.2956610+03:00,A80000000000000000000000,,1,-73,"865,7",Speedwayr-15-32-c2,"2,1690488340702965",
2025-07-18T14:38:48.3167470+03:00,60820101D7224204EA5FEA78,,1,"-66,5","865,7",Speedwayr-15-32-c2,"0,26691265709210155",
2025-07-18T14:38:48.3245670+03:00,A70000000000000000000000,,1,"-68,5","865,7",Speedwayr-15-32-c2,"0,18407769454627693",
2025-07-18T14:38:48.3276930+03:00,A80000000000000000000000,,1,"-72,5","865,7",Speedwayr-15-32-c2,"5,102020100507643",
2025-07-18T14:38:48.3325170+03:00,A60000000000000000000000,,1,-69,"865,7",Speedwayr-15-32-c2,"0,48473792897186263",
2025-07-18T14:38:48.3569560+03:00,A60000000000000000000000,,1,"-69,5","865,7",Speedwayr-15-32-c2,"0,5583690067903734",
2025-07-18T14:38:48.3634800+03:00,A80000000000000000000000,,1,"-71,5","865,7",Speedwayr-15-32-c2,"4,890330751779424",
2025-07-18T14:38:48.3655190+03:00,A70000000000000000000000,,1,-70,"865,7",Speedwayr-15-32-c2,"0,018407769454627694",
2025-07-18T14:38:48.3855670+03:00,A60000000000000000000000,,1,"-69,5","865,7",Speedwayr-15-32-c2,"0,3650874275167826",
2025-07-18T14:38:48.3879260+03:00,A70000000000000000000000,,1,-71,"865,7",Speedwayr-15-32-c2,"0,02761165418194154",
2025-07-18T14:38:48.3895380+03:00,60820101D7224204EA5FEA78,,1,-66,"865,7",Speedwayr-15-32-c2,"0,15339807878856412",
2025-07-18T14:38:48.3938310+03:00,A80000000000000000000000,,1,-72,"865,7",Speedwayr-15-32-c2,"4,884194828627882",
2025-07-18T14:38:48.4061280+03:00,A60000000000000000000000,,1,"-67,5","865,7",Speedwayr-15-32-c2,"3,5465635815916023",
2025-07-18T14:38:48.4157940+03:00,60820101D7224204EA5FEA78,,1,"-66,5","865,7",Speedwayr-15-32-c2,"6,22182607566416",
2025-07-18T14:38:48.4251460+03:00,A80000000000000000000000,,1,-72,"865,7",Speedwayr-15-32-c2,"4,798291904506286",
2025-07-18T14:38:48.4366650+03:00,A60000000000000000000000,,1,-67,"865,7",Speedwayr-15-32-c2,"3,436116964863836",
2025-07-18T14:38:48.4575250+03:00,A70000000000000000000000,,1,-71,"865,7",Speedwayr-15-32-c2,"6,000932842208628",
2025-07-18T14:38:48.4672370+03:00,60820101D7224204EA5FEA78,,1,-66,"865,7",Speedwayr-15-32-c2,"0,12885438618239387",
2025-07-18T14:38:48.4751400+03:00,A80000000000000000000000,,1,"-71,5","865,7",Speedwayr-15-32-c2,"1,368310862793992",
2025-07-18T14:38:48.4970810+03:00,60820101D7224204EA5FEA78,,1,-66,"865,7",Speedwayr-15-32-c2,"0,20248546400090464",
2025-07-18T14:38:48.5050260+03:00,A60000000000000000000000,,1,"-67,5","865,7",Speedwayr-15-32-c2,"0,0030679615757712823",
2025-07-18T14:38:48.5073960+03:00,A70000000000000000000000,,1,-73,"865,7",Speedwayr-15-32-c2,"5,9610493417236015",
2025-07-18T14:38:48.5136070+03:00,A60000000000000000000000,,1,"-66,5","865,7",Speedwayr-15-32-c2,"3,1661363461959633",
2025-07-18T14:38:48.5257690+03:00,A80000000000000000000000,,1,"-71,5","865,7",Speedwayr-15-32-c2,"1,1351457830353744",
2025-07-18T14:38:48.5355590+03:00,60820101D7224204EA5FEA78,,1,"-65,5","865,7",Speedwayr-15-32-c2,"0,16873788666742054",
2025-07-18T14:38:48.5371460+03:00,A70000000000000000000000,,1,-74,"865,7",Speedwayr-15-32-c2,"5,663457068873787",
2025-07-18T14:38:48.5470960+03:00,A60000000000000000000000,,1,-64,"865,7",Speedwayr-15-32-c2,"3,141592653589793",
2025-07-18T14:38:48.5661710+03:00,60820101D7224204EA5FEA78,,1,-66,"865,7",Speedwayr-15-32-c2,"0,16260196351587797",
2025-07-18T14:38:48.5681580+03:00,A70000000000000000000000,,1,-74,"865,7",Speedwayr-15-32-c2,"2,5893595699509624",
2025-07-18T14:38:48.5771130+03:00,A80000000000000000000000,,1,"-70,5","865,7",Speedwayr-15-32-c2,"4,13868016571546",
2025-07-18T14:38:48.5863910+03:00,A60000000000000000000000,,1,"-66,5","865,7",Speedwayr-15-32-c2,"2,8838838812250054",
2025-07-18T14:38:48.5978860+03:00,A80000000000000000000000,,1,"-70,5","865,7",Speedwayr-15-32-c2,"0,6749515466696822",
2025-07-18T14:38:48.6099280+03:00,60820101D7224204EA5FEA78,,1,-65,"865,7",Speedwayr-15-32-c2,"0,260776733940559",
2025-07-18T14:38:48.6195310+03:00,A60000000000000000000000,,1,"-66,5","865,7",Speedwayr-15-32-c2,"3,399301425954581",
2025-07-18T14:38:48.6254960+03:00,A80000000000000000000000,,1,"-65,5","865,7",Speedwayr-15-32-c2,"1,1535535524900022",
2025-07-18T14:38:48.6344370+03:00,60820101D7224204EA5FEA78,,1,-65,"865,7",Speedwayr-15-32-c2,"0,07363107781851078",
2025-07-18T14:38:48.6465370+03:00,A80000000000000000000000,,1,-69,"865,7",Speedwayr-15-32-c2,"0,9940195505498954",
2025-07-18T14:38:48.6476690+03:00,A60000000000000000000000,,1,-65,"865,7",Speedwayr-15-32-c2,"3,0372819600135696",
2025-07-18T14:38:48.6548730+03:00,60820101D7224204EA5FEA78,,1,-66,"865,7",Speedwayr-15-32-c2,"6,270913460876501",
2025-07-18T14:38:48.6668160+03:00,A60000000000000000000000,,1,"-66,5","865,7",Speedwayr-15-32-c2,"3,0925052683774528",
2025-07-18T14:38:48.6765050+03:00,A80000000000000000000000,,1,"-67,5","865,7",Speedwayr-15-32-c2,"1,3560390164909069",
2025-07-18T14:38:48.6850210+03:00,60820101D7224204EA5FEA78,,1,-66,"865,7",Speedwayr-15-32-c2,"3,2459033471660166",
2025-07-18T14:38:48.6953380+03:00,A60000000000000000000000,,1,-65,"865,7",Speedwayr-15-32-c2,"3,1231848841351653",
2025-07-18T14:38:48.6971220+03:00,A80000000000000000000000,,1,-65,"865,7",Speedwayr-15-32-c2,"1,1290098598838318",
2025-07-18T14:38:48.7261790+03:00,A60000000000000000000000,,1,"-65,5","865,7",Speedwayr-15-32-c2,"3,074097498922825",
2025-07-18T14:38:48.7339340+03:00,60820101D7224204EA5FEA78,,1,-66,"865,7",Speedwayr-15-32-c2,"0,34974761963792617",
2025-07-18T14:38:48.7472500+03:00,A80000000000000000000000,,1,-66,"865,7",Speedwayr-15-32-c2,"1,4173982480063325",
2025-07-18T14:38:48.7544390+03:00,A60000000000000000000000,,1,-67,"865,7",Speedwayr-15-32-c2,"3,454524734318464",
2025-07-18T14:38:48.7649790+03:00,60820101D7224204EA5FEA78,,1,-66,"865,7",Speedwayr-15-32-c2,"0,16566992509164924",
2025-07-18T14:38:48.7811590+03:00,A80000000000000000000000,,1,"-66,5","865,7",Speedwayr-15-32-c2,"1,2241166687327416",
2025-07-18T14:38:48.7848780+03:00,A60000000000000000000000,,1,"-68,5","865,7",Speedwayr-15-32-c2,"0,28532042654672923",
2025-07-18T14:38:48.7864470+03:00,60820101D7224204EA5FEA78,,1,-66,"865,7",Speedwayr-15-32-c2,"0,1380582709097077",
2025-07-18T14:38:48.7914020+03:00,A80000000000000000000000,,1,-61,"865,7",Speedwayr-15-32-c2,"1,4664856332186729",
2025-07-18T14:38:48.7969040+03:00,A60000000000000000000000,,1,"-65,5","865,7",Speedwayr-15-32-c2,"3,5711072741977725",
2025-07-18T14:38:48.8049180+03:00,60820101D7224204EA5FEA78,,1,"-66,5","865,7",Speedwayr-15-32-c2,"6,240233845118788",
2025-07-18T14:38:48.8166650+03:00,A60000000000000000000000,,1,-69,"865,7",Speedwayr-15-32-c2,"3,724505352986337",
2025-07-18T14:38:48.8244880+03:00,A80000000000000000000000,,1,-67,"865,7",Speedwayr-15-32-c2,"1,303883669702795",
2025-07-18T14:38:48.8322550+03:00,60820101D7224204EA5FEA78,,1,"-65,5","865,7",Speedwayr-15-32-c2,"6,234097921967246",
2025-07-18T14:38:48.8379540+03:00,A80000000000000000000000,,1,"-64,5","865,7",Speedwayr-15-32-c2,"1,3560390164909069",
2025-07-18T14:38:48.8421900+03:00,A60000000000000000000000,,1,-64,"865,7",Speedwayr-15-32-c2,"3,448388811166921",
2025-07-18T14:38:48.8572140+03:00,60820101D7224204EA5FEA78,,1,-66,"865,7",Speedwayr-15-32-c2,"6,215690152512618",
2025-07-18T14:38:48.8658970+03:00,A80000000000000000000000,,1,-64,"865,7",Speedwayr-15-32-c2,"1,4664856332186729",
2025-07-18T14:38:48.8677440+03:00,A60000000000000000000000,,1,"-69,5","865,7",Speedwayr-15-32-c2,"3,9453985864418692",
2025-07-18T14:38:48.8747520+03:00,60820101D7224204EA5FEA78,,1,-66,"865,7",Speedwayr-15-32-c2,"0,1349903093339364",
2025-07-18T14:38:48.8843340+03:00,A80000000000000000000000,,1,"-63,5","865,7",Speedwayr-15-32-c2,"1,3560390164909069",
2025-07-18T14:38:48.8945030+03:00,A60000000000000000000000,,1,"-69,5","865,7",Speedwayr-15-32-c2,"4,086524818927348",
2025-07-18T14:38:48.9161390+03:00,A80000000000000000000000,,1,-65,"865,7",Speedwayr-15-32-c2,"1,184233168247715",
2025-07-18T14:38:48.9267300+03:00,A60000000000000000000000,,1,"-72,5","865,7",Speedwayr-15-32-c2,"4,853515212870168",
2025-07-18T14:38:48.9295440+03:00,60820101D7224204EA5FEA78,,1,-65,"865,7",Speedwayr-15-32-c2,"0,09510680884890975",
2025-07-18T14:38:48.9469450+03:00,A80000000000000000000000,,1,"-64,5","865,7",Speedwayr-15-32-c2,"1,1596894756415448",
2025-07-18T14:38:48.9620140+03:00,60820101D7224204EA5FEA78,,1,-66,"865,7",Speedwayr-15-32-c2,"0,14112623248547898",
2025-07-18T14:38:49.0063880+03:00,A80000000000000000000000,,1,"-66,5","865,7",Speedwayr-15-32-c2,"0,6688156235181395",
2025-07-18T14:38:49.0095810+03:00,60820101D7224204EA5FEA78,,1,-66,"865,7",Speedwayr-15-32-c2,"0,16260196351587797",
2025-07-18T14:38:49.0145140+03:00,A80000000000000000000000,,1,-64,"865,7",Speedwayr-15-32-c2,"0,607456392002714",
2025-07-18T14:38:49.0315810+03:00,60820101D7224204EA5FEA78,,1,-65,"865,7",Speedwayr-15-32-c2,"0,2975922728498144",
2025-07-18T14:38:49.0377460+03:00,A80000000000000000000000,,1,-66,"865,7",Speedwayr-15-32-c2,"0,37429131224409645",
2025-07-18T14:38:49.0652290+03:00,A80000000000000000000000,,1,"-64,5","865,7",Speedwayr-15-32-c2,"0,1227184630308513",
2025-07-18T14:38:49.0733680+03:00,60820101D7224204EA5FEA78,,1,-65,"865,7",Speedwayr-15-32-c2,"0,15339807878856412",
2025-07-18T14:38:49.0857490+03:00,A80000000000000000000000,,1,-65,"865,7",Speedwayr-15-32-c2,"0,01227184630308513",
2025-07-18T14:38:49.0977150+03:00,60820101D7224204EA5FEA78,,1,-66,"865,7",Speedwayr-15-32-c2,"0,07056311624273949",
2025-07-18T14:38:49.1066170+03:00,A80000000000000000000000,,1,-65,"865,7",Speedwayr-15-32-c2,"6,191146459906448",
2025-07-18T14:38:49.1180680+03:00,60820101D7224204EA5FEA78,,1,-66,"865,7",Speedwayr-15-32-c2,"0,15339807878856412",
2025-07-18T14:38:49.1270040+03:00,A80000000000000000000000,,1,-65,"865,7",Speedwayr-15-32-c2,"5,896622148632405",
2025-07-18T14:38:49.1374630+03:00,60820101D7224204EA5FEA78,,1,-66,"865,7",Speedwayr-15-32-c2,"0,17487380981896308",
2025-07-18T14:38:49.1453140+03:00,A80000000000000000000000,,1,-66,"865,7",Speedwayr-15-32-c2,"5,767767762450011",
2025-07-18T14:38:49.1536250+03:00,60820101D7224204EA5FEA78,,1,"-65,5","865,7",Speedwayr-15-32-c2,"0,28532042654672923",
2025-07-18T14:38:49.1662410+03:00,60820101D7224204EA5FEA78,,1,"-65,5","865,7",Speedwayr-15-32-c2,"0,19634954084936207",
2025-07-18T14:38:49.1733220+03:00,A80000000000000000000000,,1,-66,"865,7",Speedwayr-15-32-c2,"5,399612373357457",
2025-07-18T14:38:49.1862680+03:00,A60000000000000000000000,,1,"-69,5","865,7",Speedwayr-15-32-c2,"3,663146121470911",
2025-07-18T14:38:49.2069010+03:00,A80000000000000000000000,,1,-67,"865,7",Speedwayr-15-32-c2,"5,135767677841127",
2025-07-18T14:38:49.2089380+03:00,60820101D7224204EA5FEA78,,1,-63,"865,7",Speedwayr-15-32-c2,"0,3313398501832985",
2025-07-18T14:38:49.2149610+03:00,A60000000000000000000000,,1,"-69,5","865,7",Speedwayr-15-32-c2,"3,706097583531709",
2025-07-18T14:38:49.2280200+03:00,A80000000000000000000000,,1,-66,"865,7",Speedwayr-15-32-c2,"4,914874444385594",
2025-07-18T14:38:49.2310810+03:00,60820101D7224204EA5FEA78,,1,-64,"865,7",Speedwayr-15-32-c2,"0,21475731030398976",
2025-07-18T14:38:49.2350210+03:00,A60000000000000000000000,,1,"-68,5","865,7",Speedwayr-15-32-c2,"3,6017868899554855",
2025-07-18T14:38:49.2472090+03:00,A80000000000000000000000,,1,-66,"865,7",Speedwayr-15-32-c2,"4,884194828627882",
2025-07-18T14:38:49.2497160+03:00,60820101D7224204EA5FEA78,,1,-63,"865,7",Speedwayr-15-32-c2,"0,20248546400090464",
2025-07-18T14:38:49.2553370+03:00,A60000000000000000000000,,1,-68,"865,7",Speedwayr-15-32-c2,"4,0128937411088375",
2025-07-18T14:38:49.2732240+03:00,A80000000000000000000000,,1,-66,"865,7",Speedwayr-15-32-c2,"5,037592907416445",
2025-07-18T14:38:49.2746220+03:00,A60000000000000000000000,,1,"-68,5","865,7",Speedwayr-15-32-c2,"3,5588354278946874",
2025-07-18T14:38:49.2756750+03:00,60820101D7224204EA5FEA78,,1,"-64,5","865,7",Speedwayr-15-32-c2,"0,2270291566070749",
2025-07-18T14:38:49.2905630+03:00,A80000000000000000000000,,1,-64,"865,7",Speedwayr-15-32-c2,"4,706253057233147",
2025-07-18T14:38:49.2939030+03:00,60820101D7224204EA5FEA78,,1,"-64,5","865,7",Speedwayr-15-32-c2,"0,18407769454627693",
2025-07-18T14:38:49.2959140+03:00,A60000000000000000000000,,1,-70,"865,7",Speedwayr-15-32-c2,"3,472932503773092",
2025-07-18T14:38:49.3151160+03:00,60820101D7224204EA5FEA78,,1,-65,"865,7",Speedwayr-15-32-c2,"0,20248546400090464",
2025-07-18T14:38:49.3166270+03:00,A80000000000000000000000,,1,"-65,5","865,7",Speedwayr-15-32-c2,"4,448544284868359",
2025-07-18T14:38:49.3348530+03:00,A60000000000000000000000,,1,-70,"865,7",Speedwayr-15-32-c2,"0,18100973297050565",
2025-07-18T14:38:49.3449810+03:00,A80000000000000000000000,,1,-65,"865,7",Speedwayr-15-32-c2,"4,405592822807561",
2025-07-18T14:38:49.3469350+03:00,60820101D7224204EA5FEA78,,1,-65,"865,7",Speedwayr-15-32-c2,"0,2761165418194154",
2025-07-18T14:38:49.3550570+03:00,A60000000000000000000000,,1,"-69,5","865,7",Speedwayr-15-32-c2,"3,393165502803038",
2025-07-18T14:38:49.3750480+03:00,A80000000000000000000000,,1,-64,"865,7",Speedwayr-15-32-c2,"4,485359823777615",
2025-07-18T14:38:49.3768000+03:00,60820101D7224204EA5FEA78,,1,"-65,5","865,7",Speedwayr-15-32-c2,"0,18407769454627693",
2025-07-18T14:38:49.3871200+03:00,A60000000000000000000000,,1,-70,"865,7",Speedwayr-15-32-c2,"0,12578642460662257",
2025-07-18T14:38:49.4039840+03:00,A80000000000000000000000,,1,-65,"865,7",Speedwayr-15-32-c2,"4,381049130201391",
2025-07-18T14:38:49.4070190+03:00,60820101D7224204EA5FEA78,,1,"-64,5","865,7",Speedwayr-15-32-c2,"0,2086213871524472",
2025-07-18T14:38:49.4149680+03:00,A60000000000000000000000,,1,"-66,5","865,7",Speedwayr-15-32-c2,"3,147728576741336",
2025-07-18T14:38:49.4270140+03:00,A80000000000000000000000,,1,"-64,5","865,7",Speedwayr-15-32-c2,"4,2031073588066565",
2025-07-18T14:38:49.4360610+03:00,60820101D7224204EA5FEA78,,1,-64,"865,7",Speedwayr-15-32-c2,"0,14112623248547898",
2025-07-18T14:38:49.4371990+03:00,A60000000000000000000000,,1,-69,"865,7",Speedwayr-15-32-c2,"3,1231848841351653",
2025-07-18T14:38:49.4533620+03:00,60820101D7224204EA5FEA78,,1,"-64,5","865,7",Speedwayr-15-32-c2,"0,6013204688511713",
2025-07-18T14:38:49.4555490+03:00,A80000000000000000000000,,1,-64,"865,7",Speedwayr-15-32-c2,"4,135612204139688",
2025-07-18T14:38:49.4572430+03:00,A60000000000000000000000,,1,"-68,5","865,7",Speedwayr-15-32-c2,"2,767301341345697",
2025-07-18T14:38:49.4731140+03:00,A80000000000000000000000,,1,"-64,5","865,7",Speedwayr-15-32-c2,"4,147884050442774",
2025-07-18T14:38:49.4850320+03:00,60820101D7224204EA5FEA78,,1,"-64,5","865,7",Speedwayr-15-32-c2,"0,23316507975861744",
2025-07-18T14:38:49.4870430+03:00,A60000000000000000000000,,1,-68,"865,7",Speedwayr-15-32-c2,"3,2397674240144743",
2025-07-18T14:38:49.5045860+03:00,60820101D7224204EA5FEA78,,1,"-64,5","865,7",Speedwayr-15-32-c2,"0,2638446955163303",
2025-07-18T14:38:49.5061240+03:00,A80000000000000000000000,,1,"-63,5","865,7",Speedwayr-15-32-c2,"4,049709280018092",
2025-07-18T14:38:49.5077780+03:00,A60000000000000000000000,,1,-68,"865,7",Speedwayr-15-32-c2,"3,172272269347506",
2025-07-18T14:38:49.5232440+03:00,A80000000000000000000000,,1,-64,"865,7",Speedwayr-15-32-c2,"4,01902966426038",
2025-07-18T14:38:49.5249200+03:00,A60000000000000000000000,,1,-69,"865,7",Speedwayr-15-32-c2,"3,067961575771282",
2025-07-18T14:38:49.5262740+03:00,60820101D7224204EA5FEA78,,1,-65,"865,7",Speedwayr-15-32-c2,"0,32520392703175593",
2025-07-18T14:38:49.5430490+03:00,A60000000000000000000000,,1,"-67,5","865,7",Speedwayr-15-32-c2,"3,0495538063166547",
2025-07-18T14:38:49.5456820+03:00,A80000000000000000000000,,1,-64,"865,7",Speedwayr-15-32-c2,"3,988350048502667",
2025-07-18T14:38:49.5469090+03:00,60820101D7224204EA5FEA78,,1,-63,"865,7",Speedwayr-15-32-c2,"0,1718058482431918",
2025-07-18T14:38:49.5618000+03:00,60820101D7224204EA5FEA78,,1,-62,"865,7",Speedwayr-15-32-c2,"0,22089323345553233",
2025-07-18T14:38:49.5653170+03:00,A60000000000000000000000,,1,-66,"865,7",Speedwayr-15-32-c2,"3,0802334220743677",
2025-07-18T14:38:49.5664890+03:00,A80000000000000000000000,,1,-64,"865,7",Speedwayr-15-32-c2,"3,9822141253511245",
2025-07-18T14:38:49.5804690+03:00,A80000000000000000000000,,1,-64,"865,7",Speedwayr-15-32-c2,"4,0128937411088375",
2025-07-18T14:38:49.5857100+03:00,60820101D7224204EA5FEA78,,1,-64,"865,7",Speedwayr-15-32-c2,"0,06135923151542565",
2025-07-18T14:38:49.5869220+03:00,A60000000000000000000000,,1,-67,"865,7",Speedwayr-15-32-c2,"3,018874190558942",
2025-07-18T14:38:49.6028790+03:00,A80000000000000000000000,,1,-62,"865,7",Speedwayr-15-32-c2,"3,9208548938356986",
2025-07-18T14:38:49.6067170+03:00,60820101D7224204EA5FEA78,,1,"-64,5","865,7",Speedwayr-15-32-c2,"0,23316507975861744",
2025-07-18T14:38:49.6096520+03:00,A60000000000000000000000,,1,"-61,5","865,7",Speedwayr-15-32-c2,"3,129320807286708",
2025-07-18T14:38:49.6230640+03:00,60820101D7224204EA5FEA78,,1,-64,"865,7",Speedwayr-15-32-c2,"0,23930100291016002",
2025-07-18T14:38:49.6246880+03:00,A60000000000000000000000,,1,"-66,5","865,7",Speedwayr-15-32-c2,"2,9575149590435164",
2025-07-18T14:38:49.6448130+03:00,A80000000000000000000000,,1,-64,"865,7",Speedwayr-15-32-c2,"3,8840393549264434",
2025-07-18T14:38:49.6576700+03:00,A60000000000000000000000,,1,-68,"865,7",Speedwayr-15-32-c2,"6,191146459906448",
2025-07-18T14:38:49.6668560+03:00,A80000000000000000000000,,1,"-63,5","865,7",Speedwayr-15-32-c2,"3,9208548938356986",
2025-07-18T14:38:49.6690620+03:00,A60000000000000000000000,,1,-66,"865,7",Speedwayr-15-32-c2,"3,2213596545598464",
2025-07-18T14:38:49.6843740+03:00,A80000000000000000000000,,1,-64,"865,7",Speedwayr-15-32-c2,"3,9269908169872414",
2025-07-18T14:38:49.6854750+03:00,60820101D7224204EA5FEA78,,1,"-64,5","865,7",Speedwayr-15-32-c2,"5,915029918087033",
2025-07-18T14:38:49.6890710+03:00,A60000000000000000000000,,1,"-66,5","865,7",Speedwayr-15-32-c2,"3,0495538063166547",
2025-07-18T14:38:49.7051010+03:00,60820101D7224204EA5FEA78,,1,-65,"865,7",Speedwayr-15-32-c2,"0,07363107781851078",
2025-07-18T14:38:49.7062290+03:00,A60000000000000000000000,,1,"-65,5","865,7",Speedwayr-15-32-c2,"3,104777114680538",
2025-07-18T14:38:49.7073860+03:00,A80000000000000000000000,,1,"-62,5","865,7",Speedwayr-15-32-c2,"3,9515345095934116",
2025-07-18T14:38:49.7248560+03:00,A60000000000000000000000,,1,-67,"865,7",Speedwayr-15-32-c2,"3,043417883165112",
2025-07-18T14:38:49.7265230+03:00,60820101D7224204EA5FEA78,,1,-65,"865,7",Speedwayr-15-32-c2,"0,0674951546669682",
2025-07-18T14:38:49.7311330+03:00,A80000000000000000000000,,1,-63,"865,7",Speedwayr-15-32-c2,"3,9760782021995817",
2025-07-18T14:38:49.7470600+03:00,A80000000000000000000000,,1,-64,"865,7",Speedwayr-15-32-c2,"4,031301510563465",
2025-07-18T14:38:49.7492380+03:00,60820101D7224204EA5FEA78,,1,"-64,5","865,7",Speedwayr-15-32-c2,"0,17794177139473438",
2025-07-18T14:38:49.7552710+03:00,A60000000000000000000000,,1,"-67,5","865,7",Speedwayr-15-32-c2,"3,0925052683774528",
2025-07-18T14:38:49.7673700+03:00,A80000000000000000000000,,1,"-63,5","865,7",Speedwayr-15-32-c2,"3,9944859716542096",
2025-07-18T14:38:49.7760550+03:00,60820101D7224204EA5FEA78,,1,"-64,5","865,7",Speedwayr-15-32-c2,"6,277049384028044",
2025-07-18T14:38:49.7773110+03:00,A60000000000000000000000,,1,"-66,5","865,7",Speedwayr-15-32-c2,"3,055689729468197",
2025-07-18T14:38:49.7916870+03:00,A80000000000000000000000,,1,-62,"865,7",Speedwayr-15-32-c2,"4,025165587411922",
2025-07-18T14:38:49.7950190+03:00,60820101D7224204EA5FEA78,,1,"-64,5","865,7",Speedwayr-15-32-c2,"6,191146459906448",
2025-07-18T14:38:49.7961450+03:00,A60000000000000000000000,,1,"-66,5","865,7",Speedwayr-15-32-c2,"3,0495538063166547",
2025-07-18T14:38:49.8122100+03:00,60820101D7224204EA5FEA78,,1,-65,"865,7",Speedwayr-15-32-c2,"6,252505691421874",
2025-07-18T14:38:49.8136610+03:00,A80000000000000000000000,,1,"-62,5","865,7",Speedwayr-15-32-c2,"4,025165587411922",
2025-07-18T14:38:49.8159730+03:00,A60000000000000000000000,,1,-68,"865,7",Speedwayr-15-32-c2,"3,0250101137104846",
2025-07-18T14:38:49.8332760+03:00,A60000000000000000000000,,1,-68,"865,7",Speedwayr-15-32-c2,"3,117048960983623",
2025-07-18T14:38:49.8350630+03:00,A80000000000000000000000,,1,"-62,5","865,7",Speedwayr-15-32-c2,"3,9699422790480394",
2025-07-18T14:38:49.8541460+03:00,A80000000000000000000000,,1,"-63,5","865,7",Speedwayr-15-32-c2,"4,129476280988146",
2025-07-18T14:38:49.8556730+03:00,A60000000000000000000000,,1,"-66,5","865,7",Speedwayr-15-32-c2,"3,141592653589793",
2025-07-18T14:38:49.8645360+03:00,60820101D7224204EA5FEA78,,1,-66,"865,7",Speedwayr-15-32-c2,"0,12885438618239387",
2025-07-18T14:38:49.8733540+03:00,A80000000000000000000000,,1,-63,"865,7",Speedwayr-15-32-c2,"3,9822141253511245",
2025-07-18T14:38:49.8750540+03:00,A60000000000000000000000,,1,-68,"865,7",Speedwayr-15-32-c2,"3,055689729468197",
2025-07-18T14:38:49.8761380+03:00,60820101D7224204EA5FEA78,,1,"-65,5","865,7",Speedwayr-15-32-c2,"0,1043106935762236",
2025-07-18T14:38:49.8932880+03:00,A60000000000000000000000,,1,-67,"865,7",Speedwayr-15-32-c2,"3,117048960983623",
2025-07-18T14:38:49.8945000+03:00,60820101D7224204EA5FEA78,,1,-64,"865,7",Speedwayr-15-32-c2,"0,17794177139473438",
2025-07-18T14:38:49.8961110+03:00,A80000000000000000000000,,1,-63,"865,7",Speedwayr-15-32-c2,"4,01902966426038",
2025-07-18T14:38:49.9148750+03:00,A60000000000000000000000,,1,"-67,5","865,7",Speedwayr-15-32-c2,"3,031146036862027",
2025-07-18T14:38:49.9170680+03:00,A80000000000000000000000,,1,-63,"865,7",Speedwayr-15-32-c2,"3,9760782021995817",
2025-07-18T14:38:49.9189450+03:00,60820101D7224204EA5FEA78,,1,"-64,5","865,7",Speedwayr-15-32-c2,"0,28225246497095796",
2025-07-18T14:38:49.9347580+03:00,A60000000000000000000000,,1,"-67,5","865,7",Speedwayr-15-32-c2,"3,215223731408304",
2025-07-18T14:38:49.9366940+03:00,60820101D7224204EA5FEA78,,1,-65,"865,7",Speedwayr-15-32-c2,"0,07363107781851078",
2025-07-18T14:38:49.9378230+03:00,A80000000000000000000000,,1,-63,"865,7",Speedwayr-15-32-c2,"3,9576704327449543",
2025-07-18T14:38:49.9511790+03:00,A80000000000000000000000,,1,-63,"865,7",Speedwayr-15-32-c2,"3,933126740138784",
2025-07-18T14:38:49.9542010+03:00,60820101D7224204EA5FEA78,,1,-64,"865,7",Speedwayr-15-32-c2,"0,18407769454627693",
2025-07-18T14:38:49.9556830+03:00,A60000000000000000000000,,1,"-67,5","865,7",Speedwayr-15-32-c2,"3,141592653589793",
2025-07-18T14:38:49.9745180+03:00,60820101D7224204EA5FEA78,,1,"-64,5","865,7",Speedwayr-15-32-c2,"0,0859029241215959",
2025-07-18T14:38:49.9756470+03:00,A80000000000000000000000,,1,"-63,5","865,7",Speedwayr-15-32-c2,"3,9638063558964967",
2025-07-18T14:38:49.9772500+03:00,A60000000000000000000000,,1,"-67,5","865,7",Speedwayr-15-32-c2,"2,9084275738311756",
2025-07-18T14:38:49.9922020+03:00,A80000000000000000000000,,1,-63,"865,7",Speedwayr-15-32-c2,"3,9699422790480394",
2025-07-18T14:38:49.9955390+03:00,60820101D7224204EA5FEA78,,1,-65,"865,7",Speedwayr-15-32-c2,"0,2086213871524472",
2025-07-18T14:38:49.9977680+03:00,A60000000000000000000000,,1,-68,"865,7",Speedwayr-15-32-c2,"3,4913402732277192",
2025-07-18T14:38:50.0133400+03:00,60820101D7224204EA5FEA78,,1,-64,"865,7",Speedwayr-15-32-c2,"0,14112623248547898",
2025-07-18T14:38:50.0146960+03:00,A80000000000000000000000,,1,-63,"865,7",Speedwayr-15-32-c2,"3,9576704327449543",
2025-07-18T14:38:50.0163530+03:00,A60000000000000000000000,,1,"-67,5","865,7",Speedwayr-15-32-c2,"2,9575149590435164",
2025-07-18T14:38:50.0331210+03:00,A80000000000000000000000,,1,-63,"865,7",Speedwayr-15-32-c2,"3,9576704327449543",
2025-07-18T14:38:50.0562620+03:00,A60000000000000000000000,,1,-69,"865,7",Speedwayr-15-32-c2,"6,2463697682703305",
2025-07-18T14:38:50.0629670+03:00,A80000000000000000000000,,1,-63,"865,7",Speedwayr-15-32-c2,"3,9515345095934116",
2025-07-18T14:38:50.0650580+03:00,A60000000000000000000000,,1,-67,"865,7",Speedwayr-15-32-c2,"3,098641191528995",
2025-07-18T14:38:50.0855430+03:00,A80000000000000000000000,,1,"-62,5","865,7",Speedwayr-15-32-c2,"3,9208548938356986",
2025-07-18T14:38:50.0870420+03:00,A60000000000000000000000,,1,"-67,5","865,7",Speedwayr-15-32-c2,"3,055689729468197",
2025-07-18T14:38:50.1004700+03:00,60820101D7224204EA5FEA78,,1,"-65,5","865,7",Speedwayr-15-32-c2,"0,1043106935762236",
2025-07-18T14:38:50.1074650+03:00,A60000000000000000000000,,1,-68,"865,7",Speedwayr-15-32-c2,"3,2213596545598464",
2025-07-18T14:38:50.1131890+03:00,A80000000000000000000000,,1,-63,"865,7",Speedwayr-15-32-c2,"3,8963112012295285",
