// 25/07/2025 13.52.43
// ReaderName=Speedwayr-15-32-c2, AntennaIDs=1, InventoryMode=DualTarget, ModeIndex=1003, Population=32, PowerInDbm=31,5, Session=2
// Timestamp, EPC, TID, Antenna, RSSI, Frequency, Hostname, PhaseAngle, DopplerFrequency
2025-07-25T14:04:24.1619450+03:00,A30000000000000000000000,,1,"-63,5","865,7",Speedwayr-15-32-c2,"4,71238898038469",
2025-07-25T14:04:24.1655760+03:00,A70000000000000000000000,,1,"-62,5","865,7",Speedwayr-15-32-c2,"0,5338253141842031",
2025-07-25T14:04:24.1668070+03:00,A60000000000000000000000,,1,-63,"865,7",Speedwayr-15-32-c2,"5,399612373357457",
2025-07-25T14:04:24.1681470+03:00,A40000000000000000000000,,1,-64,"865,7",Speedwayr-15-32-c2,"3,0066023442558567",
2025-07-25T14:04:24.1697100+03:00,A20000000000000000000000,,1,"-62,5","865,7",Speedwayr-15-32-c2,"2,2212041808584084",
2025-07-25T14:04:24.1773510+03:00,A80000000000000000000000,,1,"-70,5","865,7",Speedwayr-15-32-c2,"6,117515382087937",
2025-07-25T14:04:24.1957450+03:00,A30000000000000000000000,,1,"-63,5","865,7",Speedwayr-15-32-c2,"4,3503695144436785",
2025-07-25T14:04:24.2004530+03:00,A20000000000000000000000,,1,-63,"865,7",Speedwayr-15-32-c2,"2,073942025221387",
2025-07-25T14:04:24.2015340+03:00,A70000000000000000000000,,1,-63,"865,7",Speedwayr-15-32-c2,"0,25157284921324513",
2025-07-25T14:04:24.2026340+03:00,A60000000000000000000000,,1,-62,"865,7",Speedwayr-15-32-c2,"4,908738521234052",
2025-07-25T14:04:24.2044090+03:00,A40000000000000000000000,,1,"-64,5","865,7",Speedwayr-15-32-c2,"2,6568547246179306",
2025-07-25T14:04:24.2084910+03:00,A80000000000000000000000,,1,-69,"865,7",Speedwayr-15-32-c2,"5,295301679781233",
2025-07-25T14:04:24.2208410+03:00,A30000000000000000000000,,1,-62,"865,7",Speedwayr-15-32-c2,"4,638757902566179",
2025-07-25T14:04:24.2234930+03:00,A20000000000000000000000,,1,"-63,5","865,7",Speedwayr-15-32-c2,"1,9634954084936207",
2025-07-25T14:04:24.2248320+03:00,A70000000000000000000000,,1,-63,"865,7",Speedwayr-15-32-c2,"0,25770877236478773",
2025-07-25T14:04:24.2262140+03:00,A60000000000000000000000,,1,-63,"865,7",Speedwayr-15-32-c2,"5,184855063053467",
2025-07-25T14:04:24.2289250+03:00,A40000000000000000000000,,1,-65,"865,7",Speedwayr-15-32-c2,"2,693670263527186",
2025-07-25T14:04:24.2364620+03:00,A80000000000000000000000,,1,"-69,5","865,7",Speedwayr-15-32-c2,"0,06135923151542565",
2025-07-25T14:04:24.2495020+03:00,A60000000000000000000000,,1,"-62,5","865,7",Speedwayr-15-32-c2,"5,105088062083414",
2025-07-25T14:04:24.2520240+03:00,A70000000000000000000000,,1,-61,"865,7",Speedwayr-15-32-c2,"6,277049384028044",
2025-07-25T14:04:24.2533050+03:00,A30000000000000000000000,,1,"-62,5","865,7",Speedwayr-15-32-c2,"4,3933209765044765",
2025-07-25T14:04:24.2562830+03:00,A20000000000000000000000,,1,-63,"865,7",Speedwayr-15-32-c2,"2,030990563160589",
2025-07-25T14:04:24.2582210+03:00,A40000000000000000000000,,1,-65,"865,7",Speedwayr-15-32-c2,"2,6813984172241008",
2025-07-25T14:04:24.2605440+03:00,A80000000000000000000000,,1,"-69,5","865,7",Speedwayr-15-32-c2,"5,252350217720435",
2025-07-25T14:04:24.2733360+03:00,A30000000000000000000000,,1,"-63,5","865,7",Speedwayr-15-32-c2,"4,663301595172349",
2025-07-25T14:04:24.2753140+03:00,A40000000000000000000000,,1,"-62,5","865,7",Speedwayr-15-32-c2,"2,779573187648782",
2025-07-25T14:04:24.2782470+03:00,A60000000000000000000000,,1,-62,"865,7",Speedwayr-15-32-c2,"5,129631754689584",
2025-07-25T14:04:24.2819070+03:00,A20000000000000000000000,,1,"-61,5","865,7",Speedwayr-15-32-c2,"2,380738182798515",
2025-07-25T14:04:24.2830210+03:00,A70000000000000000000000,,1,"-63,5","865,7",Speedwayr-15-32-c2,"0,521553467881118",
2025-07-25T14:04:24.2883500+03:00,A80000000000000000000000,,1,"-70,5","865,7",Speedwayr-15-32-c2,"5,393476450205914",
2025-07-25T14:04:24.3012310+03:00,A30000000000000000000000,,1,"-62,5","865,7",Speedwayr-15-32-c2,"4,387185053352934",
2025-07-25T14:04:24.3042270+03:00,A60000000000000000000000,,1,"-62,5","865,7",Speedwayr-15-32-c2,"5,227806525114265",
2025-07-25T14:04:24.3060600+03:00,A20000000000000000000000,,1,"-61,5","865,7",Speedwayr-15-32-c2,"2,0371264863121317",
2025-07-25T14:04:24.3071590+03:00,A70000000000000000000000,,1,-63,"865,7",Speedwayr-15-32-c2,"0,34974761963792617",
2025-07-25T14:04:24.3124190+03:00,A40000000000000000000000,,1,-64,"865,7",Speedwayr-15-32-c2,"2,859340188618835",
2025-07-25T14:04:24.3147060+03:00,A80000000000000000000000,,1,-71,"865,7",Speedwayr-15-32-c2,"5,534602682691394",
2025-07-25T14:04:24.3265080+03:00,A70000000000000000000000,,1,"-63,5","865,7",Speedwayr-15-32-c2,"0,2945243112740431",
2025-07-25T14:04:24.3300100+03:00,A20000000000000000000000,,1,-63,"865,7",Speedwayr-15-32-c2,"2,2948352586769194",
2025-07-25T14:04:24.3324490+03:00,A60000000000000000000000,,1,"-63,5","865,7",Speedwayr-15-32-c2,"5,074408446325701",
2025-07-25T14:04:24.3337810+03:00,A40000000000000000000000,,1,-65,"865,7",Speedwayr-15-32-c2,"2,7550294950426117",
2025-07-25T14:04:24.3364780+03:00,A30000000000000000000000,,1,-63,"865,7",Speedwayr-15-32-c2,"4,374913207049849",
2025-07-25T14:04:24.3463630+03:00,A80000000000000000000000,,1,"-72,5","865,7",Speedwayr-15-32-c2,"5,123495831538041",
2025-07-25T14:04:24.3622100+03:00,A70000000000000000000000,,1,"-62,5","865,7",Speedwayr-15-32-c2,"0,34974761963792617",
2025-07-25T14:04:24.3641870+03:00,A30000000000000000000000,,1,"-64,5","865,7",Speedwayr-15-32-c2,"4,669437518323892",
2025-07-25T14:04:24.3684420+03:00,A20000000000000000000000,,1,"-62,5","865,7",Speedwayr-15-32-c2,"2,1046216409791",
2025-07-25T14:04:24.3697970+03:00,A60000000000000000000000,,1,"-63,5","865,7",Speedwayr-15-32-c2,"5,135767677841127",
2025-07-25T14:04:24.3751480+03:00,A40000000000000000000000,,1,-65,"865,7",Speedwayr-15-32-c2,"2,7120780329818137",
2025-07-25T14:04:24.4029300+03:00,A60000000000000000000000,,1,-63,"865,7",Speedwayr-15-32-c2,"5,129631754689584",
2025-07-25T14:04:24.4051740+03:00,A40000000000000000000000,,1,"-64,5","865,7",Speedwayr-15-32-c2,"2,6998061866787286",
2025-07-25T14:04:24.4069010+03:00,A30000000000000000000000,,1,-64,"865,7",Speedwayr-15-32-c2,"4,411728745959104",
2025-07-25T14:04:24.4080110+03:00,A70000000000000000000000,,1,-63,"865,7",Speedwayr-15-32-c2,"0,2699806186678728",
2025-07-25T14:04:24.4091340+03:00,A20000000000000000000000,,1,"-62,5","865,7",Speedwayr-15-32-c2,"2,1046216409791",
2025-07-25T14:04:24.4190190+03:00,A80000000000000000000000,,1,-71,"865,7",Speedwayr-15-32-c2,"5,252350217720435",
2025-07-25T14:04:24.4323970+03:00,A30000000000000000000000,,1,"-63,5","865,7",Speedwayr-15-32-c2,"4,565126824747668",
2025-07-25T14:04:24.4363730+03:00,A70000000000000000000000,,1,"-62,5","865,7",Speedwayr-15-32-c2,"0,28225246497095796",
2025-07-25T14:04:24.4381500+03:00,A60000000000000000000000,,1,"-62,5","865,7",Speedwayr-15-32-c2,"5,166447293598839",
2025-07-25T14:04:24.4392590+03:00,A40000000000000000000000,,1,"-63,5","865,7",Speedwayr-15-32-c2,"2,8532042654672924",
2025-07-25T14:04:24.4405840+03:00,A20000000000000000000000,,1,-63,"865,7",Speedwayr-15-32-c2,"2,0923497946760143",
2025-07-25T14:04:24.4443990+03:00,A80000000000000000000000,,1,-69,"865,7",Speedwayr-15-32-c2,"5,5100589900852235",
2025-07-25T14:04:24.4566270+03:00,A40000000000000000000000,,1,"-64,5","865,7",Speedwayr-15-32-c2,"2,6813984172241008",
2025-07-25T14:04:24.4596110+03:00,A30000000000000000000000,,1,"-63,5","865,7",Speedwayr-15-32-c2,"4,313553975534423",
2025-07-25T14:04:24.4610960+03:00,A20000000000000000000000,,1,"-63,5","865,7",Speedwayr-15-32-c2,"2,1782527187976104",
2025-07-25T14:04:24.4630430+03:00,A70000000000000000000000,,1,-63,"865,7",Speedwayr-15-32-c2,"0,3374757733348411",
2025-07-25T14:04:24.4644500+03:00,A60000000000000000000000,,1,-63,"865,7",Speedwayr-15-32-c2,"4,994641445355648",
2025-07-25T14:04:24.4759170+03:00,A80000000000000000000000,,1,"-71,5","865,7",Speedwayr-15-32-c2,"5,227806525114265",
2025-07-25T14:04:24.4935230+03:00,A60000000000000000000000,,1,-63,"865,7",Speedwayr-15-32-c2,"5,123495831538041",
2025-07-25T14:04:24.4947240+03:00,A20000000000000000000000,,1,-63,"865,7",Speedwayr-15-32-c2,"1,7732817907958012",
2025-07-25T14:04:24.4982880+03:00,A30000000000000000000000,,1,-63,"865,7",Speedwayr-15-32-c2,"4,374913207049849",
2025-07-25T14:04:24.5000270+03:00,A70000000000000000000000,,1,-63,"865,7",Speedwayr-15-32-c2,"0,09817477042468103",
2025-07-25T14:04:24.5036730+03:00,A40000000000000000000000,,1,-65,"865,7",Speedwayr-15-32-c2,"2,7857091108003242",
2025-07-25T14:04:24.5183110+03:00,A40000000000000000000000,,1,-64,"865,7",Speedwayr-15-32-c2,"2,8716120349219203",
2025-07-25T14:04:24.5202940+03:00,A60000000000000000000000,,1,-63,"865,7",Speedwayr-15-32-c2,"5,074408446325701",
2025-07-25T14:04:24.5218360+03:00,A20000000000000000000000,,1,"-63,5","865,7",Speedwayr-15-32-c2,"2,018718716857504",
2025-07-25T14:04:24.5231470+03:00,A30000000000000000000000,,1,-64,"865,7",Speedwayr-15-32-c2,"4,3503695144436785",
2025-07-25T14:04:24.5249010+03:00,A70000000000000000000000,,1,-63,"865,7",Speedwayr-15-32-c2,"0,5092816215780329",
2025-07-25T14:04:24.5456970+03:00,A80000000000000000000000,,1,"-70,5","865,7",Speedwayr-15-32-c2,"5,408816258084771",
2025-07-25T14:04:24.5570790+03:00,A30000000000000000000000,,1,-64,"865,7",Speedwayr-15-32-c2,"4,344233591292136",
2025-07-25T14:04:24.5588010+03:00,A20000000000000000000000,,1,"-61,5","865,7",Speedwayr-15-32-c2,"1,9941750242513334",
2025-07-25T14:04:24.5638470+03:00,A70000000000000000000000,,1,-63,"865,7",Speedwayr-15-32-c2,"0,21475731030398976",
2025-07-25T14:04:24.5650990+03:00,A60000000000000000000000,,1,"-63,5","865,7",Speedwayr-15-32-c2,"5,074408446325701",
2025-07-25T14:04:24.5666840+03:00,A40000000000000000000000,,1,-65,"865,7",Speedwayr-15-32-c2,"2,705942109830271",
2025-07-25T14:04:24.5678940+03:00,A80000000000000000000000,,1,"-68,5","865,7",Speedwayr-15-32-c2,"5,381204603902829",
2025-07-25T14:04:24.5806640+03:00,A30000000000000000000000,,1,"-63,5","865,7",Speedwayr-15-32-c2,"4,276738436625168",
2025-07-25T14:04:24.5816770+03:00,A20000000000000000000000,,1,-63,"865,7",Speedwayr-15-32-c2,"2,110757564130642",
2025-07-25T14:04:24.5827540+03:00,A40000000000000000000000,,1,-64,"865,7",Speedwayr-15-32-c2,"2,736621725587984",
2025-07-25T14:04:24.5839100+03:00,A60000000000000000000000,,1,-63,"865,7",Speedwayr-15-32-c2,"5,074408446325701",
2025-07-25T14:04:24.5890040+03:00,A80000000000000000000000,,1,-71,"865,7",Speedwayr-15-32-c2,"5,491651220630596",
2025-07-25T14:04:24.5932370+03:00,A70000000000000000000000,,1,"-63,5","865,7",Speedwayr-15-32-c2,"0,17794177139473438",
2025-07-25T14:04:24.6074870+03:00,A30000000000000000000000,,1,-63,"865,7",Speedwayr-15-32-c2,"4,295146206079795",
2025-07-25T14:04:24.6091080+03:00,A70000000000000000000000,,1,"-62,5","865,7",Speedwayr-15-32-c2,"0,23316507975861744",
2025-07-25T14:04:24.6107920+03:00,A60000000000000000000000,,1,"-60,5","865,7",Speedwayr-15-32-c2,"4,896466674930966",
2025-07-25T14:04:24.6148690+03:00,A20000000000000000000000,,1,"-63,5","865,7",Speedwayr-15-32-c2,"2,030990563160589",
2025-07-25T14:04:24.6159660+03:00,A40000000000000000000000,,1,-65,"865,7",Speedwayr-15-32-c2,"2,7120780329818137",
2025-07-25T14:04:24.6436180+03:00,A80000000000000000000000,,1,"-70,5","865,7",Speedwayr-15-32-c2,"5,439495873842484",
2025-07-25T14:04:24.6524130+03:00,A40000000000000000000000,,1,-65,"865,7",Speedwayr-15-32-c2,"2,5157284921324514",
2025-07-25T14:04:24.6548960+03:00,A20000000000000000000000,,1,-62,"865,7",Speedwayr-15-32-c2,"1,9696313316451632",
2025-07-25T14:04:24.6568580+03:00,A30000000000000000000000,,1,"-63,5","865,7",Speedwayr-15-32-c2,"4,356505437595221",
2025-07-25T14:04:24.6587810+03:00,A70000000000000000000000,,1,"-63,5","865,7",Speedwayr-15-32-c2,"0,12885438618239387",
2025-07-25T14:04:24.6631390+03:00,A60000000000000000000000,,1,-62,"865,7",Speedwayr-15-32-c2,"5,178719139901925",
2025-07-25T14:04:24.6817520+03:00,A20000000000000000000000,,1,-62,"865,7",Speedwayr-15-32-c2,"1,6935147898257479",
2025-07-25T14:04:24.6828630+03:00,A30000000000000000000000,,1,"-62,5","865,7",Speedwayr-15-32-c2,"4,368777283898306",
2025-07-25T14:04:24.6873440+03:00,A60000000000000000000000,,1,-63,"865,7",Speedwayr-15-32-c2,"5,019185137961818",
2025-07-25T14:04:24.6892900+03:00,A40000000000000000000000,,1,"-65,5","865,7",Speedwayr-15-32-c2,"2,6445828783148455",
2025-07-25T14:04:24.6910370+03:00,A70000000000000000000000,,1,-63,"865,7",Speedwayr-15-32-c2,"0,2086213871524472",
2025-07-25T14:04:24.7176780+03:00,A60000000000000000000000,,1,-63,"865,7",Speedwayr-15-32-c2,"4,816699673960914",
2025-07-25T14:04:24.7187540+03:00,A20000000000000000000000,,1,-62,"865,7",Speedwayr-15-32-c2,"1,9144080232812801",
2025-07-25T14:04:24.7198280+03:00,A30000000000000000000000,,1,"-63,5","865,7",Speedwayr-15-32-c2,"4,356505437595221",
2025-07-25T14:04:24.7211800+03:00,A70000000000000000000000,,1,-60,"865,7",Speedwayr-15-32-c2,"0,02454369260617026",
2025-07-25T14:04:24.7247900+03:00,A40000000000000000000000,,1,"-64,5","865,7",Speedwayr-15-32-c2,"2,791845033951867",
2025-07-25T14:04:24.7291220+03:00,A80000000000000000000000,,1,-71,"865,7",Speedwayr-15-32-c2,"4,890330751779424",
2025-07-25T14:04:24.7434010+03:00,A30000000000000000000000,,1,"-62,5","865,7",Speedwayr-15-32-c2,"4,215379205109742",
2025-07-25T14:04:24.7454500+03:00,A70000000000000000000000,,1,"-63,5","865,7",Speedwayr-15-32-c2,"0,1902136176978195",
2025-07-25T14:04:24.7474470+03:00,A60000000000000000000000,,1,"-63,5","865,7",Speedwayr-15-32-c2,"4,878058905476339",
2025-07-25T14:04:24.7485380+03:00,A40000000000000000000000,,1,-64,"865,7",Speedwayr-15-32-c2,"2,4911847995262812",
2025-07-25T14:04:24.7498340+03:00,A20000000000000000000000,,1,-63,"865,7",Speedwayr-15-32-c2,"1,9266798695843652",
2025-07-25T14:04:24.7542160+03:00,A80000000000000000000000,,1,-66,"865,7",Speedwayr-15-32-c2,"5,283029833478148",
2025-07-25T14:04:24.7667690+03:00,A40000000000000000000000,,1,"-65,5","865,7",Speedwayr-15-32-c2,"2,5402721847386216",
2025-07-25T14:04:24.7708330+03:00,A60000000000000000000000,,1,"-62,5","865,7",Speedwayr-15-32-c2,"5,062136600022616",
2025-07-25T14:04:24.7720850+03:00,A20000000000000000000000,,1,-62,"865,7",Speedwayr-15-32-c2,"1,7855536370988863",
2025-07-25T14:04:24.7732210+03:00,A70000000000000000000000,,1,"-62,5","865,7",Speedwayr-15-32-c2,"0,09203884727313846",
2025-07-25T14:04:24.7745760+03:00,A30000000000000000000000,,1,"-63,5","865,7",Speedwayr-15-32-c2,"4,1601558967458585",
2025-07-25T14:04:24.7957810+03:00,A70000000000000000000000,,1,"-62,5","865,7",Speedwayr-15-32-c2,"0,006135923151542565",
2025-07-25T14:04:24.7975090+03:00,A40000000000000000000000,,1,"-64,5","865,7",Speedwayr-15-32-c2,"2,6998061866787286",
2025-07-25T14:04:24.7985640+03:00,A20000000000000000000000,,1,"-63,5","865,7",Speedwayr-15-32-c2,"1,8407769454627694",
2025-07-25T14:04:24.7996620+03:00,A30000000000000000000000,,1,"-63,5","865,7",Speedwayr-15-32-c2,"4,252194744018997",
2025-07-25T14:04:24.8007460+03:00,A60000000000000000000000,,1,"-62,5","865,7",Speedwayr-15-32-c2,"4,847379289718626",
2025-07-25T14:04:24.8145050+03:00,A80000000000000000000000,,1,"-71,5","865,7",Speedwayr-15-32-c2,"5,166447293598839",
2025-07-25T14:04:24.8282120+03:00,A70000000000000000000000,,1,"-63,5","865,7",Speedwayr-15-32-c2,"0,04908738521234052",
2025-07-25T14:04:24.8306490+03:00,A20000000000000000000000,,1,"-61,5","865,7",Speedwayr-15-32-c2,"1,8960002538266525",
2025-07-25T14:04:24.8324100+03:00,A60000000000000000000000,,1,"-62,5","865,7",Speedwayr-15-32-c2,"4,921010367537137",
2025-07-25T14:04:24.8346370+03:00,A40000000000000000000000,,1,"-65,5","865,7",Speedwayr-15-32-c2,"2,4605051837685683",
2025-07-25T14:04:24.8366680+03:00,A30000000000000000000000,,1,-63,"865,7",Speedwayr-15-32-c2,"4,190835512503572",
2025-07-25T14:04:24.8535090+03:00,A30000000000000000000000,,1,"-63,5","865,7",Speedwayr-15-32-c2,"4,104932588381976",
2025-07-25T14:04:24.8559680+03:00,A40000000000000000000000,,1,"-65,5","865,7",Speedwayr-15-32-c2,"2,466641106920111",
2025-07-25T14:04:24.8575680+03:00,A80000000000000000000000,,1,"-68,5","865,7",Speedwayr-15-32-c2,"4,9823695990525625",
2025-07-25T14:04:24.8586370+03:00,A70000000000000000000000,,1,"-63,5","865,7",Speedwayr-15-32-c2,"6,086835766330224",
2025-07-25T14:04:24.8629910+03:00,A60000000000000000000000,,1,"-62,5","865,7",Speedwayr-15-32-c2,"4,945554060143307",
2025-07-25T14:04:24.8643120+03:00,A20000000000000000000000,,1,"-61,5","865,7",Speedwayr-15-32-c2,"1,8714565612204823",
2025-07-25T14:04:24.8786620+03:00,A70000000000000000000000,,1,-63,"865,7",Speedwayr-15-32-c2,"6,252505691421874",
2025-07-25T14:04:24.8805380+03:00,A40000000000000000000000,,1,"-65,5","865,7",Speedwayr-15-32-c2,"2,60776733940559",
2025-07-25T14:04:24.8825480+03:00,A20000000000000000000000,,1,-63,"865,7",Speedwayr-15-32-c2,"1,7119225592803755",
2025-07-25T14:04:24.8838870+03:00,A30000000000000000000000,,1,"-63,5","865,7",Speedwayr-15-32-c2,"4,1417481272912315",
2025-07-25T14:04:24.8854840+03:00,A60000000000000000000000,,1,-63,"865,7",Speedwayr-15-32-c2,"4,853515212870168",
2025-07-25T14:04:24.8880160+03:00,A80000000000000000000000,,1,-71,"865,7",Speedwayr-15-32-c2,"5,117359908386499",
2025-07-25T14:04:24.9042520+03:00,A70000000000000000000000,,1,"-63,5","865,7",Speedwayr-15-32-c2,"6,14819499784565",
2025-07-25T14:04:24.9062020+03:00,A30000000000000000000000,,1,-64,"865,7",Speedwayr-15-32-c2,"4,135612204139688",
2025-07-25T14:04:24.9088860+03:00,A60000000000000000000000,,1,-63,"865,7",Speedwayr-15-32-c2,"4,853515212870168",
2025-07-25T14:04:24.9103500+03:00,A20000000000000000000000,,1,-62,"865,7",Speedwayr-15-32-c2,"1,718058482431918",
2025-07-25T14:04:24.9116760+03:00,A40000000000000000000000,,1,-64,"865,7",Speedwayr-15-32-c2,"2,4605051837685683",
2025-07-25T14:04:24.9205870+03:00,A80000000000000000000000,,1,"-70,5","865,7",Speedwayr-15-32-c2,"1,9358837543116791",
2025-07-25T14:04:24.9274760+03:00,A70000000000000000000000,,1,-63,"865,7",Speedwayr-15-32-c2,"6,270913460876501",
2025-07-25T14:04:24.9296560+03:00,A20000000000000000000000,,1,"-62,5","865,7",Speedwayr-15-32-c2,"1,5953400194010667",
2025-07-25T14:04:24.9321350+03:00,A40000000000000000000000,,1,-64,"865,7",Speedwayr-15-32-c2,"2,405281875404685",
2025-07-25T14:04:24.9399120+03:00,A60000000000000000000000,,1,-63,"865,7",Speedwayr-15-32-c2,"4,847379289718626",
2025-07-25T14:04:24.9410110+03:00,A30000000000000000000000,,1,"-62,5","865,7",Speedwayr-15-32-c2,"4,147884050442774",
2025-07-25T14:04:24.9488460+03:00,A80000000000000000000000,,1,"-71,5","865,7",Speedwayr-15-32-c2,"2,024854640009046",
2025-07-25T14:04:24.9567880+03:00,A20000000000000000000000,,1,"-62,5","865,7",Speedwayr-15-32-c2,"1,718058482431918",
2025-07-25T14:04:24.9584540+03:00,A40000000000000000000000,,1,"-65,5","865,7",Speedwayr-15-32-c2,"2,4175537217077703",
2025-07-25T14:04:24.9608640+03:00,A60000000000000000000000,,1,-63,"865,7",Speedwayr-15-32-c2,"4,558990901596125",
2025-07-25T14:04:24.9628920+03:00,A70000000000000000000000,,1,"-63,5","865,7",Speedwayr-15-32-c2,"0,0859029241215959",
2025-07-25T14:04:24.9639740+03:00,A30000000000000000000000,,1,"-64,5","865,7",Speedwayr-15-32-c2,"4,129476280988146",
2025-07-25T14:04:24.9661130+03:00,A80000000000000000000000,,1,-70,"865,7",Speedwayr-15-32-c2,"4,81056375080937",
2025-07-25T14:04:24.9778440+03:00,A40000000000000000000000,,1,"-65,5","865,7",Speedwayr-15-32-c2,"2,4850488763747385",
2025-07-25T14:04:24.9794010+03:00,A60000000000000000000000,,1,"-63,5","865,7",Speedwayr-15-32-c2,"4,921010367537137",
2025-07-25T14:04:24.9821730+03:00,A20000000000000000000000,,1,"-63,5","865,7",Speedwayr-15-32-c2,"1,6566992509164924",
2025-07-25T14:04:24.9844020+03:00,A70000000000000000000000,,1,-63,"865,7",Speedwayr-15-32-c2,"6,178874613603362",
2025-07-25T14:04:24.9891690+03:00,A30000000000000000000000,,1,"-63,5","865,7",Speedwayr-15-32-c2,"4,01902966426038",
2025-07-25T14:04:24.9941480+03:00,A80000000000000000000000,,1,"-64,5","865,7",Speedwayr-15-32-c2,"4,859651136021712",
2025-07-25T14:04:25.0070770+03:00,A20000000000000000000000,,1,"-61,5","865,7",Speedwayr-15-32-c2,"1,6689710972195777",
2025-07-25T14:04:25.0083740+03:00,A40000000000000000000000,,1,-65,"865,7",Speedwayr-15-32-c2,"2,2764274892222915",
2025-07-25T14:04:25.0107430+03:00,A60000000000000000000000,,1,"-63,5","865,7",Speedwayr-15-32-c2,"4,878058905476339",
2025-07-25T14:04:25.0135890+03:00,A30000000000000000000000,,1,-61,"865,7",Speedwayr-15-32-c2,"4,0987966652304335",
2025-07-25T14:04:25.0166610+03:00,A70000000000000000000000,,1,-63,"865,7",Speedwayr-15-32-c2,"6,056156150572511",
2025-07-25T14:04:25.0183760+03:00,A80000000000000000000000,,1,-69,"865,7",Speedwayr-15-32-c2,"5,534602682691394",
2025-07-25T14:04:25.0308830+03:00,A60000000000000000000000,,1,"-63,5","865,7",Speedwayr-15-32-c2,"4,755340442445488",
2025-07-25T14:04:25.0328220+03:00,A70000000000000000000000,,1,"-62,5","865,7",Speedwayr-15-32-c2,"6,068427996875596",
2025-07-25T14:04:25.0339310+03:00,A40000000000000000000000,,1,-65,"865,7",Speedwayr-15-32-c2,"2,3439226438892597",
2025-07-25T14:04:25.0357430+03:00,A20000000000000000000000,,1,"-63,5","865,7",Speedwayr-15-32-c2,"1,748738098189631",
2025-07-25T14:04:25.0375680+03:00,A30000000000000000000000,,1,-63,"865,7",Speedwayr-15-32-c2,"4,06811704947272",
2025-07-25T14:04:25.0416340+03:00,A80000000000000000000000,,1,-70,"865,7",Speedwayr-15-32-c2,"5,356660911296659",
2025-07-25T14:04:25.0543780+03:00,A40000000000000000000000,,1,"-65,5","865,7",Speedwayr-15-32-c2,"2,356194490192345",
2025-07-25T14:04:25.0584710+03:00,A60000000000000000000000,,1,-64,"865,7",Speedwayr-15-32-c2,"4,847379289718626",
2025-07-25T14:04:25.0595540+03:00,A30000000000000000000000,,1,"-63,5","865,7",Speedwayr-15-32-c2,"3,9576704327449543",
2025-07-25T14:04:25.0613210+03:00,A20000000000000000000000,,1,"-63,5","865,7",Speedwayr-15-32-c2,"1,6444274046134073",
2025-07-25T14:04:25.0624050+03:00,A70000000000000000000000,,1,"-63,5","865,7",Speedwayr-15-32-c2,"6,258641614573416",
2025-07-25T14:04:25.0677150+03:00,A80000000000000000000000,,1,-71,"865,7",Speedwayr-15-32-c2,"4,841243366567084",
2025-07-25T14:04:25.0825360+03:00,A40000000000000000000000,,1,-65,"865,7",Speedwayr-15-32-c2,"2,3316507975861747",
2025-07-25T14:04:25.0836080+03:00,A30000000000000000000000,,1,-64,"865,7",Speedwayr-15-32-c2,"4,491495746929157",
2025-07-25T14:04:25.0847030+03:00,A20000000000000000000000,,1,-62,"865,7",Speedwayr-15-32-c2,"1,7119225592803755",
2025-07-25T14:04:25.0857880+03:00,A60000000000000000000000,,1,-63,"865,7",Speedwayr-15-32-c2,"4,908738521234052",
2025-07-25T14:04:25.0876540+03:00,A70000000000000000000000,,1,-63,"865,7",Speedwayr-15-32-c2,"6,013204688511713",
2025-07-25T14:04:25.1051830+03:00,A20000000000000000000000,,1,"-62,5","865,7",Speedwayr-15-32-c2,"1,736466251886546",
2025-07-25T14:04:25.1079930+03:00,A80000000000000000000000,,1,"-69,5","865,7",Speedwayr-15-32-c2,"4,792155981354743",
2025-07-25T14:04:25.1096320+03:00,A30000000000000000000000,,1,"-63,5","865,7",Speedwayr-15-32-c2,"4,086524818927348",
2025-07-25T14:04:25.1122580+03:00,A60000000000000000000000,,1,"-61,5","865,7",Speedwayr-15-32-c2,"4,798291904506286",
2025-07-25T14:04:25.1137910+03:00,A70000000000000000000000,,1,-63,"865,7",Speedwayr-15-32-c2,"6,080699843178682",
2025-07-25T14:04:25.1152870+03:00,A40000000000000000000000,,1,"-64,5","865,7",Speedwayr-15-32-c2,"2,2948352586769194",
2025-07-25T14:04:25.1275650+03:00,A40000000000000000000000,,1,"-65,5","865,7",Speedwayr-15-32-c2,"2,337786720737717",
2025-07-25T14:04:25.1326920+03:00,A70000000000000000000000,,1,"-62,5","865,7",Speedwayr-15-32-c2,"5,988660995905543",
2025-07-25T14:04:25.1337320+03:00,A30000000000000000000000,,1,-63,"865,7",Speedwayr-15-32-c2,"4,006757817957295",
2025-07-25T14:04:25.1352190+03:00,A20000000000000000000000,,1,"-63,5","865,7",Speedwayr-15-32-c2,"1,6444274046134073",
2025-07-25T14:04:25.1363500+03:00,A60000000000000000000000,,1,-62,"865,7",Speedwayr-15-32-c2,"4,847379289718626",
2025-07-25T14:04:25.1477980+03:00,A80000000000000000000000,,1,-71,"865,7",Speedwayr-15-32-c2,"4,81056375080937",
2025-07-25T14:04:25.1617630+03:00,A60000000000000000000000,,1,"-61,5","865,7",Speedwayr-15-32-c2,"4,81056375080937",
2025-07-25T14:04:25.1628790+03:00,A20000000000000000000000,,1,"-63,5","865,7",Speedwayr-15-32-c2,"1,8039614065535141",
2025-07-25T14:04:25.1640000+03:00,A70000000000000000000000,,1,"-62,5","865,7",Speedwayr-15-32-c2,"6,062292073724054",
2025-07-25T14:04:25.1655520+03:00,A30000000000000000000000,,1,"-64,5","865,7",Speedwayr-15-32-c2,"3,9760782021995817",
2025-07-25T14:04:25.1668750+03:00,A40000000000000000000000,,1,-66,"865,7",Speedwayr-15-32-c2,"2,2396119503130363",
2025-07-25T14:04:25.1690280+03:00,A80000000000000000000000,,1,-69,"865,7",Speedwayr-15-32-c2,"5,209398755659637",
2025-07-25T14:04:25.1851120+03:00,A60000000000000000000000,,1,"-62,5","865,7",Speedwayr-15-32-c2,"4,828971520263998",
2025-07-25T14:04:25.1867090+03:00,A30000000000000000000000,,1,-64,"865,7",Speedwayr-15-32-c2,"3,877903431774901",
2025-07-25T14:04:25.1877490+03:00,A70000000000000000000000,,1,-64,"865,7",Speedwayr-15-32-c2,"6,086835766330224",
2025-07-25T14:04:25.1901300+03:00,A40000000000000000000000,,1,"-65,5","865,7",Speedwayr-15-32-c2,"2,1230294104337273",
2025-07-25T14:04:25.1914420+03:00,A20000000000000000000000,,1,-63,"865,7",Speedwayr-15-32-c2,"1,4971652489763858",
2025-07-25T14:04:25.1953280+03:00,A80000000000000000000000,,1,"-69,5","865,7",Speedwayr-15-32-c2,"4,743068596142402",
2025-07-25T14:04:25.2094060+03:00,A40000000000000000000000,,1,-65,"865,7",Speedwayr-15-32-c2,"2,1353012567368124",
2025-07-25T14:04:25.2127410+03:00,A60000000000000000000000,,1,-63,"865,7",Speedwayr-15-32-c2,"4,767612288748572",
2025-07-25T14:04:25.2155930+03:00,A30000000000000000000000,,1,-64,"865,7",Speedwayr-15-32-c2,"3,9147189706841563",
2025-07-25T14:04:25.2168060+03:00,A20000000000000000000000,,1,"-63,5","865,7",Speedwayr-15-32-c2,"1,576932249946439",
2025-07-25T14:04:25.2181450+03:00,A70000000000000000000000,,1,"-63,5","865,7",Speedwayr-15-32-c2,"6,019340611663256",
2025-07-25T14:04:25.2246970+03:00,A80000000000000000000000,,1,"-65,5","865,7",Speedwayr-15-32-c2,"5,356660911296659",
2025-07-25T14:04:25.2383710+03:00,A70000000000000000000000,,1,-63,"865,7",Speedwayr-15-32-c2,"5,982525072754001",
2025-07-25T14:04:25.2394850+03:00,A30000000000000000000000,,1,-64,"865,7",Speedwayr-15-32-c2,"3,865631585471816",
2025-07-25T14:04:25.2408620+03:00,A20000000000000000000000,,1,"-61,5","865,7",Speedwayr-15-32-c2,"1,3621749396424494",
2025-07-25T14:04:25.2422590+03:00,A60000000000000000000000,,1,-63,"865,7",Speedwayr-15-32-c2,"5,031456984264903",
2025-07-25T14:04:25.2441100+03:00,A40000000000000000000000,,1,-65,"865,7",Speedwayr-15-32-c2,"1,4787574795217582",
2025-07-25T14:04:25.2485010+03:00,A80000000000000000000000,,1,"-66,5","865,7",Speedwayr-15-32-c2,"4,7307967498393175",
2025-07-25T14:04:25.2605580+03:00,A70000000000000000000000,,1,-63,"865,7",Speedwayr-15-32-c2,"5,822991070813893",
2025-07-25T14:04:25.2626940+03:00,A40000000000000000000000,,1,"-64,5","865,7",Speedwayr-15-32-c2,"2,141437179888355",
2025-07-25T14:04:25.2645320+03:00,A60000000000000000000000,,1,-63,"865,7",Speedwayr-15-32-c2,"4,724660826687775",
2025-07-25T14:04:25.2662310+03:00,A20000000000000000000000,,1,-62,"865,7",Speedwayr-15-32-c2,"1,521708941582556",
2025-07-25T14:04:25.2691560+03:00,A30000000000000000000000,,1,"-63,5","865,7",Speedwayr-15-32-c2,"3,80427235395639",
2025-07-25T14:04:25.2807810+03:00,A80000000000000000000000,,1,"-70,5","865,7",Speedwayr-15-32-c2,"4,871922982324796",
2025-07-25T14:04:25.2869040+03:00,A60000000000000000000000,,1,"-62,5","865,7",Speedwayr-15-32-c2,"4,718524903536232",
2025-07-25T14:04:25.2881020+03:00,A80000000000000000000000,,1,-70,"865,7",Speedwayr-15-32-c2,"4,8351074434155406",
2025-07-25T14:04:25.2894270+03:00,A30000000000000000000000,,1,-64,"865,7",Speedwayr-15-32-c2,"3,8963112012295285",
2025-07-25T14:04:25.2909800+03:00,A40000000000000000000000,,1,"-64,5","865,7",Speedwayr-15-32-c2,"1,6812429435226628",
2025-07-25T14:04:25.2927750+03:00,A20000000000000000000000,,1,"-61,5","865,7",Speedwayr-15-32-c2,"1,552388557340269",
2025-07-25T14:04:25.2968630+03:00,A70000000000000000000000,,1,"-63,5","865,7",Speedwayr-15-32-c2,"6,080699843178682",
2025-07-25T14:04:25.3097710+03:00,A70000000000000000000000,,1,"-63,5","865,7",Speedwayr-15-32-c2,"6,050020227420969",
2025-07-25T14:04:25.3140380+03:00,A20000000000000000000000,,1,"-62,5","865,7",Speedwayr-15-32-c2,"1,3437671701878218",
2025-07-25T14:04:25.3152630+03:00,A30000000000000000000000,,1,-63,"865,7",Speedwayr-15-32-c2,"3,736777199289422",
2025-07-25T14:04:25.3166190+03:00,A60000000000000000000000,,1,"-62,5","865,7",Speedwayr-15-32-c2,"4,73693267299086",
2025-07-25T14:04:25.3180850+03:00,A40000000000000000000000,,1,-65,"865,7",Speedwayr-15-32-c2,"2,030990563160589",
2025-07-25T14:04:25.3348580+03:00,A20000000000000000000000,,1,-63,"865,7",Speedwayr-15-32-c2,"1,2210487071569704",
2025-07-25T14:04:25.3358980+03:00,A30000000000000000000000,,1,-64,"865,7",Speedwayr-15-32-c2,"3,6692820446224537",
2025-07-25T14:04:25.3375080+03:00,A60000000000000000000000,,1,-63,"865,7",Speedwayr-15-32-c2,"4,76147636559703",
2025-07-25T14:04:25.3385920+03:00,A40000000000000000000000,,1,"-64,5","865,7",Speedwayr-15-32-c2,"2,067806102069844",
2025-07-25T14:04:25.3411440+03:00,A70000000000000000000000,,1,"-63,5","865,7",Speedwayr-15-32-c2,"5,927301764390117",
2025-07-25T14:04:25.3603010+03:00,A60000000000000000000000,,1,-63,"865,7",Speedwayr-15-32-c2,"4,73693267299086",
2025-07-25T14:04:25.3617430+03:00,A30000000000000000000000,,1,"-63,5","865,7",Speedwayr-15-32-c2,"3,988350048502667",
2025-07-25T14:04:25.3638800+03:00,A70000000000000000000000,,1,"-63,5","865,7",Speedwayr-15-32-c2,"5,841398840268521",
2025-07-25T14:04:25.3661540+03:00,A40000000000000000000000,,1,"-64,5","865,7",Speedwayr-15-32-c2,"1,9941750242513334",
2025-07-25T14:04:25.3675170+03:00,A20000000000000000000000,,1,"-61,5","865,7",Speedwayr-15-32-c2,"1,3437671701878218",
2025-07-25T14:04:25.3687800+03:00,A80000000000000000000000,,1,-71,"865,7",Speedwayr-15-32-c2,"4,779884135051658",
2025-07-25T14:04:25.3811470+03:00,A40000000000000000000000,,1,"-65,5","865,7",Speedwayr-15-32-c2,"2,000310947402876",
2025-07-25T14:04:25.3827310+03:00,A20000000000000000000000,,1,"-61,5","865,7",Speedwayr-15-32-c2,"0,7363107781851077",
2025-07-25T14:04:25.3851220+03:00,A70000000000000000000000,,1,"-63,5","865,7",Speedwayr-15-32-c2,"6,037748381117884",
2025-07-25T14:04:25.3870850+03:00,A30000000000000000000000,,1,"-63,5","865,7",Speedwayr-15-32-c2,"3,6324665057131984",
2025-07-25T14:04:25.3885580+03:00,A60000000000000000000000,,1,-63,"865,7",Speedwayr-15-32-c2,"4,81056375080937",
2025-07-25T14:04:25.3937480+03:00,A80000000000000000000000,,1,-65,"865,7",Speedwayr-15-32-c2,"4,749204519293945",
2025-07-25T14:04:25.4058510+03:00,A60000000000000000000000,,1,"-62,5","865,7",Speedwayr-15-32-c2,"4,7860200582032",
2025-07-25T14:04:25.4080490+03:00,A70000000000000000000000,,1,-64,"865,7",Speedwayr-15-32-c2,"6,074563920027139",
2025-07-25T14:04:25.4120140+03:00,A20000000000000000000000,,1,"-61,5","865,7",Speedwayr-15-32-c2,"1,4419419406125027",
2025-07-25T14:04:25.4145660+03:00,A30000000000000000000000,,1,"-63,5","865,7",Speedwayr-15-32-c2,"3,393165502803038",
2025-07-25T14:04:25.4165470+03:00,A40000000000000000000000,,1,-64,"865,7",Speedwayr-15-32-c2,"2,1353012567368124",
2025-07-25T14:04:25.4394490+03:00,A80000000000000000000000,,1,"-71,5","865,7",Speedwayr-15-32-c2,"4,90567055965828",
2025-07-25T14:04:25.4443930+03:00,A20000000000000000000000,,1,"-62,5","865,7",Speedwayr-15-32-c2,"1,3008157081270237",
2025-07-25T14:04:25.4460320+03:00,A60000000000000000000000,,1,-63,"865,7",Speedwayr-15-32-c2,"4,7307967498393175",
2025-07-25T14:04:25.4471400+03:00,A70000000000000000000000,,1,"-62,5","865,7",Speedwayr-15-32-c2,"5,970253226450915",
2025-07-25T14:04:25.4492030+03:00,A30000000000000000000000,,1,-63,"865,7",Speedwayr-15-32-c2,"3,497476196379262",
2025-07-25T14:04:25.4541440+03:00,A40000000000000000000000,,1,"-64,5","865,7",Speedwayr-15-32-c2,"1,718058482431918",
2025-07-25T14:04:25.4562280+03:00,A80000000000000000000000,,1,"-69,5","865,7",Speedwayr-15-32-c2,"4,933282213840222",
2025-07-25T14:04:25.4728490+03:00,A30000000000000000000000,,1,-62,"865,7",Speedwayr-15-32-c2,"3,5465635815916023",
2025-07-25T14:04:25.4743310+03:00,A40000000000000000000000,,1,-64,"865,7",Speedwayr-15-32-c2,"1,662835174068035",
2025-07-25T14:04:25.4762570+03:00,A70000000000000000000000,,1,-64,"865,7",Speedwayr-15-32-c2,"6,031612457966341",
2025-07-25T14:04:25.4773410+03:00,A20000000000000000000000,,1,"-62,5","865,7",Speedwayr-15-32-c2,"1,2026409377023426",
2025-07-25T14:04:25.4784250+03:00,A60000000000000000000000,,1,"-62,5","865,7",Speedwayr-15-32-c2,"4,503767593232243",
2025-07-25T14:04:25.4883420+03:00,A80000000000000000000000,,1,"-70,5","865,7",Speedwayr-15-32-c2,"1,7211264440076894",
2025-07-25T14:04:25.4945390+03:00,A60000000000000000000000,,1,-63,"865,7",Speedwayr-15-32-c2,"4,779884135051658",
2025-07-25T14:04:25.4958480+03:00,A30000000000000000000000,,1,"-63,5","865,7",Speedwayr-15-32-c2,"3,485204350076177",
2025-07-25T14:04:25.4987260+03:00,A40000000000000000000000,,1,"-64,5","865,7",Speedwayr-15-32-c2,"1,6689710972195777",
2025-07-25T14:04:25.5017820+03:00,A20000000000000000000000,,1,"-62,5","865,7",Speedwayr-15-32-c2,"1,1044661672776617",
2025-07-25T14:04:25.5037460+03:00,A70000000000000000000000,,1,-64,"865,7",Speedwayr-15-32-c2,"0,018407769454627694",
2025-07-25T14:04:25.5076090+03:00,A80000000000000000000000,,1,"-70,5","865,7",Speedwayr-15-32-c2,"5,2339424482658075",
2025-07-25T14:04:25.5193230+03:00,A40000000000000000000000,,1,-65,"865,7",Speedwayr-15-32-c2,"1,748738098189631",
2025-07-25T14:04:25.5218090+03:00,A80000000000000000000000,,1,"-68,5","865,7",Speedwayr-15-32-c2,"4,896466674930966",
2025-07-25T14:04:25.5236530+03:00,A30000000000000000000000,,1,-63,"865,7",Speedwayr-15-32-c2,"3,442252888015379",
2025-07-25T14:04:25.5260980+03:00,A60000000000000000000000,,1,"-63,5","865,7",Speedwayr-15-32-c2,"4,767612288748572",
2025-07-25T14:04:25.5275420+03:00,A20000000000000000000000,,1,"-62,5","865,7",Speedwayr-15-32-c2,"1,1474176293384597",
2025-07-25T14:04:25.5288820+03:00,A70000000000000000000000,,1,"-63,5","865,7",Speedwayr-15-32-c2,"5,8659425328746915",
2025-07-25T14:04:25.5414240+03:00,A30000000000000000000000,,1,"-62,5","865,7",Speedwayr-15-32-c2,"3,479068426924634",
2025-07-25T14:04:25.5438740+03:00,A60000000000000000000000,,1,"-61,5","865,7",Speedwayr-15-32-c2,"4,779884135051658",
2025-07-25T14:04:25.5459710+03:00,A20000000000000000000000,,1,-63,"865,7",Speedwayr-15-32-c2,"1,1474176293384597",
2025-07-25T14:04:25.5470930+03:00,A40000000000000000000000,,1,"-64,5","865,7",Speedwayr-15-32-c2,"1,6751070203711202",
2025-07-25T14:04:25.5487330+03:00,A70000000000000000000000,,1,-62,"865,7",Speedwayr-15-32-c2,"6,000932842208628",
2025-07-25T14:04:25.5570540+03:00,A80000000000000000000000,,1,-69,"865,7",Speedwayr-15-32-c2,"4,95168998329485",
2025-07-25T14:04:25.5691070+03:00,A20000000000000000000000,,1,-63,"865,7",Speedwayr-15-32-c2,"1,1106020904292042",
2025-07-25T14:04:25.5701900+03:00,A40000000000000000000000,,1,-64,"865,7",Speedwayr-15-32-c2,"2,055534255766759",
2025-07-25T14:04:25.5733820+03:00,A60000000000000000000000,,1,-63,"865,7",Speedwayr-15-32-c2,"4,6878452877785195",
2025-07-25T14:04:25.5779960+03:00,A30000000000000000000000,,1,-64,"865,7",Speedwayr-15-32-c2,"3,393165502803038",
2025-07-25T14:04:25.5793070+03:00,A70000000000000000000000,,1,"-62,5","865,7",Speedwayr-15-32-c2,"5,976389149602458",
2025-07-25T14:04:25.5812250+03:00,A80000000000000000000000,,1,-70,"865,7",Speedwayr-15-32-c2,"5,283029833478148",
2025-07-25T14:04:25.5945090+03:00,A70000000000000000000000,,1,-63,"865,7",Speedwayr-15-32-c2,"5,93343768754166",
2025-07-25T14:04:25.5959190+03:00,A40000000000000000000000,,1,-64,"865,7",Speedwayr-15-32-c2,"1,607611865704152",
2025-07-25T14:04:25.5983890+03:00,A60000000000000000000000,,1,-63,"865,7",Speedwayr-15-32-c2,"4,693981210930062",
2025-07-25T14:04:25.6003950+03:00,A20000000000000000000000,,1,"-62,5","865,7",Speedwayr-15-32-c2,"1,0676506283684062",
2025-07-25T14:04:25.6017370+03:00,A30000000000000000000000,,1,-62,"865,7",Speedwayr-15-32-c2,"3,423845118560751",
2025-07-25T14:04:25.6067430+03:00,A80000000000000000000000,,1,-70,"865,7",Speedwayr-15-32-c2,"5,197126909356553",
2025-07-25T14:04:25.6193010+03:00,A60000000000000000000000,,1,-61,"865,7",Speedwayr-15-32-c2,"4,7307967498393175",
2025-07-25T14:04:25.6212870+03:00,A20000000000000000000000,,1,"-63,5","865,7",Speedwayr-15-32-c2,"1,1474176293384597",
2025-07-25T14:04:25.6237110+03:00,A70000000000000000000000,,1,"-63,5","865,7",Speedwayr-15-32-c2,"6,031612457966341",
2025-07-25T14:04:25.6254190+03:00,A30000000000000000000000,,1,"-62,5","865,7",Speedwayr-15-32-c2,"3,356349963893783",
2025-07-25T14:04:25.6265010+03:00,A40000000000000000000000,,1,"-64,5","865,7",Speedwayr-15-32-c2,"1,509437095279471",
2025-07-25T14:04:25.6283370+03:00,A80000000000000000000000,,1,"-69,5","865,7",Speedwayr-15-32-c2,"5,240078371417351",
2025-07-25T14:04:25.6405800+03:00,A70000000000000000000000,,1,"-62,5","865,7",Speedwayr-15-32-c2,"6,000932842208628",
2025-07-25T14:04:25.6417050+03:00,A60000000000000000000000,,1,"-62,5","865,7",Speedwayr-15-32-c2,"4,7860200582032",
2025-07-25T14:04:25.6446080+03:00,A20000000000000000000000,,1,-62,"865,7",Speedwayr-15-32-c2,"1,0492428589137786",
2025-07-25T14:04:25.6474540+03:00,A40000000000000000000000,,1,-65,"865,7",Speedwayr-15-32-c2,"1,6137477888556946",
2025-07-25T14:04:25.6485480+03:00,A30000000000000000000000,,1,-63,"865,7",Speedwayr-15-32-c2,"3,368621810196868",
2025-07-25T14:04:25.6559850+03:00,A80000000000000000000000,,1,"-70,5","865,7",Speedwayr-15-32-c2,"4,724660826687775",
2025-07-25T14:04:25.6694000+03:00,A60000000000000000000000,,1,"-62,5","865,7",Speedwayr-15-32-c2,"4,71238898038469",
2025-07-25T14:04:25.6726490+03:00,A70000000000000000000000,,1,-63,"865,7",Speedwayr-15-32-c2,"5,945709533844745",
2025-07-25T14:04:25.6739610+03:00,A40000000000000000000000,,1,-63,"865,7",Speedwayr-15-32-c2,"1,6873788666742053",
2025-07-25T14:04:25.6755100+03:00,A30000000000000000000000,,1,-62,"865,7",Speedwayr-15-32-c2,"3,5833791205008576",
2025-07-25T14:04:25.6766600+03:00,A20000000000000000000000,,1,"-62,5","865,7",Speedwayr-15-32-c2,"1,086058397823034",
2025-07-25T14:04:25.6783400+03:00,A80000000000000000000000,,1,-70,"865,7",Speedwayr-15-32-c2,"4,509903516383785",
2025-07-25T14:04:25.6903420+03:00,A20000000000000000000000,,1,"-63,5","865,7",Speedwayr-15-32-c2,"0,9510680884890975",
2025-07-25T14:04:25.6931910+03:00,A70000000000000000000000,,1,"-63,5","865,7",Speedwayr-15-32-c2,"5,890486225480862",
2025-07-25T14:04:25.6954590+03:00,A40000000000000000000000,,1,-65,"865,7",Speedwayr-15-32-c2,"1,3192234775816514",
2025-07-25T14:04:25.6965540+03:00,A60000000000000000000000,,1,-62,"865,7",Speedwayr-15-32-c2,"4,755340442445488",
2025-07-25T14:04:25.6984110+03:00,A80000000000000000000000,,1,-70,"865,7",Speedwayr-15-32-c2,"4,902602598082509",
2025-07-25T14:04:25.7022460+03:00,A30000000000000000000000,,1,"-61,5","865,7",Speedwayr-15-32-c2,"3,3747577333484107",
2025-07-25T14:04:25.7157640+03:00,A40000000000000000000000,,1,-65,"865,7",Speedwayr-15-32-c2,"1,6996507129772904",
2025-07-25T14:04:25.7174760+03:00,A70000000000000000000000,,1,"-63,5","865,7",Speedwayr-15-32-c2,"5,884350302329319",
2025-07-25T14:04:25.7191160+03:00,A60000000000000000000000,,1,"-62,5","865,7",Speedwayr-15-32-c2,"4,718524903536232",
2025-07-25T14:04:25.7204150+03:00,A20000000000000000000000,,1,"-63,5","865,7",Speedwayr-15-32-c2,"1,521708941582556",
2025-07-25T14:04:25.7228830+03:00,A30000000000000000000000,,1,-63,"865,7",Speedwayr-15-32-c2,"3,509748042682347",
2025-07-25T14:04:25.7420570+03:00,A20000000000000000000000,,1,"-62,5","865,7",Speedwayr-15-32-c2,"1,0185632431560658",
2025-07-25T14:04:25.7444790+03:00,A60000000000000000000000,,1,-63,"865,7",Speedwayr-15-32-c2,"4,546719055293041",
2025-07-25T14:04:25.7458080+03:00,A40000000000000000000000,,1,"-64,5","865,7",Speedwayr-15-32-c2,"1,6751070203711202",
2025-07-25T14:04:25.7472490+03:00,A70000000000000000000000,,1,"-63,5","865,7",Speedwayr-15-32-c2,"5,945709533844745",
2025-07-25T14:04:25.7483770+03:00,A30000000000000000000000,,1,-63,"865,7",Speedwayr-15-32-c2,"3,442252888015379",
2025-07-25T14:04:25.7573820+03:00,A80000000000000000000000,,1,"-67,5","865,7",Speedwayr-15-32-c2,"4,522175362686871",
2025-07-25T14:04:25.7692430+03:00,A20000000000000000000000,,1,-63,"865,7",Speedwayr-15-32-c2,"1,184233168247715",
2025-07-25T14:04:25.7716540+03:00,A60000000000000000000000,,1,"-62,5","865,7",Speedwayr-15-32-c2,"4,798291904506286",
2025-07-25T14:04:25.7732750+03:00,A70000000000000000000000,,1,"-62,5","865,7",Speedwayr-15-32-c2,"6,025476534814799",
2025-07-25T14:04:25.7756650+03:00,A30000000000000000000000,,1,-64,"865,7",Speedwayr-15-32-c2,"3,2029518851052186",
2025-07-25T14:04:25.7767030+03:00,A40000000000000000000000,,1,-65,"865,7",Speedwayr-15-32-c2,"1,6812429435226628",
2025-07-25T14:04:25.7780470+03:00,A80000000000000000000000,,1,"-70,5","865,7",Speedwayr-15-32-c2,"4,589670517353839",
2025-07-25T14:04:25.7926370+03:00,A60000000000000000000000,,1,"-60,5","865,7",Speedwayr-15-32-c2,"4,933282213840222",
2025-07-25T14:04:25.7942220+03:00,A20000000000000000000000,,1,-63,"865,7",Speedwayr-15-32-c2,"1,423534171157875",
2025-07-25T14:04:25.7958880+03:00,A70000000000000000000000,,1,"-63,5","865,7",Speedwayr-15-32-c2,"5,896622148632405",
2025-07-25T14:04:25.7980850+03:00,A80000000000000000000000,,1,-70,"865,7",Speedwayr-15-32-c2,"4,675573441475434",
2025-07-25T14:04:25.8000400+03:00,A30000000000000000000000,,1,"-63,5","865,7",Speedwayr-15-32-c2,"3,834951969714103",
2025-07-25T14:04:25.8015630+03:00,A40000000000000000000000,,1,"-65,5","865,7",Speedwayr-15-32-c2,"1,8837284075235674",
2025-07-25T14:04:25.8141290+03:00,A30000000000000000000000,,1,-63,"865,7",Speedwayr-15-32-c2,"3,5772431973493153",
2025-07-25T14:04:25.8152730+03:00,A60000000000000000000000,,1,-62,"865,7",Speedwayr-15-32-c2,"4,614214209960009",
2025-07-25T14:04:25.8177300+03:00,A80000000000000000000000,,1,"-68,5","865,7",Speedwayr-15-32-c2,"4,522175362686871",
2025-07-25T14:04:25.8193740+03:00,A70000000000000000000000,,1,"-62,5","865,7",Speedwayr-15-32-c2,"5,93343768754166",
2025-07-25T14:04:25.8204720+03:00,A40000000000000000000000,,1,-63,"865,7",Speedwayr-15-32-c2,"1,7303303287350031",
2025-07-25T14:04:25.8220960+03:00,A20000000000000000000000,,1,"-62,5","865,7",Speedwayr-15-32-c2,"1,2640001692177683",
2025-07-25T14:04:25.8409780+03:00,A60000000000000000000000,,1,"-61,5","865,7",Speedwayr-15-32-c2,"4,779884135051658",
2025-07-25T14:04:25.8447840+03:00,A40000000000000000000000,,1,-64,"865,7",Speedwayr-15-32-c2,"1,6382914814618648",
2025-07-25T14:04:25.8462110+03:00,A70000000000000000000000,,1,"-63,5","865,7",Speedwayr-15-32-c2,"5,896622148632405",
2025-07-25T14:04:25.8473340+03:00,A20000000000000000000000,,1,"-62,5","865,7",Speedwayr-15-32-c2,"1,1596894756415448",
2025-07-25T14:04:25.8486590+03:00,A30000000000000000000000,,1,-64,"865,7",Speedwayr-15-32-c2,"3,5711072741977725",
2025-07-25T14:04:25.8547490+03:00,A80000000000000000000000,,1,-71,"865,7",Speedwayr-15-32-c2,"4,963961829597935",
2025-07-25T14:04:25.8674070+03:00,A40000000000000000000000,,1,"-64,5","865,7",Speedwayr-15-32-c2,"1,736466251886546",
2025-07-25T14:04:25.8707780+03:00,A20000000000000000000000,,1,"-63,5","865,7",Speedwayr-15-32-c2,"1,423534171157875",
2025-07-25T14:04:25.8723670+03:00,A70000000000000000000000,,1,"-63,5","865,7",Speedwayr-15-32-c2,"5,798447378207723",
2025-07-25T14:04:25.8737350+03:00,A60000000000000000000000,,1,"-60,5","865,7",Speedwayr-15-32-c2,"4,534447208989955",
2025-07-25T14:04:25.8757220+03:00,A30000000000000000000000,,1,"-63,5","865,7",Speedwayr-15-32-c2,"3,5281558121369745",
2025-07-25T14:04:25.8869110+03:00,A80000000000000000000000,,1,-71,"865,7",Speedwayr-15-32-c2,"5,712544454086128",
2025-07-25T14:04:25.8993530+03:00,A60000000000000000000000,,1,-61,"865,7",Speedwayr-15-32-c2,"4,638757902566179",
2025-07-25T14:04:25.9007220+03:00,A40000000000000000000000,,1,"-64,5","865,7",Speedwayr-15-32-c2,"1,9573594853420782",
2025-07-25T14:04:25.9055030+03:00,A70000000000000000000000,,1,"-62,5","865,7",Speedwayr-15-32-c2,"5,945709533844745",
2025-07-25T14:04:25.9066130+03:00,A30000000000000000000000,,1,-64,"865,7",Speedwayr-15-32-c2,"3,5281558121369745",
2025-07-25T14:04:25.9076870+03:00,A80000000000000000000000,,1,-70,"865,7",Speedwayr-15-32-c2,"4,558990901596125",
2025-07-25T14:04:25.9093410+03:00,A20000000000000000000000,,1,-67,"865,7",Speedwayr-15-32-c2,"1,6505633277649499",
2025-07-25T14:04:25.9216220+03:00,A70000000000000000000000,,1,"-63,5","865,7",Speedwayr-15-32-c2,"5,5284667595398505",
2025-07-25T14:04:25.9233160+03:00,A40000000000000000000000,,1,"-63,5","865,7",Speedwayr-15-32-c2,"1,8285050991596843",
2025-07-25T14:04:25.9251820+03:00,A60000000000000000000000,,1,-59,"865,7",Speedwayr-15-32-c2,"4,454680208019902",
2025-07-25T14:04:25.9271650+03:00,A20000000000000000000000,,1,"-66,5","865,7",Speedwayr-15-32-c2,"1,9082721001297376",
2025-07-25T14:04:25.9293630+03:00,A30000000000000000000000,,1,"-62,5","865,7",Speedwayr-15-32-c2,"3,56497135104623",
2025-07-25T14:04:25.9407480+03:00,A80000000000000000000000,,1,"-70,5","865,7",Speedwayr-15-32-c2,"1,4388739790367313",
2025-07-25T14:04:25.9483040+03:00,A60000000000000000000000,,1,"-60,5","865,7",Speedwayr-15-32-c2,"4,338097668140593",
2025-07-25T14:04:25.9493850+03:00,A40000000000000000000000,,1,"-64,5","865,7",Speedwayr-15-32-c2,"1,8039614065535141",
2025-07-25T14:04:25.9504550+03:00,A70000000000000000000000,,1,-63,"865,7",Speedwayr-15-32-c2,"5,737088146692298",
2025-07-25T14:04:25.9524190+03:00,A30000000000000000000000,,1,"-63,5","865,7",Speedwayr-15-32-c2,"3,497476196379262",
2025-07-25T14:04:25.9537210+03:00,A80000000000000000000000,,1,-71,"865,7",Speedwayr-15-32-c2,"4,196971435655114",
2025-07-25T14:04:25.9740450+03:00,A40000000000000000000000,,1,"-64,5","865,7",Speedwayr-15-32-c2,"1,88986433067511",
2025-07-25T14:04:25.9760970+03:00,A30000000000000000000000,,1,-64,"865,7",Speedwayr-15-32-c2,"3,472932503773092",
2025-07-25T14:04:25.9785340+03:00,A60000000000000000000000,,1,"-59,5","865,7",Speedwayr-15-32-c2,"4,246058820867455",
2025-07-25T14:04:25.9807670+03:00,A70000000000000000000000,,1,"-63,5","865,7",Speedwayr-15-32-c2,"5,706408530934585",
2025-07-25T14:04:25.9868520+03:00,A80000000000000000000000,,1,"-71,5","865,7",Speedwayr-15-32-c2,"4,338097668140593",
2025-07-25T14:04:25.9995410+03:00,A40000000000000000000000,,1,-63,"865,7",Speedwayr-15-32-c2,"1,902136176978195",
2025-07-25T14:04:26.0006260+03:00,A30000000000000000000000,,1,"-63,5","865,7",Speedwayr-15-32-c2,"3,2581751934691017",
2025-07-25T14:04:26.0017380+03:00,A60000000000000000000000,,1,"-59,5","865,7",Speedwayr-15-32-c2,"4,319689898685965",
2025-07-25T14:04:26.0067470+03:00,A70000000000000000000000,,1,-63,"865,7",Speedwayr-15-32-c2,"5,786175531904639",
2025-07-25T14:04:26.0106860+03:00,A20000000000000000000000,,1,"-70,5","865,7",Speedwayr-15-32-c2,"5,154175447295755",
2025-07-25T14:04:26.0247540+03:00,A60000000000000000000000,,1,"-59,5","865,7",Speedwayr-15-32-c2,"4,01902966426038",
2025-07-25T14:04:26.0258200+03:00,A40000000000000000000000,,1,-64,"865,7",Speedwayr-15-32-c2,"2,0064468705544187",
2025-07-25T14:04:26.0271900+03:00,A30000000000000000000000,,1,-65,"865,7",Speedwayr-15-32-c2,"3,5158839658338894",
2025-07-25T14:04:26.0287790+03:00,A70000000000000000000000,,1,-64,"865,7",Speedwayr-15-32-c2,"5,786175531904639",
2025-07-25T14:04:26.0342810+03:00,A20000000000000000000000,,1,"-67,5","865,7",Speedwayr-15-32-c2,"5,8045833013592665",
2025-07-25T14:04:26.0391270+03:00,A80000000000000000000000,,1,"-72,5","865,7",Speedwayr-15-32-c2,"4,295146206079795",
2025-07-25T14:04:26.0544400+03:00,A70000000000000000000000,,1,-64,"865,7",Speedwayr-15-32-c2,"5,810719224510809",
2025-07-25T14:04:26.0558510+03:00,A20000000000000000000000,,1,"-66,5","865,7",Speedwayr-15-32-c2,"5,743224069843841",
2025-07-25T14:04:26.0572700+03:00,A80000000000000000000000,,1,"-69,5","865,7",Speedwayr-15-32-c2,"4,166291819897402",
2025-07-25T14:04:26.0590290+03:00,A60000000000000000000000,,1,"-59,5","865,7",Speedwayr-15-32-c2,"3,902447124381071",
2025-07-25T14:04:26.0607620+03:00,A40000000000000000000000,,1,-64,"865,7",Speedwayr-15-32-c2,"2,018718716857504",
2025-07-25T14:04:26.0624880+03:00,A30000000000000000000000,,1,"-63,5","865,7",Speedwayr-15-32-c2,"3,3624858870453256",
2025-07-25T14:04:26.0767670+03:00,A40000000000000000000000,,1,"-63,5","865,7",Speedwayr-15-32-c2,"2,1537090261914402",
2025-07-25T14:04:26.0791220+03:00,A80000000000000000000000,,1,-71,"865,7",Speedwayr-15-32-c2,"4,1601558967458585",
2025-07-25T14:04:26.0807780+03:00,A60000000000000000000000,,1,-59,"865,7",Speedwayr-15-32-c2,"3,816544200259475",
2025-07-25T14:04:26.0832730+03:00,A20000000000000000000000,,1,-63,"865,7",Speedwayr-15-32-c2,"5,7616318392984684",
2025-07-25T14:04:26.0844860+03:00,A70000000000000000000000,,1,"-64,5","865,7",Speedwayr-15-32-c2,"5,872078456026235",
2025-07-25T14:04:26.0866450+03:00,A30000000000000000000000,,1,-66,"865,7",Speedwayr-15-32-c2,"3,2643111166206444",
2025-07-25T14:04:26.1004570+03:00,A30000000000000000000000,,1,-66,"865,7",Speedwayr-15-32-c2,"3,2643111166206444",
2025-07-25T14:04:26.1024100+03:00,A20000000000000000000000,,1,"-63,5","865,7",Speedwayr-15-32-c2,"5,773903685601553",
2025-07-25T14:04:26.1041090+03:00,A60000000000000000000000,,1,-59,"865,7",Speedwayr-15-32-c2,"3,6570101983193686",
2025-07-25T14:04:26.1057190+03:00,A70000000000000000000000,,1,"-64,5","865,7",Speedwayr-15-32-c2,"5,688000761479957",
2025-07-25T14:04:26.1071600+03:00,A40000000000000000000000,,1,-64,"865,7",Speedwayr-15-32-c2,"2,1782527187976104",
2025-07-25T14:04:26.1101700+03:00,A80000000000000000000000,,1,-66,"865,7",Speedwayr-15-32-c2,"3,9638063558964967",
2025-07-25T14:04:26.1224840+03:00,A40000000000000000000000,,1,"-64,5","865,7",Speedwayr-15-32-c2,"2,2518837966161214",
2025-07-25T14:04:26.1254250+03:00,A70000000000000000000000,,1,"-61,5","865,7",Speedwayr-15-32-c2,"5,786175531904639",
2025-07-25T14:04:26.1280350+03:00,A20000000000000000000000,,1,"-62,5","865,7",Speedwayr-15-32-c2,"5,8475347634200645",
2025-07-25T14:04:26.1291610+03:00,A60000000000000000000000,,1,"-60,5","865,7",Speedwayr-15-32-c2,"3,56497135104623",
2025-07-25T14:04:26.1321430+03:00,A30000000000000000000000,,1,"-65,5","865,7",Speedwayr-15-32-c2,"3,2029518851052186",
2025-07-25T14:04:26.1371070+03:00,A80000000000000000000000,,1,-70,"865,7",Speedwayr-15-32-c2,"4,123340357836604",
2025-07-25T14:04:26.1527660+03:00,A60000000000000000000000,,1,-60,"865,7",Speedwayr-15-32-c2,"3,5281558121369745",
2025-07-25T14:04:26.1539500+03:00,A40000000000000000000000,,1,"-64,5","865,7",Speedwayr-15-32-c2,"1,846912868614312",
2025-07-25T14:04:26.1550290+03:00,A20000000000000000000000,,1,"-61,5","865,7",Speedwayr-15-32-c2,"5,841398840268521",
2025-07-25T14:04:26.1563290+03:00,A70000000000000000000000,,1,"-64,5","865,7",Speedwayr-15-32-c2,"5,835262917116979",
2025-07-25T14:04:26.1578150+03:00,A30000000000000000000000,,1,-67,"865,7",Speedwayr-15-32-c2,"3,393165502803038",
2025-07-25T14:04:26.1590880+03:00,A80000000000000000000000,,1,"-70,5","865,7",Speedwayr-15-32-c2,"4,190835512503572",
2025-07-25T14:04:26.1723790+03:00,A70000000000000000000000,,1,-64,"865,7",Speedwayr-15-32-c2,"5,8659425328746915",
2025-07-25T14:04:26.1758950+03:00,A80000000000000000000000,,1,-68,"865,7",Speedwayr-15-32-c2,"4,0128937411088375",
2025-07-25T14:04:26.1786310+03:00,A40000000000000000000000,,1,-64,"865,7",Speedwayr-15-32-c2,"2,429825568010856",
2025-07-25T14:04:26.1813660+03:00,A60000000000000000000000,,1,-60,"865,7",Speedwayr-15-32-c2,"3,3502140407422405",
2025-07-25T14:04:26.1824630+03:00,A20000000000000000000000,,1,-61,"865,7",Speedwayr-15-32-c2,"5,810719224510809",
2025-07-25T14:04:26.1848220+03:00,A30000000000000000000000,,1,-67,"865,7",Speedwayr-15-32-c2,"3,1968159619536762",
2025-07-25T14:04:26.1984880+03:00,A40000000000000000000000,,1,"-64,5","865,7",Speedwayr-15-32-c2,"2,405281875404685",
2025-07-25T14:04:26.1996270+03:00,A60000000000000000000000,,1,-59,"865,7",Speedwayr-15-32-c2,"3,436116964863836",
2025-07-25T14:04:26.2032060+03:00,A20000000000000000000000,,1,"-59,5","865,7",Speedwayr-15-32-c2,"5,749359992995383",
2025-07-25T14:04:26.2054380+03:00,A30000000000000000000000,,1,-67,"865,7",Speedwayr-15-32-c2,"3,172272269347506",
2025-07-25T14:04:26.2084840+03:00,A80000000000000000000000,,1,-71,"865,7",Speedwayr-15-32-c2,"3,5342917352885173",
2025-07-25T14:04:26.2211130+03:00,A40000000000000000000000,,1,-63,"865,7",Speedwayr-15-32-c2,"2,5832236467994196",
2025-07-25T14:04:26.2239420+03:00,A60000000000000000000000,,1,"-60,5","865,7",Speedwayr-15-32-c2,"3,4177091954092087",
2025-07-25T14:04:26.2252650+03:00,A70000000000000000000000,,1,"-63,5","865,7",Speedwayr-15-32-c2,"5,816855147662351",
2025-07-25T14:04:26.2263220+03:00,A30000000000000000000000,,1,"-67,5","865,7",Speedwayr-15-32-c2,"3,2459033471660166",
2025-07-25T14:04:26.2286700+03:00,A20000000000000000000000,,1,-59,"865,7",Speedwayr-15-32-c2,"5,841398840268521",
2025-07-25T14:04:26.2377500+03:00,A80000000000000000000000,,1,"-70,5","865,7",Speedwayr-15-32-c2,"3,933126740138784",
2025-07-25T14:04:26.2541100+03:00,A70000000000000000000000,,1,"-64,5","865,7",Speedwayr-15-32-c2,"5,816855147662351",
2025-07-25T14:04:26.2563710+03:00,A20000000000000000000000,,1,-59,"865,7",Speedwayr-15-32-c2,"6,050020227420969",
2025-07-25T14:04:26.2581210+03:00,A60000000000000000000000,,1,-61,"865,7",Speedwayr-15-32-c2,"3,4177091954092087",
2025-07-25T14:04:26.2599990+03:00,A40000000000000000000000,,1,"-64,5","865,7",Speedwayr-15-32-c2,"2,466641106920111",
2025-07-25T14:04:26.2673410+03:00,A80000000000000000000000,,1,"-69,5","865,7",Speedwayr-15-32-c2,"4,184699589352029",
2025-07-25T14:04:26.2688940+03:00,A30000000000000000000000,,1,-67,"865,7",Speedwayr-15-32-c2,"3,2765829629237295",
2025-07-25T14:04:26.2814690+03:00,A40000000000000000000000,,1,-64,"865,7",Speedwayr-15-32-c2,"2,6139032625571326",
2025-07-25T14:04:26.2839310+03:00,A70000000000000000000000,,1,-63,"865,7",Speedwayr-15-32-c2,"5,810719224510809",
2025-07-25T14:04:26.2863270+03:00,A20000000000000000000000,,1,-60,"865,7",Speedwayr-15-32-c2,"6,031612457966341",
2025-07-25T14:04:26.2877550+03:00,A30000000000000000000000,,1,"-66,5","865,7",Speedwayr-15-32-c2,"3,2520392703175593",
2025-07-25T14:04:26.2897600+03:00,A60000000000000000000000,,1,-59,"865,7",Speedwayr-15-32-c2,"3,56497135104623",
2025-07-25T14:04:26.3087950+03:00,A80000000000000000000000,,1,-72,"865,7",Speedwayr-15-32-c2,"0,9418642037617837",
2025-07-25T14:04:26.3144920+03:00,A60000000000000000000000,,1,-60,"865,7",Speedwayr-15-32-c2,"3,5833791205008576",
2025-07-25T14:04:26.3160390+03:00,A20000000000000000000000,,1,"-59,5","865,7",Speedwayr-15-32-c2,"6,086835766330224",
2025-07-25T14:04:26.3170780+03:00,A40000000000000000000000,,1,-65,"865,7",Speedwayr-15-32-c2,"2,6445828783148455",
2025-07-25T14:04:26.3184720+03:00,A70000000000000000000000,,1,"-63,5","865,7",Speedwayr-15-32-c2,"5,822991070813893",
2025-07-25T14:04:26.3247570+03:00,A30000000000000000000000,,1,-65,"865,7",Speedwayr-15-32-c2,"3,3195344249845276",
2025-07-25T14:04:26.3367120+03:00,A20000000000000000000000,,1,"-59,5","865,7",Speedwayr-15-32-c2,"6,135923151542564",
2025-07-25T14:04:26.3391110+03:00,A70000000000000000000000,,1,"-64,5","865,7",Speedwayr-15-32-c2,"5,816855147662351",
2025-07-25T14:04:26.3424820+03:00,A60000000000000000000000,,1,"-59,5","865,7",Speedwayr-15-32-c2,"3,902447124381071",
2025-07-25T14:04:26.3486140+03:00,A40000000000000000000000,,1,-65,"865,7",Speedwayr-15-32-c2,"2,7120780329818137",
2025-07-25T14:04:26.3581980+03:00,A80000000000000000000000,,1,-72,"865,7",Speedwayr-15-32-c2,"4,1601558967458585",
2025-07-25T14:04:26.3668820+03:00,A70000000000000000000000,,1,"-64,5","865,7",Speedwayr-15-32-c2,"5,755495916146925",
2025-07-25T14:04:26.3694330+03:00,A60000000000000000000000,,1,"-59,5","865,7",Speedwayr-15-32-c2,"4,0128937411088375",
2025-07-25T14:04:26.3728420+03:00,A40000000000000000000000,,1,"-64,5","865,7",Speedwayr-15-32-c2,"2,773437264497239",
2025-07-25T14:04:26.3739250+03:00,A20000000000000000000000,,1,"-61,5","865,7",Speedwayr-15-32-c2,"6,2463697682703305",
2025-07-25T14:04:26.3765860+03:00,A30000000000000000000000,,1,-66,"865,7",Speedwayr-15-32-c2,"3,466796580621549",
2025-07-25T14:04:26.3791410+03:00,A80000000000000000000000,,1,"-68,5","865,7",Speedwayr-15-32-c2,"4,111068511533518",
2025-07-25T14:04:26.3917000+03:00,A60000000000000000000000,,1,"-59,5","865,7",Speedwayr-15-32-c2,"4,025165587411922",
2025-07-25T14:04:26.3948630+03:00,A70000000000000000000000,,1,"-64,5","865,7",Speedwayr-15-32-c2,"5,792311455056181",
2025-07-25T14:04:26.3965620+03:00,A40000000000000000000000,,1,-65,"865,7",Speedwayr-15-32-c2,"2,773437264497239",
2025-07-25T14:04:26.3996200+03:00,A30000000000000000000000,,1,-66,"865,7",Speedwayr-15-32-c2,"3,6815538909255388",
2025-07-25T14:04:26.4013130+03:00,A20000000000000000000000,,1,-62,"865,7",Speedwayr-15-32-c2,"0,14112623248547898",
2025-07-25T14:04:26.4172910+03:00,A80000000000000000000000,,1,-72,"865,7",Speedwayr-15-32-c2,"4,06811704947272",
2025-07-25T14:04:26.4309640+03:00,A70000000000000000000000,,1,"-63,5","865,7",Speedwayr-15-32-c2,"5,773903685601553",
2025-07-25T14:04:26.4323170+03:00,A80000000000000000000000,,1,-71,"865,7",Speedwayr-15-32-c2,"4,049709280018092",
2025-07-25T14:04:26.4342270+03:00,A60000000000000000000000,,1,"-59,5","865,7",Speedwayr-15-32-c2,"4,319689898685965",
2025-07-25T14:04:26.4369180+03:00,A20000000000000000000000,,1,"-66,5","865,7",Speedwayr-15-32-c2,"0,09203884727313846",
2025-07-25T14:04:26.4389350+03:00,A30000000000000000000000,,1,"-65,5","865,7",Speedwayr-15-32-c2,"3,865631585471816",
2025-07-25T14:04:26.4421100+03:00,A40000000000000000000000,,1,"-64,5","865,7",Speedwayr-15-32-c2,"2,6139032625571326",
2025-07-25T14:04:26.4557300+03:00,A60000000000000000000000,,1,"-61,5","865,7",Speedwayr-15-32-c2,"4,589670517353839",
2025-07-25T14:04:26.4579880+03:00,A40000000000000000000000,,1,-65,"865,7",Speedwayr-15-32-c2,"2,5954954931025047",
2025-07-25T14:04:26.4595430+03:00,A70000000000000000000000,,1,"-62,5","865,7",Speedwayr-15-32-c2,"5,767767762450011",
2025-07-25T14:04:26.4620130+03:00,A30000000000000000000000,,1,"-65,5","865,7",Speedwayr-15-32-c2,"3,5158839658338894",
2025-07-25T14:04:26.4667170+03:00,A20000000000000000000000,,1,-71,"865,7",Speedwayr-15-32-c2,"6,013204688511713",
2025-07-25T14:04:26.4855320+03:00,A80000000000000000000000,,1,"-70,5","865,7",Speedwayr-15-32-c2,"1,086058397823034",
2025-07-25T14:04:26.4918490+03:00,A30000000000000000000000,,1,"-64,5","865,7",Speedwayr-15-32-c2,"4,239922897715912",
2025-07-25T14:04:26.4934680+03:00,A60000000000000000000000,,1,-61,"865,7",Speedwayr-15-32-c2,"4,718524903536232",
2025-07-25T14:04:26.4945530+03:00,A70000000000000000000000,,1,"-63,5","865,7",Speedwayr-15-32-c2,"5,970253226450915",
2025-07-25T14:04:26.4964820+03:00,A40000000000000000000000,,1,-65,"865,7",Speedwayr-15-32-c2,"2,5402721847386216",
2025-07-25T14:04:26.4987310+03:00,A80000000000000000000000,,1,"-70,5","865,7",Speedwayr-15-32-c2,"4,135612204139688",
2025-07-25T14:04:26.5161290+03:00,A40000000000000000000000,,1,-66,"865,7",Speedwayr-15-32-c2,"2,552544031041707",
2025-07-25T14:04:26.5174690+03:00,A70000000000000000000000,,1,"-63,5","865,7",Speedwayr-15-32-c2,"5,730952223540755",
2025-07-25T14:04:26.5214590+03:00,A30000000000000000000000,,1,"-64,5","865,7",Speedwayr-15-32-c2,"4,28287435977671",
2025-07-25T14:04:26.5228760+03:00,A60000000000000000000000,,1,"-63,5","865,7",Speedwayr-15-32-c2,"4,700117134081604",
2025-07-25T14:04:26.5386430+03:00,A20000000000000000000000,,1,-69,"865,7",Speedwayr-15-32-c2,"2,6998061866787286",
2025-07-25T14:04:26.5497980+03:00,A80000000000000000000000,,1,-70,"865,7",Speedwayr-15-32-c2,"1,05231082048955",
2025-07-25T14:04:26.5579620+03:00,A20000000000000000000000,,1,-66,"865,7",Speedwayr-15-32-c2,"2,1598449493429825",
2025-07-25T14:04:26.5601280+03:00,A30000000000000000000000,,1,"-62,5","865,7",Speedwayr-15-32-c2,"4,313553975534423",
2025-07-25T14:04:26.5628070+03:00,A70000000000000000000000,,1,"-63,5","865,7",Speedwayr-15-32-c2,"5,4671075280244255",
2025-07-25T14:04:26.5639200+03:00,A60000000000000000000000,,1,"-63,5","865,7",Speedwayr-15-32-c2,"4,595806440505381",
2025-07-25T14:04:26.5661080+03:00,A40000000000000000000000,,1,"-66,5","865,7",Speedwayr-15-32-c2,"2,5893595699509624",
2025-07-25T14:04:26.5773580+03:00,A80000000000000000000000,,1,-70,"865,7",Speedwayr-15-32-c2,"4,424000592262189",
2025-07-25T14:04:26.5937390+03:00,A30000000000000000000000,,1,"-61,5","865,7",Speedwayr-15-32-c2,"4,166291819897402",
2025-07-25T14:04:26.5948550+03:00,A60000000000000000000000,,1,"-62,5","865,7",Speedwayr-15-32-c2,"4,460816131171445",
2025-07-25T14:04:26.5969580+03:00,A80000000000000000000000,,1,-70,"865,7",Speedwayr-15-32-c2,"4,178563666200486",
2025-07-25T14:04:26.5980530+03:00,A20000000000000000000000,,1,-64,"865,7",Speedwayr-15-32-c2,"1,8346410223112268",
2025-07-25T14:04:26.6032710+03:00,A40000000000000000000000,,1,"-66,5","865,7",Speedwayr-15-32-c2,"2,429825568010856",
2025-07-25T14:04:26.6043850+03:00,A70000000000000000000000,,1,"-63,5","865,7",Speedwayr-15-32-c2,"5,829126993965437",
2025-07-25T14:04:26.6164670+03:00,A60000000000000000000000,,1,"-63,5","865,7",Speedwayr-15-32-c2,"4,154019973594316",
2025-07-25T14:04:26.6177790+03:00,A70000000000000000000000,,1,"-63,5","865,7",Speedwayr-15-32-c2,"5,448699758569798",
2025-07-25T14:04:26.6206810+03:00,A20000000000000000000000,,1,"-61,5","865,7",Speedwayr-15-32-c2,"1,6751070203711202",
2025-07-25T14:04:26.6223500+03:00,A30000000000000000000000,,1,-64,"865,7",Speedwayr-15-32-c2,"4,178563666200486",
2025-07-25T14:04:26.6248170+03:00,A40000000000000000000000,,1,-66,"865,7",Speedwayr-15-32-c2,"2,5464081078901644",
2025-07-25T14:04:26.6259450+03:00,A80000000000000000000000,,1,-69,"865,7",Speedwayr-15-32-c2,"3,847223816017188",
2025-07-25T14:04:26.6387430+03:00,A20000000000000000000000,,1,"-60,5","865,7",Speedwayr-15-32-c2,"1,4296700943094176",
2025-07-25T14:04:26.6413990+03:00,A30000000000000000000000,,1,-64,"865,7",Speedwayr-15-32-c2,"4,28287435977671",
2025-07-25T14:04:26.6438850+03:00,A70000000000000000000000,,1,-64,"865,7",Speedwayr-15-32-c2,"5,442563835418255",
2025-07-25T14:04:26.6455810+03:00,A60000000000000000000000,,1,-63,"865,7",Speedwayr-15-32-c2,"4,264466590322082",
2025-07-25T14:04:26.6470800+03:00,A40000000000000000000000,,1,"-66,5","865,7",Speedwayr-15-32-c2,"2,4911847995262812",
2025-07-25T14:04:26.6482230+03:00,A80000000000000000000000,,1,"-70,5","865,7",Speedwayr-15-32-c2,"3,693825737228624",
2025-07-25T14:04:26.6606410+03:00,A20000000000000000000000,,1,-59,"865,7",Speedwayr-15-32-c2,"1,2762720155208536",
2025-07-25T14:04:26.6620200+03:00,A30000000000000000000000,,1,"-64,5","865,7",Speedwayr-15-32-c2,"4,111068511533518",
2025-07-25T14:04:26.6664530+03:00,A60000000000000000000000,,1,-63,"865,7",Speedwayr-15-32-c2,"4,221515128261284",
2025-07-25T14:04:26.6675520+03:00,A40000000000000000000000,,1,-66,"865,7",Speedwayr-15-32-c2,"2,4727770300716534",
2025-07-25T14:04:26.6686060+03:00,A70000000000000000000000,,1,"-63,5","865,7",Speedwayr-15-32-c2,"5,448699758569798",
2025-07-25T14:04:26.6773470+03:00,A80000000000000000000000,,1,"-70,5","865,7",Speedwayr-15-32-c2,"4,04357335686655",
2025-07-25T14:04:26.6900210+03:00,A60000000000000000000000,,1,"-62,5","865,7",Speedwayr-15-32-c2,"4,28287435977671",
2025-07-25T14:04:26.6913180+03:00,A20000000000000000000000,,1,"-59,5","865,7",Speedwayr-15-32-c2,"1,3130875544301088",
2025-07-25T14:04:26.6937410+03:00,A30000000000000000000000,,1,"-64,5","865,7",Speedwayr-15-32-c2,"3,9699422790480394",
2025-07-25T14:04:26.6963250+03:00,A40000000000000000000000,,1,"-65,5","865,7",Speedwayr-15-32-c2,"2,2334760271614935",
2025-07-25T14:04:26.6978480+03:00,A70000000000000000000000,,1,-63,"865,7",Speedwayr-15-32-c2,"5,332117218690489",
2025-07-25T14:04:26.7097320+03:00,A80000000000000000000000,,1,"-70,5","865,7",Speedwayr-15-32-c2,"0,5246214294568893",
2025-07-25T14:04:26.7176310+03:00,A20000000000000000000000,,1,-59,"865,7",Speedwayr-15-32-c2,"1,3499030933393643",
2025-07-25T14:04:26.7209950+03:00,A30000000000000000000000,,1,-64,"865,7",Speedwayr-15-32-c2,"3,9147189706841563",
2025-07-25T14:04:26.7226990+03:00,A70000000000000000000000,,1,-63,"865,7",Speedwayr-15-32-c2,"5,497787143782138",
2025-07-25T14:04:26.7238260+03:00,A60000000000000000000000,,1,-62,"865,7",Speedwayr-15-32-c2,"4,123340357836604",
2025-07-25T14:04:26.7254790+03:00,A80000000000000000000000,,1,-68,"865,7",Speedwayr-15-32-c2,"3,749049045592507",
2025-07-25T14:04:26.7273850+03:00,A40000000000000000000000,,1,-66,"865,7",Speedwayr-15-32-c2,"2,478912953223196",
2025-07-25T14:04:26.7425590+03:00,A30000000000000000000000,,1,"-62,5","865,7",Speedwayr-15-32-c2,"4,0128937411088375",
2025-07-25T14:04:26.7436120+03:00,A40000000000000000000000,,1,-65,"865,7",Speedwayr-15-32-c2,"2,6323110320117604",
2025-07-25T14:04:26.7452370+03:00,A60000000000000000000000,,1,-62,"865,7",Speedwayr-15-32-c2,"4,184699589352029",
2025-07-25T14:04:26.7463390+03:00,A20000000000000000000000,,1,"-61,5","865,7",Speedwayr-15-32-c2,"1,5830681730979816",
2025-07-25T14:04:26.7477400+03:00,A70000000000000000000000,,1,-63,"865,7",Speedwayr-15-32-c2,"5,289165756629691",
2025-07-25T14:04:26.7488710+03:00,A80000000000000000000000,,1,"-71,5","865,7",Speedwayr-15-32-c2,"3,6815538909255388",
2025-07-25T14:04:26.7644370+03:00,A70000000000000000000000,,1,"-61,5","865,7",Speedwayr-15-32-c2,"5,252350217720435",
2025-07-25T14:04:26.7699900+03:00,A30000000000000000000000,,1,"-61,5","865,7",Speedwayr-15-32-c2,"4,049709280018092",
2025-07-25T14:04:26.7714150+03:00,A20000000000000000000000,,1,"-62,5","865,7",Speedwayr-15-32-c2,"1,859184714917397",
2025-07-25T14:04:26.7727240+03:00,A40000000000000000000000,,1,-64,"865,7",Speedwayr-15-32-c2,"2,521864415283994",
2025-07-25T14:04:26.7763700+03:00,A60000000000000000000000,,1,"-62,5","865,7",Speedwayr-15-32-c2,"4,154019973594316",
2025-07-25T14:04:26.7916620+03:00,A20000000000000000000000,,1,-62,"865,7",Speedwayr-15-32-c2,"1,7241944055834606",
2025-07-25T14:04:26.7954760+03:00,A40000000000000000000000,,1,-66,"865,7",Speedwayr-15-32-c2,"2,5893595699509624",
2025-07-25T14:04:26.7966570+03:00,A70000000000000000000000,,1,"-62,5","865,7",Speedwayr-15-32-c2,"5,405748296509",
2025-07-25T14:04:26.7977860+03:00,A60000000000000000000000,,1,"-63,5","865,7",Speedwayr-15-32-c2,"3,9822141253511245",
2025-07-25T14:04:26.7991110+03:00,A30000000000000000000000,,1,-64,"865,7",Speedwayr-15-32-c2,"4,049709280018092",
2025-07-25T14:04:26.8106680+03:00,A80000000000000000000000,,1,"-70,5","865,7",Speedwayr-15-32-c2,"3,693825737228624",
2025-07-25T14:04:26.8197220+03:00,A60000000000000000000000,,1,"-62,5","865,7",Speedwayr-15-32-c2,"4,313553975534423",
2025-07-25T14:04:26.8226380+03:00,A30000000000000000000000,,1,"-64,5","865,7",Speedwayr-15-32-c2,"4,129476280988146",
2025-07-25T14:04:26.8241740+03:00,A20000000000000000000000,,1,"-62,5","865,7",Speedwayr-15-32-c2,"1,6198837120072371",
2025-07-25T14:04:26.8264170+03:00,A70000000000000000000000,,1,"-63,5","865,7",Speedwayr-15-32-c2,"5,338253141842031",
2025-07-25T14:04:26.8277720+03:00,A40000000000000000000000,,1,"-65,5","865,7",Speedwayr-15-32-c2,"2,429825568010856",
2025-07-25T14:04:26.8301050+03:00,A80000000000000000000000,,1,-69,"865,7",Speedwayr-15-32-c2,"3,2459033471660166",
2025-07-25T14:04:26.8431040+03:00,A30000000000000000000000,,1,-65,"865,7",Speedwayr-15-32-c2,"4,1172044346850605",
2025-07-25T14:04:26.8448140+03:00,A40000000000000000000000,,1,-64,"865,7",Speedwayr-15-32-c2,"2,5157284921324514",
2025-07-25T14:04:26.8464240+03:00,A60000000000000000000000,,1,"-63,5","865,7",Speedwayr-15-32-c2,"4,221515128261284",
2025-07-25T14:04:26.8477930+03:00,A70000000000000000000000,,1,-63,"865,7",Speedwayr-15-32-c2,"5,442563835418255",
2025-07-25T14:04:26.8489310+03:00,A20000000000000000000000,,1,"-63,5","865,7",Speedwayr-15-32-c2,"1,6260196351587797",
2025-07-25T14:04:26.8717140+03:00,A20000000000000000000000,,1,"-63,5","865,7",Speedwayr-15-32-c2,"1,509437095279471",
2025-07-25T14:04:26.8732350+03:00,A60000000000000000000000,,1,-64,"865,7",Speedwayr-15-32-c2,"4,301282129231338",
2025-07-25T14:04:26.8754860+03:00,A40000000000000000000000,,1,"-65,5","865,7",Speedwayr-15-32-c2,"2,3930100291016",
2025-07-25T14:04:26.8783000+03:00,A30000000000000000000000,,1,"-63,5","865,7",Speedwayr-15-32-c2,"4,270602513473625",
2025-07-25T14:04:26.8827620+03:00,A70000000000000000000000,,1,-63,"865,7",Speedwayr-15-32-c2,"5,565282298449106",
2025-07-25T14:04:26.8869890+03:00,A80000000000000000000000,,1,-69,"865,7",Speedwayr-15-32-c2,"4,01902966426038",
2025-07-25T14:04:26.9004840+03:00,A30000000000000000000000,,1,-64,"865,7",Speedwayr-15-32-c2,"4,4362724385652745",
2025-07-25T14:04:26.9016810+03:00,A70000000000000000000000,,1,"-63,5","865,7",Speedwayr-15-32-c2,"5,5100589900852235",
2025-07-25T14:04:26.9038790+03:00,A20000000000000000000000,,1,"-62,5","865,7",Speedwayr-15-32-c2,"1,6935147898257479",
2025-07-25T14:04:26.9061640+03:00,A80000000000000000000000,,1,-68,"865,7",Speedwayr-15-32-c2,"3,9269908169872414",
2025-07-25T14:04:26.9072620+03:00,A40000000000000000000000,,1,"-65,5","865,7",Speedwayr-15-32-c2,"2,6200391857086753",
2025-07-25T14:04:26.9083590+03:00,A60000000000000000000000,,1,"-64,5","865,7",Speedwayr-15-32-c2,"4,356505437595221",
2025-07-25T14:04:26.9238380+03:00,A30000000000000000000000,,1,-63,"865,7",Speedwayr-15-32-c2,"4,331961744989051",
2025-07-25T14:04:26.9262800+03:00,A40000000000000000000000,,1,-66,"865,7",Speedwayr-15-32-c2,"2,6813984172241008",
2025-07-25T14:04:26.9282940+03:00,A70000000000000000000000,,1,"-62,5","865,7",Speedwayr-15-32-c2,"5,632777453116074",
2025-07-25T14:04:26.9297390+03:00,A20000000000000000000000,,1,-64,"865,7",Speedwayr-15-32-c2,"1,5892040962495242",
2025-07-25T14:04:26.9312170+03:00,A60000000000000000000000,,1,-64,"865,7",Speedwayr-15-32-c2,"4,276738436625168",
2025-07-25T14:04:26.9342220+03:00,A80000000000000000000000,,1,"-68,5","865,7",Speedwayr-15-32-c2,"3,9822141253511245",
2025-07-25T14:04:26.9465560+03:00,A30000000000000000000000,,1,-64,"865,7",Speedwayr-15-32-c2,"4,552854978444583",
2025-07-25T14:04:26.9491760+03:00,A40000000000000000000000,,1,"-66,5","865,7",Speedwayr-15-32-c2,"2,718213956133356",
2025-07-25T14:04:26.9505170+03:00,A20000000000000000000000,,1,-64,"865,7",Speedwayr-15-32-c2,"1,7241944055834606",
2025-07-25T14:04:26.9538420+03:00,A60000000000000000000000,,1,-65,"865,7",Speedwayr-15-32-c2,"4,755340442445488",
2025-07-25T14:04:26.9549680+03:00,A70000000000000000000000,,1,-64,"865,7",Speedwayr-15-32-c2,"5,534602682691394",
2025-07-25T14:04:26.9569790+03:00,A80000000000000000000000,,1,"-69,5","865,7",Speedwayr-15-32-c2,"3,761320891895592",
2025-07-25T14:04:26.9691340+03:00,A60000000000000000000000,,1,"-63,5","865,7",Speedwayr-15-32-c2,"4,331961744989051",
2025-07-25T14:04:26.9726620+03:00,A70000000000000000000000,,1,-64,"865,7",Speedwayr-15-32-c2,"5,872078456026235",
2025-07-25T14:04:26.9757580+03:00,A30000000000000000000000,,1,"-64,5","865,7",Speedwayr-15-32-c2,"4,362641360746763",
2025-07-25T14:04:26.9770830+03:00,A40000000000000000000000,,1,-66,"865,7",Speedwayr-15-32-c2,"2,6691265709210157",
2025-07-25T14:04:26.9781760+03:00,A20000000000000000000000,,1,"-63,5","865,7",Speedwayr-15-32-c2,"1,7978254834019713",
2025-07-25T14:04:26.9862650+03:00,A80000000000000000000000,,1,"-68,5","865,7",Speedwayr-15-32-c2,"4,111068511533518",
2025-07-25T14:04:27.0010990+03:00,A60000000000000000000000,,1,"-64,5","865,7",Speedwayr-15-32-c2,"4,479223900626073",
2025-07-25T14:04:27.0038650+03:00,A30000000000000000000000,,1,"-64,5","865,7",Speedwayr-15-32-c2,"4,325825821837508",
2025-07-25T14:04:27.0049320+03:00,A40000000000000000000000,,1,-65,"865,7",Speedwayr-15-32-c2,"2,6200391857086753",
2025-07-25T14:04:27.0065140+03:00,A80000000000000000000000,,1,-69,"865,7",Speedwayr-15-32-c2,"4,111068511533518",
2025-07-25T14:04:27.0080350+03:00,A70000000000000000000000,,1,"-63,5","865,7",Speedwayr-15-32-c2,"5,822991070813893",
2025-07-25T14:04:27.0093760+03:00,A20000000000000000000000,,1,-63,"865,7",Speedwayr-15-32-c2,"1,9266798695843652",
2025-07-25T14:04:27.0229130+03:00,A30000000000000000000000,,1,"-64,5","865,7",Speedwayr-15-32-c2,"4,246058820867455",
2025-07-25T14:04:27.0240710+03:00,A80000000000000000000000,,1,"-66,5","865,7",Speedwayr-15-32-c2,"3,9453985864418692",
2025-07-25T14:04:27.0259800+03:00,A20000000000000000000000,,1,-64,"865,7",Speedwayr-15-32-c2,"1,9512235621905356",
2025-07-25T14:04:27.0281600+03:00,A60000000000000000000000,,1,"-64,5","865,7",Speedwayr-15-32-c2,"4,528311285838413",
2025-07-25T14:04:27.0292600+03:00,A70000000000000000000000,,1,-64,"865,7",Speedwayr-15-32-c2,"5,829126993965437",
2025-07-25T14:04:27.0310690+03:00,A40000000000000000000000,,1,"-62,5","865,7",Speedwayr-15-32-c2,"2,705942109830271",
2025-07-25T14:04:27.0455840+03:00,A20000000000000000000000,,1,-64,"865,7",Speedwayr-15-32-c2,"1,9696313316451632",
2025-07-25T14:04:27.0467680+03:00,A60000000000000000000000,,1,-64,"865,7",Speedwayr-15-32-c2,"4,933282213840222",
2025-07-25T14:04:27.0485770+03:00,A70000000000000000000000,,1,"-63,5","865,7",Speedwayr-15-32-c2,"5,743224069843841",
2025-07-25T14:04:27.0509860+03:00,A30000000000000000000000,,1,-64,"865,7",Speedwayr-15-32-c2,"4,28287435977671",
2025-07-25T14:04:27.0552360+03:00,A40000000000000000000000,,1,-66,"865,7",Speedwayr-15-32-c2,"2,6445828783148455",
2025-07-25T14:04:27.0564800+03:00,A80000000000000000000000,,1,-69,"865,7",Speedwayr-15-32-c2,"4,0128937411088375",
2025-07-25T14:04:27.0728420+03:00,A70000000000000000000000,,1,"-63,5","865,7",Speedwayr-15-32-c2,"5,927301764390117",
2025-07-25T14:04:27.0739800+03:00,A40000000000000000000000,,1,"-63,5","865,7",Speedwayr-15-32-c2,"2,6261751088602177",
2025-07-25T14:04:27.0753350+03:00,A60000000000000000000000,,1,"-64,5","865,7",Speedwayr-15-32-c2,"4,583534594202296",
2025-07-25T14:04:27.0772340+03:00,A20000000000000000000000,,1,-64,"865,7",Speedwayr-15-32-c2,"2,0371264863121317",
2025-07-25T14:04:27.0795180+03:00,A80000000000000000000000,,1,"-69,5","865,7",Speedwayr-15-32-c2,"3,834951969714103",
2025-07-25T14:04:27.0806170+03:00,A30000000000000000000000,,1,"-62,5","865,7",Speedwayr-15-32-c2,"4,325825821837508",
2025-07-25T14:04:27.0970930+03:00,A20000000000000000000000,,1,-63,"865,7",Speedwayr-15-32-c2,"2,067806102069844",
2025-07-25T14:04:27.0985610+03:00,A60000000000000000000000,,1,-64,"865,7",Speedwayr-15-32-c2,"4,620350133111551",
2025-07-25T14:04:27.0996470+03:00,A70000000000000000000000,,1,"-63,5","865,7",Speedwayr-15-32-c2,"5,8045833013592665",
2025-07-25T14:04:27.1007160+03:00,A30000000000000000000000,,1,"-63,5","865,7",Speedwayr-15-32-c2,"4,289010282928253",
2025-07-25T14:04:27.1029070+03:00,A40000000000000000000000,,1,"-64,5","865,7",Speedwayr-15-32-c2,"2,5709518004963345",
2025-07-25T14:04:27.1043510+03:00,A80000000000000000000000,,1,"-66,5","865,7",Speedwayr-15-32-c2,"4,06811704947272",
2025-07-25T14:04:27.1161160+03:00,A40000000000000000000000,,1,-66,"865,7",Speedwayr-15-32-c2,"2,5709518004963345",
2025-07-25T14:04:27.1185240+03:00,A30000000000000000000000,,1,-64,"865,7",Speedwayr-15-32-c2,"4,25833066717054",
2025-07-25T14:04:27.1227670+03:00,A20000000000000000000000,,1,"-62,5","865,7",Speedwayr-15-32-c2,"2,012582793705961",
2025-07-25T14:04:27.1249450+03:00,A60000000000000000000000,,1,"-62,5","865,7",Speedwayr-15-32-c2,"4,638757902566179",
2025-07-25T14:04:27.1262450+03:00,A70000000000000000000000,,1,-63,"865,7",Speedwayr-15-32-c2,"5,497787143782138",
2025-07-25T14:04:27.1383580+03:00,A80000000000000000000000,,1,"-69,5","865,7",Speedwayr-15-32-c2,"4,270602513473625",
2025-07-25T14:04:27.1533280+03:00,A20000000000000000000000,,1,"-63,5","865,7",Speedwayr-15-32-c2,"2,1353012567368124",
2025-07-25T14:04:27.1545140+03:00,A70000000000000000000000,,1,"-63,5","865,7",Speedwayr-15-32-c2,"5,93343768754166",
2025-07-25T14:04:27.1565880+03:00,A60000000000000000000000,,1,-64,"865,7",Speedwayr-15-32-c2,"4,663301595172349",
2025-07-25T14:04:27.1576990+03:00,A30000000000000000000000,,1,-64,"865,7",Speedwayr-15-32-c2,"4,227651051412827",
2025-07-25T14:04:27.1599090+03:00,A40000000000000000000000,,1,-66,"865,7",Speedwayr-15-32-c2,"2,0371264863121317",
2025-07-25T14:04:27.1665270+03:00,A80000000000000000000000,,1,"-67,5","865,7",Speedwayr-15-32-c2,"4,09266074207889",
2025-07-25T14:04:27.1786460+03:00,A20000000000000000000000,,1,"-63,5","865,7",Speedwayr-15-32-c2,"2,086213871524472",
2025-07-25T14:04:27.1811140+03:00,A30000000000000000000000,,1,"-63,5","865,7",Speedwayr-15-32-c2,"4,252194744018997",
2025-07-25T14:04:27.1832610+03:00,A40000000000000000000000,,1,-66,"865,7",Speedwayr-15-32-c2,"2,6016314162540475",
2025-07-25T14:04:27.1861050+03:00,A70000000000000000000000,,1,"-62,5","865,7",Speedwayr-15-32-c2,"5,822991070813893",
2025-07-25T14:04:27.1873080+03:00,A80000000000000000000000,,1,-69,"865,7",Speedwayr-15-32-c2,"3,9392626632903265",
2025-07-25T14:04:27.1896970+03:00,A60000000000000000000000,,1,-63,"865,7",Speedwayr-15-32-c2,"4,657165672020807",
2025-07-25T14:04:27.2038860+03:00,A30000000000000000000000,,1,"-64,5","865,7",Speedwayr-15-32-c2,"4,485359823777615",
2025-07-25T14:04:27.2049690+03:00,A20000000000000000000000,,1,-63,"865,7",Speedwayr-15-32-c2,"1,9512235621905356",
2025-07-25T14:04:27.2066510+03:00,A60000000000000000000000,,1,"-64,5","865,7",Speedwayr-15-32-c2,"4,565126824747668",
2025-07-25T14:04:27.2079730+03:00,A40000000000000000000000,,1,-66,"865,7",Speedwayr-15-32-c2,"2,5893595699509624",
2025-07-25T14:04:27.2102410+03:00,A70000000000000000000000,,1,-63,"865,7",Speedwayr-15-32-c2,"5,939573610693203",
2025-07-25T14:04:27.2162420+03:00,A80000000000000000000000,,1,-69,"865,7",Speedwayr-15-32-c2,"3,792000507653305",
2025-07-25T14:04:27.2314770+03:00,A70000000000000000000000,,1,-63,"865,7",Speedwayr-15-32-c2,"5,632777453116074",
2025-07-25T14:04:27.2337260+03:00,A20000000000000000000000,,1,"-62,5","865,7",Speedwayr-15-32-c2,"2,0923497946760143",
2025-07-25T14:04:27.2354230+03:00,A40000000000000000000000,,1,"-65,5","865,7",Speedwayr-15-32-c2,"2,6384469551633027",
2025-07-25T14:04:27.2378580+03:00,A60000000000000000000000,,1,"-63,5","865,7",Speedwayr-15-32-c2,"4,522175362686871",
2025-07-25T14:04:27.2393360+03:00,A30000000000000000000000,,1,"-63,5","865,7",Speedwayr-15-32-c2,"4,184699589352029",
2025-07-25T14:04:27.2445870+03:00,A80000000000000000000000,,1,-69,"865,7",Speedwayr-15-32-c2,"3,6754179677739964",
2025-07-25T14:04:27.2582060+03:00,A30000000000000000000000,,1,"-64,5","865,7",Speedwayr-15-32-c2,"4,2092432819582",
2025-07-25T14:04:27.2606830+03:00,A60000000000000000000000,,1,-64,"865,7",Speedwayr-15-32-c2,"4,565126824747668",
2025-07-25T14:04:27.2621510+03:00,A20000000000000000000000,,1,"-62,5","865,7",Speedwayr-15-32-c2,"2,055534255766759",
2025-07-25T14:04:27.2639720+03:00,A40000000000000000000000,,1,"-65,5","865,7",Speedwayr-15-32-c2,"2,736621725587984",
2025-07-25T14:04:27.2650310+03:00,A70000000000000000000000,,1,"-62,5","865,7",Speedwayr-15-32-c2,"6,037748381117884",
2025-07-25T14:04:27.2675470+03:00,A80000000000000000000000,,1,-67,"865,7",Speedwayr-15-32-c2,"3,9147189706841563",
2025-07-25T14:04:27.2816090+03:00,A60000000000000000000000,,1,"-63,5","865,7",Speedwayr-15-32-c2,"4,491495746929157",
2025-07-25T14:04:27.2838030+03:00,A30000000000000000000000,,1,"-64,5","865,7",Speedwayr-15-32-c2,"4,129476280988146",
2025-07-25T14:04:27.2858450+03:00,A70000000000000000000000,,1,-62,"865,7",Speedwayr-15-32-c2,"5,884350302329319",
2025-07-25T14:04:27.2884820+03:00,A80000000000000000000000,,1,-70,"865,7",Speedwayr-15-32-c2,"4,025165587411922",
2025-07-25T14:04:27.2903800+03:00,A20000000000000000000000,,1,"-61,5","865,7",Speedwayr-15-32-c2,"1,9880391010997909",
2025-07-25T14:04:27.2956260+03:00,A40000000000000000000000,,1,"-65,5","865,7",Speedwayr-15-32-c2,"2,5402721847386216",
2025-07-25T14:04:27.3146280+03:00,A70000000000000000000000,,1,-63,"865,7",Speedwayr-15-32-c2,"5,964117303299373",
2025-07-25T14:04:27.3170210+03:00,A60000000000000000000000,,1,"-64,5","865,7",Speedwayr-15-32-c2,"4,565126824747668",
2025-07-25T14:04:27.3192170+03:00,A30000000000000000000000,,1,"-63,5","865,7",Speedwayr-15-32-c2,"4,215379205109742",
2025-07-25T14:04:27.3215810+03:00,A20000000000000000000000,,1,"-61,5","865,7",Speedwayr-15-32-c2,"2,116893487282185",
2025-07-25T14:04:27.3232280+03:00,A40000000000000000000000,,1,"-64,5","865,7",Speedwayr-15-32-c2,"2,552544031041707",
2025-07-25T14:04:27.3256020+03:00,A80000000000000000000000,,1,"-69,5","865,7",Speedwayr-15-32-c2,"4,01902966426038",
2025-07-25T14:04:27.3383930+03:00,A30000000000000000000000,,1,"-64,5","865,7",Speedwayr-15-32-c2,"4,301282129231338",
2025-07-25T14:04:27.3394620+03:00,A40000000000000000000000,,1,"-65,5","865,7",Speedwayr-15-32-c2,"2,6261751088602177",
2025-07-25T14:04:27.3407870+03:00,A70000000000000000000000,,1,-63,"865,7",Speedwayr-15-32-c2,"5,872078456026235",
2025-07-25T14:04:27.3451550+03:00,A80000000000000000000000,,1,"-65,5","865,7",Speedwayr-15-32-c2,"4,0558452031696355",
2025-07-25T14:04:27.3473170+03:00,A20000000000000000000000,,1,"-61,5","865,7",Speedwayr-15-32-c2,"2,018718716857504",
2025-07-25T14:04:27.3494230+03:00,A60000000000000000000000,,1,-62,"865,7",Speedwayr-15-32-c2,"4,276738436625168",
2025-07-25T14:04:27.3630780+03:00,A60000000000000000000000,,1,"-64,5","865,7",Speedwayr-15-32-c2,"4,614214209960009",
2025-07-25T14:04:27.3644570+03:00,A20000000000000000000000,,1,"-59,5","865,7",Speedwayr-15-32-c2,"1,8100973297050567",
2025-07-25T14:04:27.3657950+03:00,A30000000000000000000000,,1,-66,"865,7",Speedwayr-15-32-c2,"4,1172044346850605",
2025-07-25T14:04:27.3675990+03:00,A70000000000000000000000,,1,-63,"865,7",Speedwayr-15-32-c2,"5,896622148632405",
2025-07-25T14:04:27.3735770+03:00,A40000000000000000000000,,1,"-65,5","865,7",Speedwayr-15-32-c2,"2,564815877344792",
2025-07-25T14:04:27.3759680+03:00,A80000000000000000000000,,1,-68,"865,7",Speedwayr-15-32-c2,"3,9515345095934116",
2025-07-25T14:04:27.3888010+03:00,A30000000000000000000000,,1,"-64,5","865,7",Speedwayr-15-32-c2,"4,01902966426038",
2025-07-25T14:04:27.3904060+03:00,A60000000000000000000000,,1,"-63,5","865,7",Speedwayr-15-32-c2,"4,411728745959104",
2025-07-25T14:04:27.3935560+03:00,A70000000000000000000000,,1,"-61,5","865,7",Speedwayr-15-32-c2,"5,737088146692298",
2025-07-25T14:04:27.3953270+03:00,A80000000000000000000000,,1,-68,"865,7",Speedwayr-15-32-c2,"3,988350048502667",
2025-07-25T14:04:27.3963930+03:00,A20000000000000000000000,,1,"-61,5","865,7",Speedwayr-15-32-c2,"2,0371264863121317",
2025-07-25T14:04:27.3974790+03:00,A40000000000000000000000,,1,-66,"865,7",Speedwayr-15-32-c2,"2,325514874434632",
2025-07-25T14:04:27.4148740+03:00,A20000000000000000000000,,1,-60,"865,7",Speedwayr-15-32-c2,"1,9266798695843652",
2025-07-25T14:04:27.4179570+03:00,A70000000000000000000000,,1,"-62,5","865,7",Speedwayr-15-32-c2,"5,829126993965437",
2025-07-25T14:04:27.4198160+03:00,A60000000000000000000000,,1,"-63,5","865,7",Speedwayr-15-32-c2,"4,25833066717054",
2025-07-25T14:04:27.4222000+03:00,A30000000000000000000000,,1,"-64,5","865,7",Speedwayr-15-32-c2,"4,031301510563465",
2025-07-25T14:04:27.4248600+03:00,A40000000000000000000000,,1,"-64,5","865,7",Speedwayr-15-32-c2,"2,552544031041707",
2025-07-25T14:04:27.4266670+03:00,A80000000000000000000000,,1,-68,"865,7",Speedwayr-15-32-c2,"4,0987966652304335",
2025-07-25T14:04:27.4403040+03:00,A70000000000000000000000,,1,-63,"865,7",Speedwayr-15-32-c2,"5,816855147662351",
2025-07-25T14:04:27.4443590+03:00,A20000000000000000000000,,1,"-61,5","865,7",Speedwayr-15-32-c2,"1,932815792735908",
2025-07-25T14:04:27.4458710+03:00,A60000000000000000000000,,1,-64,"865,7",Speedwayr-15-32-c2,"4,3503695144436785",
2025-07-25T14:04:27.4471700+03:00,A30000000000000000000000,,1,-65,"865,7",Speedwayr-15-32-c2,"4,025165587411922",
2025-07-25T14:04:27.4529790+03:00,A40000000000000000000000,,1,"-64,5","865,7",Speedwayr-15-32-c2,"2,2886993355253766",
2025-07-25T14:04:27.4545780+03:00,A80000000000000000000000,,1,-67,"865,7",Speedwayr-15-32-c2,"3,933126740138784",
2025-07-25T14:04:27.4718760+03:00,A70000000000000000000000,,1,-63,"865,7",Speedwayr-15-32-c2,"5,945709533844745",
2025-07-25T14:04:27.4751590+03:00,A20000000000000000000000,,1,"-59,5","865,7",Speedwayr-15-32-c2,"1,8100973297050567",
2025-07-25T14:04:27.4774000+03:00,A30000000000000000000000,,1,-65,"865,7",Speedwayr-15-32-c2,"4,06811704947272",
2025-07-25T14:04:27.4794650+03:00,A40000000000000000000000,,1,-65,"865,7",Speedwayr-15-32-c2,"2,6813984172241008",
2025-07-25T14:04:27.4805420+03:00,A60000000000000000000000,,1,-65,"865,7",Speedwayr-15-32-c2,"4,417864669110647",
2025-07-25T14:04:27.4938230+03:00,A70000000000000000000000,,1,"-63,5","865,7",Speedwayr-15-32-c2,"5,835262917116979",
2025-07-25T14:04:27.4960110+03:00,A20000000000000000000000,,1,-62,"865,7",Speedwayr-15-32-c2,"1,9573594853420782",
2025-07-25T14:04:27.4975790+03:00,A30000000000000000000000,,1,"-64,5","865,7",Speedwayr-15-32-c2,"4,080388895775806",
2025-07-25T14:04:27.4988790+03:00,A80000000000000000000000,,1,-67,"865,7",Speedwayr-15-32-c2,"3,859495662320273",
2025-07-25T14:04:27.5005690+03:00,A60000000000000000000000,,1,-64,"865,7",Speedwayr-15-32-c2,"4,3074180523828804",
2025-07-25T14:04:27.5025380+03:00,A40000000000000000000000,,1,"-64,5","865,7",Speedwayr-15-32-c2,"2,386874105950058",
2025-07-25T14:04:27.5176370+03:00,A30000000000000000000000,,1,"-64,5","865,7",Speedwayr-15-32-c2,"4,184699589352029",
2025-07-25T14:04:27.5209020+03:00,A60000000000000000000000,,1,-63,"865,7",Speedwayr-15-32-c2,"4,301282129231338",
2025-07-25T14:04:27.5233900+03:00,A70000000000000000000000,,1,-63,"865,7",Speedwayr-15-32-c2,"5,841398840268521",
2025-07-25T14:04:27.5259240+03:00,A40000000000000000000000,,1,"-64,5","865,7",Speedwayr-15-32-c2,"2,5893595699509624",
2025-07-25T14:04:27.5270590+03:00,A20000000000000000000000,,1,"-61,5","865,7",Speedwayr-15-32-c2,"1,9880391010997909",
2025-07-25T14:04:27.5283180+03:00,A80000000000000000000000,,1,-67,"865,7",Speedwayr-15-32-c2,"3,890175278077986",
2025-07-25T14:04:27.5416780+03:00,A30000000000000000000000,,1,-64,"865,7",Speedwayr-15-32-c2,"4,1417481272912315",
2025-07-25T14:04:27.5432590+03:00,A70000000000000000000000,,1,"-62,5","865,7",Speedwayr-15-32-c2,"5,810719224510809",
2025-07-25T14:04:27.5459920+03:00,A20000000000000000000000,,1,-61,"865,7",Speedwayr-15-32-c2,"1,9512235621905356",
2025-07-25T14:04:27.5484250+03:00,A40000000000000000000000,,1,"-64,5","865,7",Speedwayr-15-32-c2,"2,8102528034064944",
2025-07-25T14:04:27.5504730+03:00,A60000000000000000000000,,1,-65,"865,7",Speedwayr-15-32-c2,"4,0558452031696355",
2025-07-25T14:04:27.5526440+03:00,A80000000000000000000000,,1,-67,"865,7",Speedwayr-15-32-c2,"3,9760782021995817",
2025-07-25T14:04:27.5680950+03:00,A60000000000000000000000,,1,-65,"865,7",Speedwayr-15-32-c2,"4,25833066717054",
2025-07-25T14:04:27.5706120+03:00,A80000000000000000000000,,1,-66,"865,7",Speedwayr-15-32-c2,"4,037437433715008",
2025-07-25T14:04:27.5719360+03:00,A20000000000000000000000,,1,"-60,5","865,7",Speedwayr-15-32-c2,"1,9205439464328227",
2025-07-25T14:04:27.5746090+03:00,A70000000000000000000000,,1,-62,"865,7",Speedwayr-15-32-c2,"5,71868037723767",
2025-07-25T14:04:27.5760840+03:00,A30000000000000000000000,,1,"-64,5","865,7",Speedwayr-15-32-c2,"4,135612204139688",
2025-07-25T14:04:27.5774080+03:00,A40000000000000000000000,,1,-65,"865,7",Speedwayr-15-32-c2,"2,650718801466388",
2025-07-25T14:04:27.5926340+03:00,A30000000000000000000000,,1,"-63,5","865,7",Speedwayr-15-32-c2,"4,086524818927348",
2025-07-25T14:04:27.5946700+03:00,A80000000000000000000000,,1,-67,"865,7",Speedwayr-15-32-c2,"3,9576704327449543",
2025-07-25T14:04:27.5960330+03:00,A60000000000000000000000,,1,"-65,5","865,7",Speedwayr-15-32-c2,"4,319689898685965",
2025-07-25T14:04:27.5981750+03:00,A20000000000000000000000,,1,-62,"865,7",Speedwayr-15-32-c2,"1,9512235621905356",
2025-07-25T14:04:27.6012770+03:00,A70000000000000000000000,,1,"-61,5","865,7",Speedwayr-15-32-c2,"5,780039608753096",
2025-07-25T14:04:27.6027310+03:00,A40000000000000000000000,,1,-64,"865,7",Speedwayr-15-32-c2,"2,6445828783148455",
2025-07-25T14:04:27.6201510+03:00,A70000000000000000000000,,1,-63,"865,7",Speedwayr-15-32-c2,"5,792311455056181",
2025-07-25T14:04:27.6215500+03:00,A60000000000000000000000,,1,-65,"865,7",Speedwayr-15-32-c2,"4,049709280018092",
2025-07-25T14:04:27.6231680+03:00,A20000000000000000000000,,1,"-60,5","865,7",Speedwayr-15-32-c2,"1,8653206380689396",
2025-07-25T14:04:27.6261280+03:00,A80000000000000000000000,,1,"-65,5","865,7",Speedwayr-15-32-c2,"3,761320891895592",
2025-07-25T14:04:27.6278490+03:00,A40000000000000000000000,,1,"-64,5","865,7",Speedwayr-15-32-c2,"2,6384469551633027",
2025-07-25T14:04:27.6288770+03:00,A30000000000000000000000,,1,-64,"865,7",Speedwayr-15-32-c2,"4,074252972624263",
2025-07-25T14:04:27.6439540+03:00,A20000000000000000000000,,1,-61,"865,7",Speedwayr-15-32-c2,"1,9573594853420782",
2025-07-25T14:04:27.6451500+03:00,A30000000000000000000000,,1,-64,"865,7",Speedwayr-15-32-c2,"4,04357335686655",
2025-07-25T14:04:27.6465500+03:00,A60000000000000000000000,,1,-65,"865,7",Speedwayr-15-32-c2,"4,2031073588066565",
2025-07-25T14:04:27.6478820+03:00,A70000000000000000000000,,1,-64,"865,7",Speedwayr-15-32-c2,"5,9088939949354895",
2025-07-25T14:04:27.6543170+03:00,A40000000000000000000000,,1,-65,"865,7",Speedwayr-15-32-c2,"2,6998061866787286",
2025-07-25T14:04:27.6575670+03:00,A80000000000000000000000,,1,"-67,5","865,7",Speedwayr-15-32-c2,"3,9944859716542096",
2025-07-25T14:04:27.6759500+03:00,A40000000000000000000000,,1,-64,"865,7",Speedwayr-15-32-c2,"2,6445828783148455",
2025-07-25T14:04:27.6771730+03:00,A70000000000000000000000,,1,-63,"865,7",Speedwayr-15-32-c2,"5,675728915176872",
2025-07-25T14:04:27.6782450+03:00,A20000000000000000000000,,1,-62,"865,7",Speedwayr-15-32-c2,"1,9512235621905356",
2025-07-25T14:04:27.6800420+03:00,A80000000000000000000000,,1,"-67,5","865,7",Speedwayr-15-32-c2,"3,9147189706841563",
2025-07-25T14:04:27.6835730+03:00,A60000000000000000000000,,1,-65,"865,7",Speedwayr-15-32-c2,"4,154019973594316",
2025-07-25T14:04:27.6846310+03:00,A30000000000000000000000,,1,"-63,5","865,7",Speedwayr-15-32-c2,"4,000621894805752",
2025-07-25T14:04:27.6965090+03:00,A30000000000000000000000,,1,-64,"865,7",Speedwayr-15-32-c2,"3,9699422790480394",
2025-07-25T14:04:27.6994450+03:00,A80000000000000000000000,,1,"-67,5","865,7",Speedwayr-15-32-c2,"4,006757817957295",
2025-07-25T14:04:27.7008890+03:00,A20000000000000000000000,,1,"-61,5","865,7",Speedwayr-15-32-c2,"1,9205439464328227",
2025-07-25T14:04:27.7019710+03:00,A40000000000000000000000,,1,-65,"865,7",Speedwayr-15-32-c2,"2,5034566458293663",
2025-07-25T14:04:27.7032830+03:00,A70000000000000000000000,,1,-63,"865,7",Speedwayr-15-32-c2,"5,730952223540755",
2025-07-25T14:04:27.7065680+03:00,A60000000000000000000000,,1,"-65,5","865,7",Speedwayr-15-32-c2,"4,270602513473625",
2025-07-25T14:04:27.7135160+03:00,60820101D7224204EA5FEA78,,1,"-66,5","865,7",Speedwayr-15-32-c2,"6,231029960391474",
2025-07-25T14:04:27.7236290+03:00,A20000000000000000000000,,1,-61,"865,7",Speedwayr-15-32-c2,"1,9634954084936207",
2025-07-25T14:04:27.7267280+03:00,A70000000000000000000000,,1,-63,"865,7",Speedwayr-15-32-c2,"5,737088146692298",
2025-07-25T14:04:27.7284410+03:00,A60000000000000000000000,,1,-66,"865,7",Speedwayr-15-32-c2,"4,215379205109742",
2025-07-25T14:04:27.7294700+03:00,A30000000000000000000000,,1,-65,"865,7",Speedwayr-15-32-c2,"3,877903431774901",
2025-07-25T14:04:27.7305370+03:00,A40000000000000000000000,,1,-62,"865,7",Speedwayr-15-32-c2,"2,6875343403756435",
2025-07-25T14:04:27.7348630+03:00,A80000000000000000000000,,1,"-67,5","865,7",Speedwayr-15-32-c2,"4,589670517353839",
2025-07-25T14:04:27.7420170+03:00,60820101D7224204EA5FEA78,,1,-66,"865,7",Speedwayr-15-32-c2,"6,231029960391474",
2025-07-25T14:04:27.7487170+03:00,A60000000000000000000000,,1,"-65,5","865,7",Speedwayr-15-32-c2,"4,1601558967458585",
2025-07-25T14:04:27.7508970+03:00,A70000000000000000000000,,1,"-62,5","865,7",Speedwayr-15-32-c2,"6,019340611663256",
2025-07-25T14:04:27.7533750+03:00,A20000000000000000000000,,1,-61,"865,7",Speedwayr-15-32-c2,"1,8530487917658545",
2025-07-25T14:04:27.7563130+03:00,A80000000000000000000000,,1,-65,"865,7",Speedwayr-15-32-c2,"4,135612204139688",
2025-07-25T14:04:27.7591220+03:00,A40000000000000000000000,,1,-65,"865,7",Speedwayr-15-32-c2,"2,5832236467994196",
2025-07-25T14:04:27.7613410+03:00,A30000000000000000000000,,1,-64,"865,7",Speedwayr-15-32-c2,"4,4362724385652745",
2025-07-25T14:04:27.7728310+03:00,60820101D7224204EA5FEA78,,1,-66,"865,7",Speedwayr-15-32-c2,"0,11658253987930872",
2025-07-25T14:04:27.7768910+03:00,A60000000000000000000000,,1,-66,"865,7",Speedwayr-15-32-c2,"4,215379205109742",
2025-07-25T14:04:27.7793720+03:00,A80000000000000000000000,,1,"-65,5","865,7",Speedwayr-15-32-c2,"4,129476280988146",
2025-07-25T14:04:27.7811360+03:00,A30000000000000000000000,,1,-64,"865,7",Speedwayr-15-32-c2,"3,792000507653305",
2025-07-25T14:04:27.7831580+03:00,A70000000000000000000000,,1,-63,"865,7",Speedwayr-15-32-c2,"5,767767762450011",
2025-07-25T14:04:27.7842970+03:00,A20000000000000000000000,,1,-60,"865,7",Speedwayr-15-32-c2,"1,8223691760081417",
2025-07-25T14:04:27.7855760+03:00,A40000000000000000000000,,1,"-64,5","865,7",Speedwayr-15-32-c2,"2,509592568980909",
2025-07-25T14:04:27.7967490+03:00,60820101D7224204EA5FEA78,,1,"-66,5","865,7",Speedwayr-15-32-c2,"6,249437729846102",
2025-07-25T14:04:27.8025100+03:00,A80000000000000000000000,,1,"-62,5","865,7",Speedwayr-15-32-c2,"4,295146206079795",
2025-07-25T14:04:27.8036070+03:00,A40000000000000000000000,,1,-64,"865,7",Speedwayr-15-32-c2,"2,5280003384355365",
2025-07-25T14:04:27.8046890+03:00,A70000000000000000000000,,1,-62,"865,7",Speedwayr-15-32-c2,"5,737088146692298",
2025-07-25T14:04:27.8058180+03:00,A60000000000000000000000,,1,"-66,5","865,7",Speedwayr-15-32-c2,"4,2031073588066565",
2025-07-25T14:04:27.8105450+03:00,A20000000000000000000000,,1,"-59,5","865,7",Speedwayr-15-32-c2,"1,6321555583103222",
2025-07-25T14:04:27.8124230+03:00,A30000000000000000000000,,1,-64,"865,7",Speedwayr-15-32-c2,"3,816544200259475",
2025-07-25T14:04:27.8250080+03:00,60820101D7224204EA5FEA78,,1,-66,"865,7",Speedwayr-15-32-c2,"6,258641614573416",
2025-07-25T14:04:27.8317180+03:00,A20000000000000000000000,,1,-61,"865,7",Speedwayr-15-32-c2,"1,5033011721279284",
2025-07-25T14:04:27.8333580+03:00,A40000000000000000000000,,1,"-64,5","865,7",Speedwayr-15-32-c2,"2,448233337465483",
2025-07-25T14:04:27.8369410+03:00,A60000000000000000000000,,1,-66,"865,7",Speedwayr-15-32-c2,"4,184699589352029",
2025-07-25T14:04:27.8389610+03:00,A30000000000000000000000,,1,-63,"865,7",Speedwayr-15-32-c2,"3,5772431973493153",
2025-07-25T14:04:27.8411980+03:00,A70000000000000000000000,,1,-64,"865,7",Speedwayr-15-32-c2,"5,890486225480862",
2025-07-25T14:04:27.8430620+03:00,A80000000000000000000000,,1,"-67,5","865,7",Speedwayr-15-32-c2,"4,479223900626073",
2025-07-25T14:04:27.8547030+03:00,60820101D7224204EA5FEA78,,1,-66,"865,7",Speedwayr-15-32-c2,"0,09203884727313846",
2025-07-25T14:04:27.8646790+03:00,A20000000000000000000000,,1,"-58,5","865,7",Speedwayr-15-32-c2,"1,5953400194010667",
2025-07-25T14:04:27.8684500+03:00,A40000000000000000000000,,1,-65,"865,7",Speedwayr-15-32-c2,"2,564815877344792",
2025-07-25T14:04:27.8702260+03:00,A70000000000000000000000,,1,-63,"865,7",Speedwayr-15-32-c2,"5,872078456026235",
2025-07-25T14:04:27.8739270+03:00,A60000000000000000000000,,1,"-65,5","865,7",Speedwayr-15-32-c2,"4,166291819897402",
2025-07-25T14:04:27.8749520+03:00,A30000000000000000000000,,1,-64,"865,7",Speedwayr-15-32-c2,"3,650874275167826",
2025-07-25T14:04:27.8833020+03:00,60820101D7224204EA5FEA78,,1,"-66,5","865,7",Speedwayr-15-32-c2,"6,175806652027592",
2025-07-25T14:04:27.8893060+03:00,A60000000000000000000000,,1,"-66,5","865,7",Speedwayr-15-32-c2,"3,8533597391687304",
2025-07-25T14:04:27.8909160+03:00,A40000000000000000000000,,1,-62,"865,7",Speedwayr-15-32-c2,"2,36846633649543",
2025-07-25T14:04:27.8947620+03:00,A80000000000000000000000,,1,"-67,5","865,7",Speedwayr-15-32-c2,"4,362641360746763",
2025-07-25T14:04:27.8964580+03:00,A20000000000000000000000,,1,-61,"865,7",Speedwayr-15-32-c2,"1,5155730184310134",
2025-07-25T14:04:27.8992260+03:00,A70000000000000000000000,,1,"-62,5","865,7",Speedwayr-15-32-c2,"5,927301764390117",
2025-07-25T14:04:27.9158040+03:00,A40000000000000000000000,,1,-65,"865,7",Speedwayr-15-32-c2,"2,435961491162398",
2025-07-25T14:04:27.9185240+03:00,A30000000000000000000000,,1,"-63,5","865,7",Speedwayr-15-32-c2,"3,5833791205008576",
2025-07-25T14:04:27.9202190+03:00,A20000000000000000000000,,1,-60,"865,7",Speedwayr-15-32-c2,"1,3008157081270237",
2025-07-25T14:04:27.9215610+03:00,A70000000000000000000000,,1,"-62,5","865,7",Speedwayr-15-32-c2,"5,964117303299373",
2025-07-25T14:04:27.9237410+03:00,A80000000000000000000000,,1,-65,"865,7",Speedwayr-15-32-c2,"4,399456899656019",
2025-07-25T14:04:27.9257060+03:00,A60000000000000000000000,,1,-65,"865,7",Speedwayr-15-32-c2,"4,246058820867455",
2025-07-25T14:04:27.9353610+03:00,60820101D7224204EA5FEA78,,1,-66,"865,7",Speedwayr-15-32-c2,"6,200350344633762",
2025-07-25T14:04:27.9440480+03:00,A20000000000000000000000,,1,"-61,5","865,7",Speedwayr-15-32-c2,"1,564660403643354",
2025-07-25T14:04:27.9457620+03:00,A70000000000000000000000,,1,-64,"865,7",Speedwayr-15-32-c2,"6,019340611663256",
2025-07-25T14:04:27.9480780+03:00,A40000000000000000000000,,1,"-64,5","865,7",Speedwayr-15-32-c2,"2,325514874434632",
2025-07-25T14:04:27.9512080+03:00,A80000000000000000000000,,1,"-68,5","865,7",Speedwayr-15-32-c2,"4,706253057233147",
2025-07-25T14:04:27.9533860+03:00,A30000000000000000000000,,1,-64,"865,7",Speedwayr-15-32-c2,"3,5895150436524004",
2025-07-25T14:04:27.9548700+03:00,A60000000000000000000000,,1,"-65,5","865,7",Speedwayr-15-32-c2,"4,246058820867455",
2025-07-25T14:04:28.0787310+03:00,A80000000000000000000000,,1,"-67,5","865,7",Speedwayr-15-32-c2,"4,558990901596125",
2025-07-25T14:04:28.0821240+03:00,A60000000000000000000000,,1,"-64,5","865,7",Speedwayr-15-32-c2,"4,73693267299086",
2025-07-25T14:04:28.0836090+03:00,A20000000000000000000000,,1,"-61,5","865,7",Speedwayr-15-32-c2,"1,5830681730979816",
2025-07-25T14:04:28.0846620+03:00,A40000000000000000000000,,1,"-64,5","865,7",Speedwayr-15-32-c2,"2,282563412373834",
2025-07-25T14:04:28.0871960+03:00,A70000000000000000000000,,1,-64,"865,7",Speedwayr-15-32-c2,"6,160466844148735",
2025-07-25T14:04:28.0882500+03:00,A30000000000000000000000,,1,-64,"865,7",Speedwayr-15-32-c2,"3,6386024288647407",
2025-07-25T14:04:28.1005830+03:00,60820101D7224204EA5FEA78,,1,-66,"865,7",Speedwayr-15-32-c2,"6,227961998815704",
2025-07-25T14:04:28.1052010+03:00,A80000000000000000000000,,1,"-66,5","865,7",Speedwayr-15-32-c2,"4,3933209765044765",
2025-07-25T14:04:28.1089210+03:00,A40000000000000000000000,,1,"-62,5","865,7",Speedwayr-15-32-c2,"2,313243028131547",
2025-07-25T14:04:28.1120290+03:00,A70000000000000000000000,,1,-64,"865,7",Speedwayr-15-32-c2,"6,154330920997192",
2025-07-25T14:04:28.1133630+03:00,A20000000000000000000000,,1,"-61,5","865,7",Speedwayr-15-32-c2,"1,607611865704152",
2025-07-25T14:04:28.1144340+03:00,A60000000000000000000000,,1,-65,"865,7",Speedwayr-15-32-c2,"4,374913207049849",
2025-07-25T14:04:28.1169840+03:00,A30000000000000000000000,,1,"-64,5","865,7",Speedwayr-15-32-c2,"3,5588354278946874",
2025-07-25T14:04:28.1284590+03:00,60820101D7224204EA5FEA78,,1,"-65,5","865,7",Speedwayr-15-32-c2,"0,02761165418194154",
2025-07-25T14:04:28.1338130+03:00,A30000000000000000000000,,1,-64,"865,7",Speedwayr-15-32-c2,"3,509748042682347",
2025-07-25T14:04:28.1363590+03:00,A20000000000000000000000,,1,-61,"865,7",Speedwayr-15-32-c2,"1,5401167110371838",
2025-07-25T14:04:28.1375480+03:00,A60000000000000000000000,,1,"-65,5","865,7",Speedwayr-15-32-c2,"4,331961744989051",
2025-07-25T14:04:28.1393430+03:00,A40000000000000000000000,,1,-64,"865,7",Speedwayr-15-32-c2,"2,5034566458293663",
2025-07-25T14:04:28.1406380+03:00,A70000000000000000000000,,1,-64,"865,7",Speedwayr-15-32-c2,"6,2463697682703305",
2025-07-25T14:04:28.1426660+03:00,A80000000000000000000000,,1,"-68,5","865,7",Speedwayr-15-32-c2,"4,71238898038469",
2025-07-25T14:04:28.1464340+03:00,60820101D7224204EA5FEA78,,1,-66,"865,7",Speedwayr-15-32-c2,"6,227961998815704",
2025-07-25T14:04:28.1564640+03:00,A60000000000000000000000,,1,"-65,5","865,7",Speedwayr-15-32-c2,"4,608078286808466",
2025-07-25T14:04:28.1578470+03:00,A80000000000000000000000,,1,-67,"865,7",Speedwayr-15-32-c2,"4,749204519293945",
2025-07-25T14:04:28.1589890+03:00,A30000000000000000000000,,1,-62,"865,7",Speedwayr-15-32-c2,"3,479068426924634",
2025-07-25T14:04:28.1601580+03:00,A70000000000000000000000,,1,-64,"865,7",Speedwayr-15-32-c2,"6,277049384028044",
2025-07-25T14:04:28.1647730+03:00,A20000000000000000000000,,1,"-60,5","865,7",Speedwayr-15-32-c2,"1,4051264017032472",
2025-07-25T14:04:28.1674630+03:00,A40000000000000000000000,,1,"-64,5","865,7",Speedwayr-15-32-c2,"2,3439226438892597",
2025-07-25T14:04:28.1775260+03:00,60820101D7224204EA5FEA78,,1,-66,"865,7",Speedwayr-15-32-c2,"0,0337475773334841",
2025-07-25T14:04:28.1851790+03:00,A40000000000000000000000,,1,"-64,5","865,7",Speedwayr-15-32-c2,"2,2886993355253766",
2025-07-25T14:04:28.1862660+03:00,A70000000000000000000000,,1,-64,"865,7",Speedwayr-15-32-c2,"6,209554229361076",
2025-07-25T14:04:28.1884210+03:00,A80000000000000000000000,,1,"-68,5","865,7",Speedwayr-15-32-c2,"4,681709364626977",
2025-07-25T14:04:28.1895040+03:00,A30000000000000000000000,,1,"-63,5","865,7",Speedwayr-15-32-c2,"3,5711072741977725",
2025-07-25T14:04:28.1906410+03:00,A20000000000000000000000,,1,"-59,5","865,7",Speedwayr-15-32-c2,"1,533980787885641",
2025-07-25T14:04:28.1931900+03:00,A60000000000000000000000,,1,"-64,5","865,7",Speedwayr-15-32-c2,"4,417864669110647",
2025-07-25T14:04:28.2108300+03:00,A20000000000000000000000,,1,-61,"865,7",Speedwayr-15-32-c2,"1,5155730184310134",
2025-07-25T14:04:28.2137660+03:00,A30000000000000000000000,,1,"-63,5","865,7",Speedwayr-15-32-c2,"3,485204350076177",
2025-07-25T14:04:28.2163150+03:00,A60000000000000000000000,,1,"-65,5","865,7",Speedwayr-15-32-c2,"4,767612288748572",
2025-07-25T14:04:28.2189840+03:00,A40000000000000000000000,,1,-64,"865,7",Speedwayr-15-32-c2,"2,497320722677824",
2025-07-25T14:04:28.2200810+03:00,A70000000000000000000000,,1,-64,"865,7",Speedwayr-15-32-c2,"0,1227184630308513",
2025-07-25T14:04:28.2223590+03:00,A80000000000000000000000,,1,"-68,5","865,7",Speedwayr-15-32-c2,"4,749204519293945",
2025-07-25T14:04:28.2343310+03:00,A30000000000000000000000,,1,-63,"865,7",Speedwayr-15-32-c2,"3,56497135104623",
2025-07-25T14:04:28.2361370+03:00,A20000000000000000000000,,1,-61,"865,7",Speedwayr-15-32-c2,"1,3192234775816514",
2025-07-25T14:04:28.2374920+03:00,A80000000000000000000000,,1,"-67,5","865,7",Speedwayr-15-32-c2,"4,743068596142402",
2025-07-25T14:04:28.2406160+03:00,A60000000000000000000000,,1,-64,"865,7",Speedwayr-15-32-c2,"5,0682725231741586",
2025-07-25T14:04:28.2457550+03:00,A70000000000000000000000,,1,-63,"865,7",Speedwayr-15-32-c2,"0,07976700097005335",
2025-07-25T14:04:28.2468110+03:00,A40000000000000000000000,,1,-65,"865,7",Speedwayr-15-32-c2,"2,3316507975861747",
2025-07-25T14:04:28.2568140+03:00,60820101D7224204EA5FEA78,,1,-66,"865,7",Speedwayr-15-32-c2,"0,006135923151542565",
2025-07-25T14:04:28.2634920+03:00,A20000000000000000000000,,1,"-60,5","865,7",Speedwayr-15-32-c2,"1,4848934026733007",
2025-07-25T14:04:28.2659610+03:00,A60000000000000000000000,,1,-65,"865,7",Speedwayr-15-32-c2,"4,565126824747668",
2025-07-25T14:04:28.2680660+03:00,A70000000000000000000000,,1,"-62,5","865,7",Speedwayr-15-32-c2,"0,1227184630308513",
2025-07-25T14:04:28.2708920+03:00,A30000000000000000000000,,1,-62,"865,7",Speedwayr-15-32-c2,"3,448388811166921",
2025-07-25T14:04:28.2746800+03:00,A40000000000000000000000,,1,-63,"865,7",Speedwayr-15-32-c2,"2,386874105950058",
2025-07-25T14:04:28.2757630+03:00,A80000000000000000000000,,1,-67,"865,7",Speedwayr-15-32-c2,"4,95168998329485",
2025-07-25T14:04:28.2858860+03:00,60820101D7224204EA5FEA78,,1,-66,"865,7",Speedwayr-15-32-c2,"0,009203884727313847",
2025-07-25T14:04:28.2908200+03:00,A40000000000000000000000,,1,"-64,5","865,7",Speedwayr-15-32-c2,"2,6016314162540475",
2025-07-25T14:04:28.2919110+03:00,A20000000000000000000000,,1,-61,"865,7",Speedwayr-15-32-c2,"1,552388557340269",
2025-07-25T14:04:28.2955620+03:00,A70000000000000000000000,,1,"-62,5","865,7",Speedwayr-15-32-c2,"0,15339807878856412",
2025-07-25T14:04:28.2973750+03:00,A60000000000000000000000,,1,"-65,5","865,7",Speedwayr-15-32-c2,"4,81056375080937",
2025-07-25T14:04:28.2995690+03:00,A30000000000000000000000,,1,-63,"865,7",Speedwayr-15-32-c2,"3,552699504743145",
2025-07-25T14:04:28.3006410+03:00,A80000000000000000000000,,1,-67,"865,7",Speedwayr-15-32-c2,"4,871922982324796",
2025-07-25T14:04:28.3074360+03:00,60820101D7224204EA5FEA78,,1,-66,"865,7",Speedwayr-15-32-c2,"6,280117345603815",
2025-07-25T14:04:28.3158760+03:00,A80000000000000000000000,,1,-67,"865,7",Speedwayr-15-32-c2,"5,270757987175063",
2025-07-25T14:04:28.3169960+03:00,A20000000000000000000000,,1,"-60,5","865,7",Speedwayr-15-32-c2,"1,607611865704152",
2025-07-25T14:04:28.3180790+03:00,A30000000000000000000000,,1,"-63,5","865,7",Speedwayr-15-32-c2,"3,5281558121369745",
2025-07-25T14:04:28.3191650+03:00,A70000000000000000000000,,1,-63,"865,7",Speedwayr-15-32-c2,"0,2086213871524472",
2025-07-25T14:04:28.3228640+03:00,A60000000000000000000000,,1,-65,"865,7",Speedwayr-15-32-c2,"5,0253210611133605",
2025-07-25T14:04:28.3248220+03:00,A40000000000000000000000,,1,-65,"865,7",Speedwayr-15-32-c2,"2,337786720737717",
2025-07-25T14:04:28.3373140+03:00,60820101D7224204EA5FEA78,,1,-66,"865,7",Speedwayr-15-32-c2,"6,108311497360623",
2025-07-25T14:04:28.3414170+03:00,A70000000000000000000000,,1,-62,"865,7",Speedwayr-15-32-c2,"0,19634954084936207",
2025-07-25T14:04:28.3438910+03:00,A60000000000000000000000,,1,"-65,5","865,7",Speedwayr-15-32-c2,"4,957825906446392",
2025-07-25T14:04:28.3468630+03:00,A20000000000000000000000,,1,-61,"865,7",Speedwayr-15-32-c2,"1,5401167110371838",
2025-07-25T14:04:28.3514340+03:00,A40000000000000000000000,,1,-62,"865,7",Speedwayr-15-32-c2,"2,429825568010856",
2025-07-25T14:04:28.3541190+03:00,A30000000000000000000000,,1,-64,"865,7",Speedwayr-15-32-c2,"3,5833791205008576",
2025-07-25T14:04:28.3553610+03:00,A80000000000000000000000,,1,"-67,5","865,7",Speedwayr-15-32-c2,"4,9394181369917645",
2025-07-25T14:04:28.3634690+03:00,60820101D7224204EA5FEA78,,1,"-65,5","865,7",Speedwayr-15-32-c2,"0,0859029241215959",
2025-07-25T14:04:28.3707280+03:00,A80000000000000000000000,,1,-66,"865,7",Speedwayr-15-32-c2,"5,190990986205009",
2025-07-25T14:04:28.3734050+03:00,A30000000000000000000000,,1,-63,"865,7",Speedwayr-15-32-c2,"3,5588354278946874",
2025-07-25T14:04:28.3751870+03:00,A20000000000000000000000,,1,-61,"865,7",Speedwayr-15-32-c2,"1,4787574795217582",
2025-07-25T14:04:28.3768970+03:00,A60000000000000000000000,,1,"-64,5","865,7",Speedwayr-15-32-c2,"5,013049214810275",
2025-07-25T14:04:28.3785270+03:00,A40000000000000000000000,,1,"-64,5","865,7",Speedwayr-15-32-c2,"2,1782527187976104",
2025-07-25T14:04:28.3852310+03:00,A70000000000000000000000,,1,-63,"865,7",Speedwayr-15-32-c2,"0,1043106935762236",
2025-07-25T14:04:28.3941780+03:00,60820101D7224204EA5FEA78,,1,-66,"865,7",Speedwayr-15-32-c2,"0,10124273200045232",
2025-07-25T14:04:28.4015790+03:00,A30000000000000000000000,,1,"-63,5","865,7",Speedwayr-15-32-c2,"3,5342917352885173",
2025-07-25T14:04:28.4037640+03:00,A80000000000000000000000,,1,-68,"865,7",Speedwayr-15-32-c2,"5,019185137961818",
2025-07-25T14:04:28.4061850+03:00,A40000000000000000000000,,1,"-64,5","865,7",Speedwayr-15-32-c2,"2,3009711818284617",
2025-07-25T14:04:28.4085980+03:00,A60000000000000000000000,,1,-66,"865,7",Speedwayr-15-32-c2,"5,203262832508095",
2025-07-25T14:04:28.4112920+03:00,A20000000000000000000000,,1,-61,"865,7",Speedwayr-15-32-c2,"1,5707963267948966",
2025-07-25T14:04:28.4132120+03:00,A70000000000000000000000,,1,-63,"865,7",Speedwayr-15-32-c2,"0,3436116964863836",
2025-07-25T14:04:28.4245140+03:00,60820101D7224204EA5FEA78,,1,"-65,5","865,7",Speedwayr-15-32-c2,"6,154330920997192",
2025-07-25T14:04:28.4285520+03:00,A70000000000000000000000,,1,-63,"865,7",Speedwayr-15-32-c2,"0,3865631585471816",
2025-07-25T14:04:28.4296480+03:00,A20000000000000000000000,,1,-60,"865,7",Speedwayr-15-32-c2,"1,576932249946439",
2025-07-25T14:04:28.4307660+03:00,A80000000000000000000000,,1,-67,"865,7",Speedwayr-15-32-c2,"5,056000676871073",
2025-07-25T14:04:28.4341870+03:00,A60000000000000000000000,,1,"-65,5","865,7",Speedwayr-15-32-c2,"5,197126909356553",
2025-07-25T14:04:28.4372830+03:00,A40000000000000000000000,,1,-65,"865,7",Speedwayr-15-32-c2,"2,3071071049800045",
2025-07-25T14:04:28.4399000+03:00,A30000000000000000000000,,1,"-62,5","865,7",Speedwayr-15-32-c2,"3,5772431973493153",
2025-07-25T14:04:28.4469180+03:00,60820101D7224204EA5FEA78,,1,-66,"865,7",Speedwayr-15-32-c2,0,
2025-07-25T14:04:28.4559800+03:00,A20000000000000000000000,,1,-62,"865,7",Speedwayr-15-32-c2,"1,576932249946439",
2025-07-25T14:04:28.4571340+03:00,A30000000000000000000000,,1,"-63,5","865,7",Speedwayr-15-32-c2,"3,522019888985432",
2025-07-25T14:04:28.4587300+03:00,A40000000000000000000000,,1,"-62,5","865,7",Speedwayr-15-32-c2,"2,405281875404685",
2025-07-25T14:04:28.4611780+03:00,A70000000000000000000000,,1,"-61,5","865,7",Speedwayr-15-32-c2,"0,36815538909255385",
2025-07-25T14:04:28.4639040+03:00,A60000000000000000000000,,1,"-63,5","865,7",Speedwayr-15-32-c2,"4,828971520263998",
2025-07-25T14:04:28.4666220+03:00,A80000000000000000000000,,1,-67,"865,7",Speedwayr-15-32-c2,"5,184855063053467",
2025-07-25T14:04:28.4770850+03:00,60820101D7224204EA5FEA78,,1,-66,"865,7",Speedwayr-15-32-c2,"0,04908738521234052",
2025-07-25T14:04:28.4827820+03:00,A20000000000000000000000,,1,-60,"865,7",Speedwayr-15-32-c2,"1,3499030933393643",
2025-07-25T14:04:28.4844730+03:00,A40000000000000000000000,,1,"-63,5","865,7",Speedwayr-15-32-c2,"2,386874105950058",
2025-07-25T14:04:28.4875590+03:00,A80000000000000000000000,,1,"-67,5","865,7",Speedwayr-15-32-c2,"5,148039524144211",
2025-07-25T14:04:28.4887700+03:00,A70000000000000000000000,,1,"-61,5","865,7",Speedwayr-15-32-c2,"0,35588354278946877",
2025-07-25T14:04:28.4906780+03:00,A30000000000000000000000,,1,-64,"865,7",Speedwayr-15-32-c2,"3,7551849687440497",
2025-07-25T14:04:28.4933240+03:00,A60000000000000000000000,,1,-62,"865,7",Speedwayr-15-32-c2,"5,264622064023521",
2025-07-25T14:04:28.5026220+03:00,60820101D7224204EA5FEA78,,1,-66,"865,7",Speedwayr-15-32-c2,"6,120583343663708",
2025-07-25T14:04:28.5083320+03:00,A80000000000000000000000,,1,-68,"865,7",Speedwayr-15-32-c2,"5,154175447295755",
2025-07-25T14:04:28.5103910+03:00,A30000000000000000000000,,1,"-62,5","865,7",Speedwayr-15-32-c2,"3,5465635815916023",
2025-07-25T14:04:28.5117210+03:00,A20000000000000000000000,,1,-62,"865,7",Speedwayr-15-32-c2,"1,521708941582556",
2025-07-25T14:04:28.5138890+03:00,A60000000000000000000000,,1,"-66,5","865,7",Speedwayr-15-32-c2,"5,209398755659637",
2025-07-25T14:04:28.5174220+03:00,A40000000000000000000000,,1,-65,"865,7",Speedwayr-15-32-c2,"2,227340104009951",
2025-07-25T14:04:28.5197090+03:00,A70000000000000000000000,,1,-62,"865,7",Speedwayr-15-32-c2,"0,35588354278946877",
2025-07-25T14:04:28.5248660+03:00,60820101D7224204EA5FEA78,,1,-66,"865,7",Speedwayr-15-32-c2,0,
2025-07-25T14:04:28.5347050+03:00,A70000000000000000000000,,1,"-60,5","865,7",Speedwayr-15-32-c2,"0,4663301595172349",
2025-07-25T14:04:28.5379500+03:00,A80000000000000000000000,,1,"-67,5","865,7",Speedwayr-15-32-c2,"5,258486140871978",
2025-07-25T14:04:28.5391340+03:00,A30000000000000000000000,,1,-64,"865,7",Speedwayr-15-32-c2,"3,5833791205008576",
2025-07-25T14:04:28.5401760+03:00,A20000000000000000000000,,1,-62,"865,7",Speedwayr-15-32-c2,"1,5278448647340985",
2025-07-25T14:04:28.5432480+03:00,A40000000000000000000000,,1,-64,"865,7",Speedwayr-15-32-c2,"2,3746022596469727",
2025-07-25T14:04:28.5467300+03:00,A60000000000000000000000,,1,-66,"865,7",Speedwayr-15-32-c2,"5,258486140871978",
2025-07-25T14:04:28.5575630+03:00,60820101D7224204EA5FEA78,,1,-66,"865,7",Speedwayr-15-32-c2,"0,030679615757712823",
2025-07-25T14:04:28.5643120+03:00,A30000000000000000000000,,1,-64,"865,7",Speedwayr-15-32-c2,"3,313398501832985",
2025-07-25T14:04:28.5654390+03:00,A70000000000000000000000,,1,-63,"865,7",Speedwayr-15-32-c2,"0,662679700366597",
2025-07-25T14:04:28.5685540+03:00,A20000000000000000000000,,1,"-61,5","865,7",Speedwayr-15-32-c2,"1,4848934026733007",
2025-07-25T14:04:28.5714890+03:00,A60000000000000000000000,,1,"-66,5","865,7",Speedwayr-15-32-c2,"5,227806525114265",
2025-07-25T14:04:28.5728180+03:00,A40000000000000000000000,,1,-65,"865,7",Speedwayr-15-32-c2,"2,435961491162398",
2025-07-25T14:04:28.5761510+03:00,A80000000000000000000000,,1,-67,"865,7",Speedwayr-15-32-c2,"5,227806525114265",
2025-07-25T14:04:28.5801210+03:00,60820101D7224204EA5FEA78,,1,-66,"865,7",Speedwayr-15-32-c2,"0,10124273200045232",
2025-07-25T14:04:28.5913660+03:00,A40000000000000000000000,,1,"-61,5","865,7",Speedwayr-15-32-c2,"2,2764274892222915",
2025-07-25T14:04:28.5943080+03:00,A20000000000000000000000,,1,"-61,5","865,7",Speedwayr-15-32-c2,"1,521708941582556",
2025-07-25T14:04:28.5954920+03:00,A30000000000000000000000,,1,"-63,5","865,7",Speedwayr-15-32-c2,"3,497476196379262",
2025-07-25T14:04:28.5965600+03:00,A70000000000000000000000,,1,-62,"865,7",Speedwayr-15-32-c2,"0,5767767762450011",
2025-07-25T14:04:28.5986160+03:00,A60000000000000000000000,,1,"-65,5","865,7",Speedwayr-15-32-c2,"5,289165756629691",
2025-07-25T14:04:28.6039780+03:00,A80000000000000000000000,,1,"-68,5","865,7",Speedwayr-15-32-c2,"6,0991076126333095",
2025-07-25T14:04:28.6136950+03:00,60820101D7224204EA5FEA78,,1,"-65,5","865,7",Speedwayr-15-32-c2,"0,0674951546669682",
2025-07-25T14:04:28.6214150+03:00,A20000000000000000000000,,1,-61,"865,7",Speedwayr-15-32-c2,"1,5585244804918115",
2025-07-25T14:04:28.6226160+03:00,A80000000000000000000000,,1,"-66,5","865,7",Speedwayr-15-32-c2,"5,620505606812989",
2025-07-25T14:04:28.6251100+03:00,A70000000000000000000000,,1,"-62,5","865,7",Speedwayr-15-32-c2,"0,6381360077604268",
2025-07-25T14:04:28.6261820+03:00,A60000000000000000000000,,1,"-66,5","865,7",Speedwayr-15-32-c2,"5,522330836388308",
2025-07-25T14:04:28.6279300+03:00,A30000000000000000000000,,1,-63,"865,7",Speedwayr-15-32-c2,"3,7429131224409646",
2025-07-25T14:04:28.6289810+03:00,A40000000000000000000000,,1,"-63,5","865,7",Speedwayr-15-32-c2,"2,2948352586769194",
2025-07-25T14:04:28.6359460+03:00,60820101D7224204EA5FEA78,,1,-66,"865,7",Speedwayr-15-32-c2,"0,09510680884890975",
2025-07-25T14:04:28.6462630+03:00,A60000000000000000000000,,1,-67,"865,7",Speedwayr-15-32-c2,"5,332117218690489",
2025-07-25T14:04:28.6475760+03:00,A70000000000000000000000,,1,-63,"865,7",Speedwayr-15-32-c2,"0,6688156235181395",
2025-07-25T14:04:28.6491460+03:00,A20000000000000000000000,,1,"-61,5","865,7",Speedwayr-15-32-c2,"1,6444274046134073",
2025-07-25T14:04:28.6515950+03:00,A40000000000000000000000,,1,"-64,5","865,7",Speedwayr-15-32-c2,"2,1966604882522383",
2025-07-25T14:04:28.6536310+03:00,A80000000000000000000000,,1,-68,"865,7",Speedwayr-15-32-c2,"5,829126993965437",
2025-07-25T14:04:28.6556210+03:00,A30000000000000000000000,,1,"-63,5","865,7",Speedwayr-15-32-c2,"3,5342917352885173",
2025-07-25T14:04:28.6654380+03:00,60820101D7224204EA5FEA78,,1,"-66,5","865,7",Speedwayr-15-32-c2,"0,1564660403643354",
2025-07-25T14:04:28.6732000+03:00,A60000000000000000000000,,1,-62,"865,7",Speedwayr-15-32-c2,"5,424156065963627",
2025-07-25T14:04:28.6744960+03:00,A70000000000000000000000,,1,-62,"865,7",Speedwayr-15-32-c2,"0,7301748550335652",
2025-07-25T14:04:28.6756220+03:00,A40000000000000000000000,,1,-65,"865,7",Speedwayr-15-32-c2,"2,1537090261914402",
2025-07-25T14:04:28.6786780+03:00,A30000000000000000000000,,1,-63,"865,7",Speedwayr-15-32-c2,"3,5895150436524004",
2025-07-25T14:04:28.6799910+03:00,A20000000000000000000000,,1,"-61,5","865,7",Speedwayr-15-32-c2,"1,521708941582556",
2025-07-25T14:04:28.6908730+03:00,60820101D7224204EA5FEA78,,1,"-66,5","865,7",Speedwayr-15-32-c2,"0,09203884727313846",
2025-07-25T14:04:28.6993330+03:00,A20000000000000000000000,,1,-63,"865,7",Speedwayr-15-32-c2,"1,7426021750380885",
2025-07-25T14:04:28.7004840+03:00,A70000000000000000000000,,1,-62,"865,7",Speedwayr-15-32-c2,"0,7731263170943632",
2025-07-25T14:04:28.7042240+03:00,A40000000000000000000000,,1,"-63,5","865,7",Speedwayr-15-32-c2,"2,1966604882522383",
2025-07-25T14:04:28.7054780+03:00,A60000000000000000000000,,1,"-65,5","865,7",Speedwayr-15-32-c2,"5,64504929941916",
2025-07-25T14:04:28.7065760+03:00,A30000000000000000000000,,1,"-63,5","865,7",Speedwayr-15-32-c2,"3,6140587362585705",
2025-07-25T14:04:28.7078610+03:00,A80000000000000000000000,,1,-68,"865,7",Speedwayr-15-32-c2,"6,154330920997192",
2025-07-25T14:04:28.7165910+03:00,60820101D7224204EA5FEA78,,1,-66,"865,7",Speedwayr-15-32-c2,"0,009203884727313847",
2025-07-25T14:04:28.7260380+03:00,A30000000000000000000000,,1,-63,"865,7",Speedwayr-15-32-c2,"3,822680123411018",
2025-07-25T14:04:28.7284670+03:00,A20000000000000000000000,,1,-62,"865,7",Speedwayr-15-32-c2,"1,6321555583103222",
2025-07-25T14:04:28.7297730+03:00,A40000000000000000000000,,1,-65,"865,7",Speedwayr-15-32-c2,"1,9696313316451632",
2025-07-25T14:04:28.7308990+03:00,A70000000000000000000000,,1,"-61,5","865,7",Speedwayr-15-32-c2,"0,9510680884890975",
2025-07-25T14:04:28.7384130+03:00,A80000000000000000000000,,1,"-67,5","865,7",Speedwayr-15-32-c2,"0,11044661672776616",
2025-07-25T14:04:28.7446900+03:00,A60000000000000000000000,,1,-67,"865,7",Speedwayr-15-32-c2,"5,902758071783947",
2025-07-25T14:04:28.7539210+03:00,60820101D7224204EA5FEA78,,1,-66,"865,7",Speedwayr-15-32-c2,"0,0859029241215959",
2025-07-25T14:04:28.7608390+03:00,A70000000000000000000000,,1,-62,"865,7",Speedwayr-15-32-c2,"0,9756117810952678",
2025-07-25T14:04:28.7650910+03:00,A20000000000000000000000,,1,"-61,5","865,7",Speedwayr-15-32-c2,"1,6935147898257479",
2025-07-25T14:04:28.7677580+03:00,A40000000000000000000000,,1,-64,"865,7",Speedwayr-15-32-c2,"2,110757564130642",
2025-07-25T14:04:28.7706970+03:00,A60000000000000000000000,,1,"-63,5","865,7",Speedwayr-15-32-c2,"5,872078456026235",
2025-07-25T14:04:28.7725930+03:00,A30000000000000000000000,,1,"-63,5","865,7",Speedwayr-15-32-c2,"3,141592653589793",
2025-07-25T14:04:28.7748480+03:00,A80000000000000000000000,,1,"-66,5","865,7",Speedwayr-15-32-c2,"6,19728238305799",
2025-07-25T14:04:28.7846560+03:00,60820101D7224204EA5FEA78,,1,-66,"865,7",Speedwayr-15-32-c2,"0,07363107781851078",
2025-07-25T14:04:28.7914230+03:00,A70000000000000000000000,,1,"-62,5","865,7",Speedwayr-15-32-c2,"1,1658253987930873",
2025-07-25T14:04:28.7954110+03:00,A30000000000000000000000,,1,-64,"865,7",Speedwayr-15-32-c2,"3,865631585471816",
2025-07-25T14:04:28.7966430+03:00,A40000000000000000000000,,1,-63,"865,7",Speedwayr-15-32-c2,"1,9757672547967058",
2025-07-25T14:04:28.7980600+03:00,A20000000000000000000000,,1,"-62,5","865,7",Speedwayr-15-32-c2,"1,6014759425526093",
2025-07-25T14:04:28.8000510+03:00,A80000000000000000000000,,1,"-66,5","865,7",Speedwayr-15-32-c2,"0,23930100291016002",
2025-07-25T14:04:28.8053430+03:00,A60000000000000000000000,,1,-65,"865,7",Speedwayr-15-32-c2,"6,031612457966341",
2025-07-25T14:04:28.8223560+03:00,A20000000000000000000000,,1,"-62,5","865,7",Speedwayr-15-32-c2,"1,5155730184310134",
2025-07-25T14:04:28.8255860+03:00,A60000000000000000000000,,1,"-66,5","865,7",Speedwayr-15-32-c2,"6,117515382087937",
2025-07-25T14:04:28.8269530+03:00,A40000000000000000000000,,1,-64,"865,7",Speedwayr-15-32-c2,"1,9880391010997909",
2025-07-25T14:04:28.8283550+03:00,A80000000000000000000000,,1,"-67,5","865,7",Speedwayr-15-32-c2,"0,22089323345553233",
2025-07-25T14:04:28.8294500+03:00,A70000000000000000000000,,1,"-62,5","865,7",Speedwayr-15-32-c2,"1,2578642460662257",
2025-07-25T14:04:28.8305210+03:00,A30000000000000000000000,,1,-63,"865,7",Speedwayr-15-32-c2,"3,6386024288647407",
2025-07-25T14:04:28.8485450+03:00,A20000000000000000000000,,1,-61,"865,7",Speedwayr-15-32-c2,"1,7119225592803755",
2025-07-25T14:04:28.8497140+03:00,A70000000000000000000000,,1,-62,"865,7",Speedwayr-15-32-c2,"1,2333205534600555",
2025-07-25T14:04:28.8510790+03:00,A40000000000000000000000,,1,-62,"865,7",Speedwayr-15-32-c2,"1,9696313316451632",
2025-07-25T14:04:28.8535260+03:00,A30000000000000000000000,,1,"-63,5","865,7",Speedwayr-15-32-c2,"3,497476196379262",
2025-07-25T14:04:28.8555950+03:00,A80000000000000000000000,,1,"-67,5","865,7",Speedwayr-15-32-c2,"0,16566992509164924",
2025-07-25T14:04:28.8573780+03:00,A60000000000000000000000,,1,-66,"865,7",Speedwayr-15-32-c2,"6,240233845118788",
2025-07-25T14:04:28.8717280+03:00,A30000000000000000000000,,1,"-63,5","865,7",Speedwayr-15-32-c2,"3,380893656499953",
2025-07-25T14:04:28.8737210+03:00,A80000000000000000000000,,1,-66,"865,7",Speedwayr-15-32-c2,"6,264777537724958",
2025-07-25T14:04:28.8758930+03:00,A40000000000000000000000,,1,-63,"865,7",Speedwayr-15-32-c2,"1,9389517158874505",
2025-07-25T14:04:28.8776760+03:00,A20000000000000000000000,,1,"-62,5","865,7",Speedwayr-15-32-c2,"1,662835174068035",
2025-07-25T14:04:28.8801810+03:00,A70000000000000000000000,,1,-61,"865,7",Speedwayr-15-32-c2,"1,5278448647340985",
2025-07-25T14:04:28.8836020+03:00,A60000000000000000000000,,1,"-62,5","865,7",Speedwayr-15-32-c2,"0,07363107781851078",
2025-07-25T14:04:28.8963230+03:00,A70000000000000000000000,,1,-63,"865,7",Speedwayr-15-32-c2,"1,4542137869155878",
2025-07-25T14:04:28.9002180+03:00,A20000000000000000000000,,1,"-61,5","865,7",Speedwayr-15-32-c2,"1,5585244804918115",
2025-07-25T14:04:28.9022030+03:00,A40000000000000000000000,,1,-63,"865,7",Speedwayr-15-32-c2,"1,9819031779482483",
2025-07-25T14:04:28.9032370+03:00,A30000000000000000000000,,1,-63,"865,7",Speedwayr-15-32-c2,"3,497476196379262",
2025-07-25T14:04:28.9055060+03:00,A60000000000000000000000,,1,"-65,5","865,7",Speedwayr-15-32-c2,"6,270913460876501",
2025-07-25T14:04:28.9067920+03:00,A80000000000000000000000,,1,"-66,5","865,7",Speedwayr-15-32-c2,"0,5829126993965437",
2025-07-25T14:04:28.9196540+03:00,A30000000000000000000000,,1,"-63,5","865,7",Speedwayr-15-32-c2,"3,454524734318464",
2025-07-25T14:04:28.9209640+03:00,A40000000000000000000000,,1,-64,"865,7",Speedwayr-15-32-c2,"1,8714565612204823",
2025-07-25T14:04:28.9255480+03:00,A80000000000000000000000,,1,"-66,5","865,7",Speedwayr-15-32-c2,"0,48473792897186263",
2025-07-25T14:04:28.9271130+03:00,A60000000000000000000000,,1,"-65,5","865,7",Speedwayr-15-32-c2,"0,018407769454627694",
2025-07-25T14:04:28.9321840+03:00,A20000000000000000000000,,1,-61,"865,7",Speedwayr-15-32-c2,"1,3130875544301088",
2025-07-25T14:04:28.9332510+03:00,A70000000000000000000000,,1,-61,"865,7",Speedwayr-15-32-c2,"1,7548740213411735",
2025-07-25T14:04:28.9450090+03:00,A30000000000000000000000,,1,-63,"865,7",Speedwayr-15-32-c2,"3,429981041712294",
2025-07-25T14:04:28.9471730+03:00,A20000000000000000000000,,1,"-61,5","865,7",Speedwayr-15-32-c2,"1,6566992509164924",
2025-07-25T14:04:28.9501960+03:00,A40000000000000000000000,,1,-64,"865,7",Speedwayr-15-32-c2,"2,024854640009046",
2025-07-25T14:04:28.9516930+03:00,A70000000000000000000000,,1,"-62,5","865,7",Speedwayr-15-32-c2,"1,736466251886546",
2025-07-25T14:04:28.9533410+03:00,A60000000000000000000000,,1,"-64,5","865,7",Speedwayr-15-32-c2,"0,3190680038802134",
2025-07-25T14:04:28.9566850+03:00,A80000000000000000000000,,1,-67,"865,7",Speedwayr-15-32-c2,"0,8344855486097889",
2025-07-25T14:04:28.9729630+03:00,A70000000000000000000000,,1,"-63,5","865,7",Speedwayr-15-32-c2,"1,7855536370988863",
2025-07-25T14:04:28.9749400+03:00,A60000000000000000000000,,1,"-63,5","865,7",Speedwayr-15-32-c2,"0,30066023442558565",
2025-07-25T14:04:28.9760230+03:00,A80000000000000000000000,,1,-66,"865,7",Speedwayr-15-32-c2,"0,6013204688511713",
2025-07-25T14:04:28.9773530+03:00,A20000000000000000000000,,1,-63,"865,7",Speedwayr-15-32-c2,"1,6873788666742053",
2025-07-25T14:04:28.9787090+03:00,A30000000000000000000000,,1,-63,"865,7",Speedwayr-15-32-c2,"3,4054373491061236",
2025-07-25T14:04:28.9797770+03:00,A40000000000000000000000,,1,"-63,5","865,7",Speedwayr-15-32-c2,"1,9082721001297376",
2025-07-25T14:04:28.9937360+03:00,A40000000000000000000000,,1,-64,"865,7",Speedwayr-15-32-c2,"1,6260196351587797",
2025-07-25T14:04:28.9975590+03:00,A20000000000000000000000,,1,"-62,5","865,7",Speedwayr-15-32-c2,"1,607611865704152",
2025-07-25T14:04:28.9986290+03:00,A30000000000000000000000,,1,-63,"865,7",Speedwayr-15-32-c2,"3,436116964863836",
2025-07-25T14:04:28.9999970+03:00,A70000000000000000000000,,1,-63,"865,7",Speedwayr-15-32-c2,"1,7671458676442586",
2025-07-25T14:04:29.0013510+03:00,A80000000000000000000000,,1,-66,"865,7",Speedwayr-15-32-c2,"0,8774370106705868",
2025-07-25T14:04:29.0074880+03:00,A60000000000000000000000,,1,"-65,5","865,7",Speedwayr-15-32-c2,"3,6048548515312566",
2025-07-25T14:04:29.0209040+03:00,A30000000000000000000000,,1,-63,"865,7",Speedwayr-15-32-c2,"3,5342917352885173",
2025-07-25T14:04:29.0220880+03:00,A70000000000000000000000,,1,-63,"865,7",Speedwayr-15-32-c2,"1,9757672547967058",
2025-07-25T14:04:29.0239170+03:00,A20000000000000000000000,,1,-62,"865,7",Speedwayr-15-32-c2,"1,576932249946439",
2025-07-25T14:04:29.0258430+03:00,A40000000000000000000000,,1,"-63,5","865,7",Speedwayr-15-32-c2,"1,859184714917397",
2025-07-25T14:04:29.0274360+03:00,A60000000000000000000000,,1,-64,"865,7",Speedwayr-15-32-c2,"0,5031456984264903",
2025-07-25T14:04:29.0327300+03:00,A80000000000000000000000,,1,-67,"865,7",Speedwayr-15-32-c2,"0,7731263170943632",
2025-07-25T14:04:29.0468910+03:00,A30000000000000000000000,,1,"-63,5","865,7",Speedwayr-15-32-c2,"3,442252888015379",
2025-07-25T14:04:29.0503070+03:00,A70000000000000000000000,,1,"-62,5","865,7",Speedwayr-15-32-c2,"2,0493983326152168",
2025-07-25T14:04:29.0516050+03:00,A20000000000000000000000,,1,"-62,5","865,7",Speedwayr-15-32-c2,"1,5462526341887264",
2025-07-25T14:04:29.0527410+03:00,A40000000000000000000000,,1,"-62,5","865,7",Speedwayr-15-32-c2,"1,859184714917397",
2025-07-25T14:04:29.0550510+03:00,A60000000000000000000000,,1,-64,"865,7",Speedwayr-15-32-c2,"0,6442719309119693",
2025-07-25T14:04:29.0570430+03:00,A80000000000000000000000,,1,"-67,5","865,7",Speedwayr-15-32-c2,"0,9510680884890975",
2025-07-25T14:04:29.0713550+03:00,A70000000000000000000000,,1,-62,"865,7",Speedwayr-15-32-c2,"2,2089323345553233",
2025-07-25T14:04:29.0740040+03:00,A20000000000000000000000,,1,"-62,5","865,7",Speedwayr-15-32-c2,"1,7671458676442586",
2025-07-25T14:04:29.0753930+03:00,A40000000000000000000000,,1,"-63,5","865,7",Speedwayr-15-32-c2,"1,9144080232812801",
2025-07-25T14:04:29.0767630+03:00,A60000000000000000000000,,1,-64,"865,7",Speedwayr-15-32-c2,"0,662679700366597",
2025-07-25T14:04:29.0778910+03:00,A80000000000000000000000,,1,-66,"865,7",Speedwayr-15-32-c2,"0,9387962421860124",
2025-07-25T14:04:29.0798740+03:00,A30000000000000000000000,,1,"-63,5","865,7",Speedwayr-15-32-c2,"3,6999616603801666",
2025-07-25T14:04:29.0927340+03:00,A70000000000000000000000,,1,-63,"865,7",Speedwayr-15-32-c2,"2,098485717827557",
2025-07-25T14:04:29.0962580+03:00,A60000000000000000000000,,1,"-64,5","865,7",Speedwayr-15-32-c2,"0,3190680038802134",
2025-07-25T14:04:29.0988330+03:00,A30000000000000000000000,,1,"-61,5","865,7",Speedwayr-15-32-c2,"3,5036121195308043",
2025-07-25T14:04:29.0999440+03:00,A40000000000000000000000,,1,-62,"865,7",Speedwayr-15-32-c2,"1,8162332528565992",
2025-07-25T14:04:29.1017580+03:00,A20000000000000000000000,,1,-62,"865,7",Speedwayr-15-32-c2,"1,705786636128833",
2025-07-25T14:04:29.1055610+03:00,A80000000000000000000000,,1,-68,"865,7",Speedwayr-15-32-c2,"1,1228739367322893",
2025-07-25T14:04:29.1207800+03:00,A20000000000000000000000,,1,"-62,5","865,7",Speedwayr-15-32-c2,"1,7119225592803755",
2025-07-25T14:04:29.1226170+03:00,A40000000000000000000000,,1,-64,"865,7",Speedwayr-15-32-c2,"1,8653206380689396",
2025-07-25T14:04:29.1237470+03:00,A80000000000000000000000,,1,-67,"865,7",Speedwayr-15-32-c2,"1,0799224746714913",
2025-07-25T14:04:29.1251140+03:00,A60000000000000000000000,,1,-64,"865,7",Speedwayr-15-32-c2,"0,7731263170943632",
2025-07-25T14:04:29.1269410+03:00,A70000000000000000000000,,1,"-62,5","865,7",Speedwayr-15-32-c2,"2,116893487282185",
2025-07-25T14:04:29.1294610+03:00,A30000000000000000000000,,1,-62,"865,7",Speedwayr-15-32-c2,"3,411573272257666",
2025-07-25T14:04:29.1453470+03:00,A70000000000000000000000,,1,"-62,5","865,7",Speedwayr-15-32-c2,"2,1537090261914402",
2025-07-25T14:04:29.1481650+03:00,A40000000000000000000000,,1,"-64,5","865,7",Speedwayr-15-32-c2,"1,8530487917658545",
2025-07-25T14:04:29.1544330+03:00,A20000000000000000000000,,1,-62,"865,7",Speedwayr-15-32-c2,"1,9144080232812801",
2025-07-25T14:04:29.1558000+03:00,A30000000000000000000000,,1,"-63,5","865,7",Speedwayr-15-32-c2,"3,442252888015379",
2025-07-25T14:04:29.1585090+03:00,A60000000000000000000000,,1,-64,"865,7",Speedwayr-15-32-c2,"0,3620194659410113",
2025-07-25T14:04:29.1606830+03:00,A80000000000000000000000,,1,"-66,5","865,7",Speedwayr-15-32-c2,"1,1290098598838318",
2025-07-25T14:04:29.1771310+03:00,A30000000000000000000000,,1,-63,"865,7",Speedwayr-15-32-c2,"3,479068426924634",
2025-07-25T14:04:29.1782290+03:00,A20000000000000000000000,,1,-64,"865,7",Speedwayr-15-32-c2,"1,8346410223112268",
2025-07-25T14:04:29.1795950+03:00,A70000000000000000000000,,1,"-61,5","865,7",Speedwayr-15-32-c2,"2,3930100291016",
2025-07-25T14:04:29.1807060+03:00,A60000000000000000000000,,1,"-64,5","865,7",Speedwayr-15-32-c2,"0,803805932852076",
2025-07-25T14:04:29.1827340+03:00,A80000000000000000000000,,1,"-66,5","865,7",Speedwayr-15-32-c2,"1,1106020904292042",
2025-07-25T14:04:29.1880200+03:00,A40000000000000000000000,,1,-64,"865,7",Speedwayr-15-32-c2,"1,8530487917658545",
2025-07-25T14:04:29.2018600+03:00,A20000000000000000000000,,1,-64,"865,7",Speedwayr-15-32-c2,"1,761009944492716",
2025-07-25T14:04:29.2032000+03:00,A30000000000000000000000,,1,-63,"865,7",Speedwayr-15-32-c2,"3,4177091954092087",
2025-07-25T14:04:29.2049550+03:00,A60000000000000000000000,,1,"-64,5","865,7",Speedwayr-15-32-c2,"0,5951845456996288",
2025-07-25T14:04:29.2072940+03:00,A70000000000000000000000,,1,"-62,5","865,7",Speedwayr-15-32-c2,"2,270291566070749",
2025-07-25T14:04:29.2102510+03:00,A40000000000000000000000,,1,"-63,5","865,7",Speedwayr-15-32-c2,"1,8714565612204823",
2025-07-25T14:04:29.2135610+03:00,A80000000000000000000000,,1,-67,"865,7",Speedwayr-15-32-c2,"1,3499030933393643",
2025-07-25T14:04:29.2275880+03:00,A30000000000000000000000,,1,-63,"865,7",Speedwayr-15-32-c2,"3,4606606574700063",
2025-07-25T14:04:29.2287300+03:00,A80000000000000000000000,,1,-63,"865,7",Speedwayr-15-32-c2,"1,239456476611598",
2025-07-25T14:04:29.2309000+03:00,A60000000000000000000000,,1,"-64,5","865,7",Speedwayr-15-32-c2,"0,7792622402459057",
2025-07-25T14:04:29.2329520+03:00,A40000000000000000000000,,1,-63,"865,7",Speedwayr-15-32-c2,"1,846912868614312",
2025-07-25T14:04:29.2364440+03:00,A20000000000000000000000,,1,-65,"865,7",Speedwayr-15-32-c2,"1,8100973297050567",
2025-07-25T14:04:29.2383550+03:00,A70000000000000000000000,,1,-64,"865,7",Speedwayr-15-32-c2,"2,1537090261914402",
2025-07-25T14:04:29.2550000+03:00,A40000000000000000000000,,1,-63,"865,7",Speedwayr-15-32-c2,"1,8837284075235674",
2025-07-25T14:04:29.2570340+03:00,A80000000000000000000000,,1,"-65,5","865,7",Speedwayr-15-32-c2,"1,3069516312785663",
2025-07-25T14:04:29.2581470+03:00,A70000000000000000000000,,1,"-63,5","865,7",Speedwayr-15-32-c2,"2,2886993355253766",
2025-07-25T14:04:29.2592550+03:00,A20000000000000000000000,,1,"-63,5","865,7",Speedwayr-15-32-c2,"1,9205439464328227",
2025-07-25T14:04:29.2610470+03:00,A30000000000000000000000,,1,"-62,5","865,7",Speedwayr-15-32-c2,"3,423845118560751",
2025-07-25T14:04:29.2638150+03:00,A60000000000000000000000,,1,"-64,5","865,7",Speedwayr-15-32-c2,"0,760854470791278",
2025-07-25T14:04:29.2758080+03:00,A40000000000000000000000,,1,-64,"865,7",Speedwayr-15-32-c2,"1,7794177139473437",
2025-07-25T14:04:29.2776300+03:00,A70000000000000000000000,,1,"-63,5","865,7",Speedwayr-15-32-c2,"2,423689644859313",
2025-07-25T14:04:29.2807390+03:00,A80000000000000000000000,,1,-66,"865,7",Speedwayr-15-32-c2,"1,5278448647340985",
2025-07-25T14:04:29.2831530+03:00,A30000000000000000000000,,1,-63,"865,7",Speedwayr-15-32-c2,"3,736777199289422",
2025-07-25T14:04:29.2860060+03:00,A20000000000000000000000,,1,-64,"865,7",Speedwayr-15-32-c2,"1,8714565612204823",
2025-07-25T14:04:29.2873470+03:00,A60000000000000000000000,,1,-65,"865,7",Speedwayr-15-32-c2,"0,7240389318820226",
2025-07-25T14:04:29.3017630+03:00,A60000000000000000000000,,1,"-64,5","865,7",Speedwayr-15-32-c2,"0,3620194659410113",
2025-07-25T14:04:29.3036880+03:00,A20000000000000000000000,,1,-65,"865,7",Speedwayr-15-32-c2,"1,9941750242513334",
2025-07-25T14:04:29.3047270+03:00,A40000000000000000000000,,1,"-63,5","865,7",Speedwayr-15-32-c2,"1,8960002538266525",
2025-07-25T14:04:29.3058540+03:00,A30000000000000000000000,,1,"-62,5","865,7",Speedwayr-15-32-c2,"3,6079228131070282",
2025-07-25T14:04:29.3081870+03:00,A70000000000000000000000,,1,-64,"865,7",Speedwayr-15-32-c2,"2,3316507975861747",
2025-07-25T14:04:29.3138620+03:00,A80000000000000000000000,,1,"-67,5","865,7",Speedwayr-15-32-c2,"1,2455923997631406",
2025-07-25T14:04:29.3277150+03:00,A30000000000000000000000,,1,"-63,5","865,7",Speedwayr-15-32-c2,"3,6140587362585705",
2025-07-25T14:04:29.3306600+03:00,A60000000000000000000000,,1,-64,"865,7",Speedwayr-15-32-c2,"0,2699806186678728",
2025-07-25T14:04:29.3317690+03:00,A40000000000000000000000,,1,"-62,5","865,7",Speedwayr-15-32-c2,"1,9266798695843652",
2025-07-25T14:04:29.3328790+03:00,A70000000000000000000000,,1,"-62,5","865,7",Speedwayr-15-32-c2,"2,3009711818284617",
2025-07-25T14:04:29.3340250+03:00,A80000000000000000000000,,1,-67,"865,7",Speedwayr-15-32-c2,"1,3560390164909069",
2025-07-25T14:04:29.3356630+03:00,A20000000000000000000000,,1,-65,"865,7",Speedwayr-15-32-c2,"1,8530487917658545",
2025-07-25T14:04:29.3496600+03:00,A70000000000000000000000,,1,"-61,5","865,7",Speedwayr-15-32-c2,"2,2457478734645786",
2025-07-25T14:04:29.3523260+03:00,A20000000000000000000000,,1,"-64,5","865,7",Speedwayr-15-32-c2,"2,086213871524472",
2025-07-25T14:04:29.3533640+03:00,A40000000000000000000000,,1,"-63,5","865,7",Speedwayr-15-32-c2,"1,9880391010997909",
2025-07-25T14:04:29.3555560+03:00,A30000000000000000000000,,1,-63,"865,7",Speedwayr-15-32-c2,"3,6876898140770815",
2025-07-25T14:04:29.3590480+03:00,A60000000000000000000000,,1,"-64,5","865,7",Speedwayr-15-32-c2,"0,5154175447295755",
2025-07-25T14:04:29.3616750+03:00,A80000000000000000000000,,1,-67,"865,7",Speedwayr-15-32-c2,"1,6751070203711202",
2025-07-25T14:04:29.3771710+03:00,A30000000000000000000000,,1,"-62,5","865,7",Speedwayr-15-32-c2,"3,6570101983193686",
2025-07-25T14:04:29.3785160+03:00,A80000000000000000000000,,1,"-65,5","865,7",Speedwayr-15-32-c2,"1,5462526341887264",
2025-07-25T14:04:29.3806460+03:00,A70000000000000000000000,,1,"-63,5","865,7",Speedwayr-15-32-c2,"2,313243028131547",
2025-07-25T14:04:29.3823450+03:00,A20000000000000000000000,,1,"-62,5","865,7",Speedwayr-15-32-c2,"1,9144080232812801",
2025-07-25T14:04:29.3834550+03:00,A40000000000000000000000,,1,-64,"865,7",Speedwayr-15-32-c2,"1,9205439464328227",
2025-07-25T14:04:29.3847270+03:00,A60000000000000000000000,,1,-64,"865,7",Speedwayr-15-32-c2,"0,5154175447295755",
2025-07-25T14:04:29.3974190+03:00,A60000000000000000000000,,1,"-64,5","865,7",Speedwayr-15-32-c2,"0,619728238305799",
2025-07-25T14:04:29.3991170+03:00,A20000000000000000000000,,1,-65,"865,7",Speedwayr-15-32-c2,"2,0493983326152168",
2025-07-25T14:04:29.4043560+03:00,A30000000000000000000000,,1,"-61,5","865,7",Speedwayr-15-32-c2,"3,6815538909255388",
2025-07-25T14:04:29.4054450+03:00,A80000000000000000000000,,1,-67,"865,7",Speedwayr-15-32-c2,"1,5953400194010667",
2025-07-25T14:04:29.4071200+03:00,A70000000000000000000000,,1,"-62,5","865,7",Speedwayr-15-32-c2,"2,3316507975861747",
2025-07-25T14:04:29.4082180+03:00,A40000000000000000000000,,1,"-64,5","865,7",Speedwayr-15-32-c2,"1,9512235621905356",
2025-07-25T14:04:29.4227490+03:00,A40000000000000000000000,,1,-63,"865,7",Speedwayr-15-32-c2,"1,9696313316451632",
2025-07-25T14:04:29.4252470+03:00,A30000000000000000000000,,1,-63,"865,7",Speedwayr-15-32-c2,"3,6079228131070282",
2025-07-25T14:04:29.4265870+03:00,A20000000000000000000000,,1,-65,"865,7",Speedwayr-15-32-c2,"2,030990563160589",
2025-07-25T14:04:29.4305190+03:00,A70000000000000000000000,,1,"-62,5","865,7",Speedwayr-15-32-c2,"2,411417798556228",
2025-07-25T14:04:29.4338820+03:00,A80000000000000000000000,,1,-66,"865,7",Speedwayr-15-32-c2,"1,368310862793992",
2025-07-25T14:04:29.4350070+03:00,A60000000000000000000000,,1,-64,"865,7",Speedwayr-15-32-c2,"0,4540583132141498",
2025-07-25T14:04:29.4501360+03:00,A70000000000000000000000,,1,-62,"865,7",Speedwayr-15-32-c2,"2,282563412373834",
2025-07-25T14:04:29.4520980+03:00,A20000000000000000000000,,1,"-62,5","865,7",Speedwayr-15-32-c2,"1,859184714917397",
2025-07-25T14:04:29.4546700+03:00,A40000000000000000000000,,1,-65,"865,7",Speedwayr-15-32-c2,"1,9634954084936207",
2025-07-25T14:04:29.4564730+03:00,A30000000000000000000000,,1,-63,"865,7",Speedwayr-15-32-c2,"3,736777199289422",
2025-07-25T14:04:29.4576580+03:00,A60000000000000000000000,,1,-65,"865,7",Speedwayr-15-32-c2,"0,5767767762450011",
2025-07-25T14:04:29.4591730+03:00,A80000000000000000000000,,1,-66,"865,7",Speedwayr-15-32-c2,"1,6014759425526093",
2025-07-25T14:04:29.4726150+03:00,A30000000000000000000000,,1,"-62,5","865,7",Speedwayr-15-32-c2,"3,7122335066832517",
2025-07-25T14:04:29.4741680+03:00,A40000000000000000000000,,1,"-63,5","865,7",Speedwayr-15-32-c2,"2,012582793705961",
2025-07-25T14:04:29.4759770+03:00,A20000000000000000000000,,1,"-64,5","865,7",Speedwayr-15-32-c2,"2,030990563160589",
2025-07-25T14:04:29.4770950+03:00,A80000000000000000000000,,1,-67,"865,7",Speedwayr-15-32-c2,"1,3989904785517047",
2025-07-25T14:04:29.4782070+03:00,A70000000000000000000000,,1,-63,"865,7",Speedwayr-15-32-c2,"2,350058567040802",
2025-07-25T14:04:29.4795740+03:00,A60000000000000000000000,,1,-65,"865,7",Speedwayr-15-32-c2,"0,5522330836388308",
2025-07-25T14:04:29.4956740+03:00,A20000000000000000000000,,1,-65,"865,7",Speedwayr-15-32-c2,"2,116893487282185",
2025-07-25T14:04:29.4967880+03:00,A80000000000000000000000,,1,"-66,5","865,7",Speedwayr-15-32-c2,"1,6137477888556946",
2025-07-25T14:04:29.5019860+03:00,A70000000000000000000000,,1,-62,"865,7",Speedwayr-15-32-c2,"2,36846633649543",
2025-07-25T14:04:29.5051060+03:00,A60000000000000000000000,,1,"-64,5","865,7",Speedwayr-15-32-c2,"0,5829126993965437",
2025-07-25T14:04:29.5065350+03:00,A30000000000000000000000,,1,-62,"865,7",Speedwayr-15-32-c2,"3,7551849687440497",
2025-07-25T14:04:29.5085000+03:00,A40000000000000000000000,,1,-64,"865,7",Speedwayr-15-32-c2,"2,0064468705544187",
2025-07-25T14:04:29.5204580+03:00,A40000000000000000000000,,1,"-64,5","865,7",Speedwayr-15-32-c2,"2,024854640009046",
2025-07-25T14:04:29.5228390+03:00,A70000000000000000000000,,1,-64,"865,7",Speedwayr-15-32-c2,"2,442097414313941",
2025-07-25T14:04:29.5239530+03:00,A60000000000000000000000,,1,"-63,5","865,7",Speedwayr-15-32-c2,"0,6933593161243098",
2025-07-25T14:04:29.5252770+03:00,A30000000000000000000000,,1,-63,"865,7",Speedwayr-15-32-c2,"3,785864584501762",
2025-07-25T14:04:29.5278970+03:00,A20000000000000000000000,,1,-64,"865,7",Speedwayr-15-32-c2,"2,018718716857504",
2025-07-25T14:04:29.5340390+03:00,A80000000000000000000000,,1,-67,"865,7",Speedwayr-15-32-c2,"1,509437095279471",
2025-07-25T14:04:29.5482690+03:00,A20000000000000000000000,,1,"-65,5","865,7",Speedwayr-15-32-c2,"2,0800779483729293",
2025-07-25T14:04:29.5493380+03:00,A30000000000000000000000,,1,-60,"865,7",Speedwayr-15-32-c2,"3,730641276137879",
2025-07-25T14:04:29.5506790+03:00,A40000000000000000000000,,1,-64,"865,7",Speedwayr-15-32-c2,"1,9144080232812801",
2025-07-25T14:04:29.5539500+03:00,A60000000000000000000000,,1,-64,"865,7",Speedwayr-15-32-c2,"0,521553467881118",
2025-07-25T14:04:29.5556770+03:00,A70000000000000000000000,,1,"-63,5","865,7",Speedwayr-15-32-c2,"2,442097414313941",
2025-07-25T14:04:29.5567630+03:00,A80000000000000000000000,,1,"-67,5","865,7",Speedwayr-15-32-c2,"1,5585244804918115",
2025-07-25T14:04:29.5704320+03:00,A20000000000000000000000,,1,-63,"865,7",Speedwayr-15-32-c2,"2,055534255766759",
2025-07-25T14:04:29.5731080+03:00,A60000000000000000000000,,1,-62,"865,7",Speedwayr-15-32-c2,"0,5338253141842031",
2025-07-25T14:04:29.5744930+03:00,A40000000000000000000000,,1,-64,"865,7",Speedwayr-15-32-c2,"2,067806102069844",
2025-07-25T14:04:29.5770320+03:00,A80000000000000000000000,,1,"-68,5","865,7",Speedwayr-15-32-c2,"1,4358060174609601",
2025-07-25T14:04:29.5784880+03:00,A30000000000000000000000,,1,"-62,5","865,7",Speedwayr-15-32-c2,"3,718369429834794",
2025-07-25T14:04:29.5795550+03:00,A70000000000000000000000,,1,-63,"865,7",Speedwayr-15-32-c2,"2,356194490192345",
2025-07-25T14:04:29.5931410+03:00,A70000000000000000000000,,1,-63,"865,7",Speedwayr-15-32-c2,"2,1046216409791",
2025-07-25T14:04:29.5953100+03:00,A80000000000000000000000,,1,"-68,5","865,7",Speedwayr-15-32-c2,"1,6996507129772904",
2025-07-25T14:04:29.5964090+03:00,A60000000000000000000000,,1,"-63,5","865,7",Speedwayr-15-32-c2,"0,42337869745643697",
2025-07-25T14:04:29.5974800+03:00,A30000000000000000000000,,1,-63,"865,7",Speedwayr-15-32-c2,"3,859495662320273",
2025-07-25T14:04:29.5990550+03:00,A40000000000000000000000,,1,-63,"865,7",Speedwayr-15-32-c2,"2,2396119503130363",
2025-07-25T14:04:29.6010110+03:00,A20000000000000000000000,,1,"-64,5","865,7",Speedwayr-15-32-c2,"2,0064468705544187",
2025-07-25T14:04:29.6150970+03:00,A60000000000000000000000,,1,"-64,5","865,7",Speedwayr-15-32-c2,"0,5829126993965437",
2025-07-25T14:04:29.6164320+03:00,A40000000000000000000000,,1,"-64,5","865,7",Speedwayr-15-32-c2,"2,2396119503130363",
2025-07-25T14:04:29.6180020+03:00,A30000000000000000000000,,1,-62,"865,7",Speedwayr-15-32-c2,"3,822680123411018",
2025-07-25T14:04:29.6191770+03:00,A80000000000000000000000,,1,-67,"865,7",Speedwayr-15-32-c2,"1,3744467859455345",
2025-07-25T14:04:29.6210410+03:00,A20000000000000000000000,,1,"-61,5","865,7",Speedwayr-15-32-c2,"2,313243028131547",
2025-07-25T14:04:29.6223920+03:00,A70000000000000000000000,,1,"-62,5","865,7",Speedwayr-15-32-c2,"2,350058567040802",
2025-07-25T14:04:29.6396430+03:00,A80000000000000000000000,,1,"-63,5","865,7",Speedwayr-15-32-c2,"1,576932249946439",
2025-07-25T14:04:29.6420900+03:00,A20000000000000000000000,,1,"-64,5","865,7",Speedwayr-15-32-c2,"2,2580197197676637",
2025-07-25T14:04:29.6432860+03:00,A30000000000000000000000,,1,"-62,5","865,7",Speedwayr-15-32-c2,"3,8840393549264434",
2025-07-25T14:04:29.6443550+03:00,A40000000000000000000000,,1,"-63,5","865,7",Speedwayr-15-32-c2,"2,2334760271614935",
2025-07-25T14:04:29.6454670+03:00,A60000000000000000000000,,1,-64,"865,7",Speedwayr-15-32-c2,"0,6135923151542565",
2025-07-25T14:04:29.6465470+03:00,A70000000000000000000000,,1,"-63,5","865,7",Speedwayr-15-32-c2,"2,337786720737717",
2025-07-25T14:04:29.6592830+03:00,A70000000000000000000000,,1,"-61,5","865,7",Speedwayr-15-32-c2,"2,3746022596469727",
2025-07-25T14:04:29.6611930+03:00,A30000000000000000000000,,1,"-61,5","865,7",Speedwayr-15-32-c2,"3,7981364308048478",
2025-07-25T14:04:29.6644920+03:00,A40000000000000000000000,,1,"-64,5","865,7",Speedwayr-15-32-c2,"2,325514874434632",
2025-07-25T14:04:29.6661620+03:00,A60000000000000000000000,,1,-64,"865,7",Speedwayr-15-32-c2,"0,48473792897186263",
2025-07-25T14:04:29.6690290+03:00,A20000000000000000000000,,1,-65,"865,7",Speedwayr-15-32-c2,"2,1475731030398975",
2025-07-25T14:04:29.6721130+03:00,A80000000000000000000000,,1,-65,"865,7",Speedwayr-15-32-c2,"1,4542137869155878",
2025-07-25T14:04:29.6842100+03:00,A30000000000000000000000,,1,-62,"865,7",Speedwayr-15-32-c2,"3,9515345095934116",
2025-07-25T14:04:29.6853120+03:00,A70000000000000000000000,,1,"-63,5","865,7",Speedwayr-15-32-c2,"2,3439226438892597",
2025-07-25T14:04:29.6873620+03:00,A40000000000000000000000,,1,-65,"865,7",Speedwayr-15-32-c2,"2,313243028131547",
2025-07-25T14:04:29.6895570+03:00,A20000000000000000000000,,1,-64,"865,7",Speedwayr-15-32-c2,"2,2518837966161214",
2025-07-25T14:04:29.6937930+03:00,A80000000000000000000000,,1,-69,"865,7",Speedwayr-15-32-c2,"1,4910293258248433",
2025-07-25T14:04:29.6949460+03:00,A60000000000000000000000,,1,-64,"865,7",Speedwayr-15-32-c2,"0,5092816215780329",
2025-07-25T14:04:29.7077500+03:00,A20000000000000000000000,,1,"-65,5","865,7",Speedwayr-15-32-c2,"2,116893487282185",
2025-07-25T14:04:29.7099030+03:00,A40000000000000000000000,,1,-63,"865,7",Speedwayr-15-32-c2,"2,270291566070749",
2025-07-25T14:04:29.7120680+03:00,A30000000000000000000000,,1,-62,"865,7",Speedwayr-15-32-c2,"3,9392626632903265",
2025-07-25T14:04:29.7148250+03:00,A60000000000000000000000,,1,"-63,5","865,7",Speedwayr-15-32-c2,"0,36815538909255385",
2025-07-25T14:04:29.7164410+03:00,A70000000000000000000000,,1,"-62,5","865,7",Speedwayr-15-32-c2,"2,3009711818284617",
2025-07-25T14:04:29.7178710+03:00,A80000000000000000000000,,1,"-68,5","865,7",Speedwayr-15-32-c2,"1,325359400733194",
2025-07-25T14:04:29.7297770+03:00,A30000000000000000000000,,1,-62,"865,7",Speedwayr-15-32-c2,"3,9147189706841563",
2025-07-25T14:04:29.7308450+03:00,A60000000000000000000000,,1,-64,"865,7",Speedwayr-15-32-c2,"0,4295146206079795",
2025-07-25T14:04:29.7329200+03:00,A80000000000000000000000,,1,-68,"865,7",Speedwayr-15-32-c2,"1,2885438618239387",
2025-07-25T14:04:29.7340030+03:00,A40000000000000000000000,,1,-64,"865,7",Speedwayr-15-32-c2,"2,509592568980909",
2025-07-25T14:04:29.7350750+03:00,A20000000000000000000000,,1,"-65,5","865,7",Speedwayr-15-32-c2,"2,055534255766759",
2025-07-25T14:04:29.7366120+03:00,A70000000000000000000000,,1,"-63,5","865,7",Speedwayr-15-32-c2,"2,3439226438892597",
2025-07-25T14:04:29.7561910+03:00,A40000000000000000000000,,1,"-63,5","865,7",Speedwayr-15-32-c2,"2,5157284921324514",
2025-07-25T14:04:29.7579300+03:00,A60000000000000000000000,,1,-64,"865,7",Speedwayr-15-32-c2,"0,36815538909255385",
2025-07-25T14:04:29.7592420+03:00,A30000000000000000000000,,1,-62,"865,7",Speedwayr-15-32-c2,"3,865631585471816",
2025-07-25T14:04:29.7614850+03:00,A80000000000000000000000,,1,"-66,5","865,7",Speedwayr-15-32-c2,"1,576932249946439",
2025-07-25T14:04:29.7631680+03:00,A20000000000000000000000,,1,"-64,5","865,7",Speedwayr-15-32-c2,"2,2089323345553233",
2025-07-25T14:04:29.7642060+03:00,A70000000000000000000000,,1,"-63,5","865,7",Speedwayr-15-32-c2,"2,3439226438892597",
2025-07-25T14:04:29.7774710+03:00,A40000000000000000000000,,1,"-64,5","865,7",Speedwayr-15-32-c2,"2,380738182798515",
2025-07-25T14:04:29.7790050+03:00,A30000000000000000000000,,1,-62,"865,7",Speedwayr-15-32-c2,"4,1172044346850605",
2025-07-25T14:04:29.7809990+03:00,A70000000000000000000000,,1,"-61,5","865,7",Speedwayr-15-32-c2,"1,9573594853420782",
2025-07-25T14:04:29.7829660+03:00,A20000000000000000000000,,1,-66,"865,7",Speedwayr-15-32-c2,"2,2027964114037806",
2025-07-25T14:04:29.7852310+03:00,A60000000000000000000000,,1,"-63,5","865,7",Speedwayr-15-32-c2,"0,3436116964863836",
2025-07-25T14:04:29.7863750+03:00,A80000000000000000000000,,1,-69,"865,7",Speedwayr-15-32-c2,"1,3867186322486196",
2025-07-25T14:04:29.7993430+03:00,A70000000000000000000000,,1,"-62,5","865,7",Speedwayr-15-32-c2,"1,6689710972195777",
2025-07-25T14:04:29.8028490+03:00,A20000000000000000000000,,1,-65,"865,7",Speedwayr-15-32-c2,"2,1353012567368124",
2025-07-25T14:04:29.8040040+03:00,A80000000000000000000000,,1,"-66,5","865,7",Speedwayr-15-32-c2,"1,552388557340269",
2025-07-25T14:04:29.8057980+03:00,A30000000000000000000000,,1,-62,"865,7",Speedwayr-15-32-c2,"4,09266074207889",
2025-07-25T14:04:29.8077510+03:00,A60000000000000000000000,,1,"-63,5","865,7",Speedwayr-15-32-c2,"0,42337869745643697",
2025-07-25T14:04:29.8088350+03:00,A40000000000000000000000,,1,"-64,5","865,7",Speedwayr-15-32-c2,"2,2886993355253766",
2025-07-25T14:04:29.8222310+03:00,A30000000000000000000000,,1,-62,"865,7",Speedwayr-15-32-c2,"4,485359823777615",
2025-07-25T14:04:29.8247740+03:00,A20000000000000000000000,,1,"-65,5","865,7",Speedwayr-15-32-c2,"1,9880391010997909",
2025-07-25T14:04:29.8263730+03:00,A80000000000000000000000,,1,"-68,5","865,7",Speedwayr-15-32-c2,"1,4542137869155878",
2025-07-25T14:04:29.8274450+03:00,A70000000000000000000000,,1,"-62,5","865,7",Speedwayr-15-32-c2,"2,4605051837685683",
2025-07-25T14:04:29.8287980+03:00,A40000000000000000000000,,1,"-64,5","865,7",Speedwayr-15-32-c2,"2,724349879284899",
2025-07-25T14:04:29.8299670+03:00,A60000000000000000000000,,1,-62,"865,7",Speedwayr-15-32-c2,"0,34974761963792617",
2025-07-25T14:04:29.8434720+03:00,A20000000000000000000000,,1,"-64,5","865,7",Speedwayr-15-32-c2,"2,1659808724945253",
2025-07-25T14:04:29.8464520+03:00,A80000000000000000000000,,1,"-66,5","865,7",Speedwayr-15-32-c2,"1,4296700943094176",
2025-07-25T14:04:29.8479090+03:00,A70000000000000000000000,,1,"-63,5","865,7",Speedwayr-15-32-c2,"2,1966604882522383",
2025-07-25T14:04:29.8494600+03:00,A30000000000000000000000,,1,-62,"865,7",Speedwayr-15-32-c2,"4,129476280988146",
2025-07-25T14:04:29.8513920+03:00,A60000000000000000000000,,1,-63,"865,7",Speedwayr-15-32-c2,"0,18407769454627693",
2025-07-25T14:04:29.8529710+03:00,A40000000000000000000000,,1,-65,"865,7",Speedwayr-15-32-c2,"3,0066023442558567",
2025-07-25T14:04:29.8661780+03:00,A80000000000000000000000,,1,-69,"865,7",Speedwayr-15-32-c2,"1,380582709097077",
2025-07-25T14:04:29.8693080+03:00,A40000000000000000000000,,1,-64,"865,7",Speedwayr-15-32-c2,"2,8102528034064944",
2025-07-25T14:04:29.8715780+03:00,A70000000000000000000000,,1,-62,"865,7",Speedwayr-15-32-c2,"2,110757564130642",
2025-07-25T14:04:29.8729010+03:00,A30000000000000000000000,,1,-62,"865,7",Speedwayr-15-32-c2,"4,147884050442774",
2025-07-25T14:04:29.8753940+03:00,A20000000000000000000000,,1,"-65,5","865,7",Speedwayr-15-32-c2,"2,116893487282185",
2025-07-25T14:04:29.8765360+03:00,A60000000000000000000000,,1,"-63,5","865,7",Speedwayr-15-32-c2,"0,22089323345553233",
2025-07-25T14:04:29.8925090+03:00,A70000000000000000000000,,1,"-61,5","865,7",Speedwayr-15-32-c2,"2,0800779483729293",
2025-07-25T14:04:29.8938490+03:00,A40000000000000000000000,,1,"-65,5","865,7",Speedwayr-15-32-c2,"2,9145634969827183",
2025-07-25T14:04:29.8954140+03:00,A30000000000000000000000,,1,-62,"865,7",Speedwayr-15-32-c2,"4,178563666200486",
2025-07-25T14:04:29.8980640+03:00,A60000000000000000000000,,1,-63,"865,7",Speedwayr-15-32-c2,"0,1349903093339364",
2025-07-25T14:04:29.9002040+03:00,A20000000000000000000000,,1,"-66,5","865,7",Speedwayr-15-32-c2,"2,061670178918302",
2025-07-25T14:04:29.9013600+03:00,A80000000000000000000000,,1,"-66,5","865,7",Speedwayr-15-32-c2,"1,41126232485479",
2025-07-25T14:04:29.9153570+03:00,A80000000000000000000000,,1,"-67,5","865,7",Speedwayr-15-32-c2,"1,3314953238847365",
2025-07-25T14:04:29.9167360+03:00,A20000000000000000000000,,1,-66,"865,7",Speedwayr-15-32-c2,"2,1046216409791",
2025-07-25T14:04:29.9183220+03:00,A70000000000000000000000,,1,-62,"865,7",Speedwayr-15-32-c2,"2,030990563160589",
2025-07-25T14:04:29.9210140+03:00,A40000000000000000000000,,1,"-65,5","865,7",Speedwayr-15-32-c2,"2,9145634969827183",
2025-07-25T14:04:29.9224240+03:00,A30000000000000000000000,,1,"-61,5","865,7",Speedwayr-15-32-c2,"4,23378697456437",
2025-07-25T14:04:29.9238220+03:00,A60000000000000000000000,,1,"-64,5","865,7",Speedwayr-15-32-c2,"0,05522330836388308",
2025-07-25T14:04:29.9396710+03:00,A80000000000000000000000,,1,-67,"865,7",Speedwayr-15-32-c2,"1,1535535524900022",
2025-07-25T14:04:29.9423360+03:00,A30000000000000000000000,,1,"-61,5","865,7",Speedwayr-15-32-c2,"4,135612204139688",
2025-07-25T14:04:29.9455470+03:00,A70000000000000000000000,,1,-63,"865,7",Speedwayr-15-32-c2,"1,9634954084936207",
2025-07-25T14:04:29.9469570+03:00,A60000000000000000000000,,1,"-63,5","865,7",Speedwayr-15-32-c2,"0,02454369260617026",
2025-07-25T14:04:29.9486300+03:00,A40000000000000000000000,,1,"-64,5","865,7",Speedwayr-15-32-c2,"3,129320807286708",
2025-07-25T14:04:29.9510070+03:00,A20000000000000000000000,,1,-67,"865,7",Speedwayr-15-32-c2,"1,4664856332186729",
2025-07-25T14:04:29.9633370+03:00,A60000000000000000000000,,1,"-64,5","865,7",Speedwayr-15-32-c2,"6,1850105367549055",
2025-07-25T14:04:29.9652320+03:00,A30000000000000000000000,,1,"-61,5","865,7",Speedwayr-15-32-c2,"4,313553975534423",
2025-07-25T14:04:29.9663180+03:00,A70000000000000000000000,,1,"-62,5","865,7",Speedwayr-15-32-c2,"1,9512235621905356",
2025-07-25T14:04:29.9673890+03:00,A20000000000000000000000,,1,"-66,5","865,7",Speedwayr-15-32-c2,"2,073942025221387",
2025-07-25T14:04:29.9701530+03:00,A40000000000000000000000,,1,"-63,5","865,7",Speedwayr-15-32-c2,"3,215223731408304",
2025-07-25T14:04:29.9733330+03:00,A80000000000000000000000,,1,"-66,5","865,7",Speedwayr-15-32-c2,"1,1903690913992575",
2025-07-25T14:04:29.9866050+03:00,A60000000000000000000000,,1,-63,"865,7",Speedwayr-15-32-c2,"6,191146459906448",
2025-07-25T14:04:29.9879590+03:00,A40000000000000000000000,,1,"-64,5","865,7",Speedwayr-15-32-c2,"3,11091303783208",
2025-07-25T14:04:29.9900410+03:00,A30000000000000000000000,,1,"-60,5","865,7",Speedwayr-15-32-c2,"4,049709280018092",
2025-07-25T14:04:29.9922250+03:00,A20000000000000000000000,,1,"-65,5","865,7",Speedwayr-15-32-c2,"2,5402721847386216",
2025-07-25T14:04:29.9960180+03:00,A70000000000000000000000,,1,"-62,5","865,7",Speedwayr-15-32-c2,"2,0064468705544187",
2025-07-25T14:04:29.9971340+03:00,A80000000000000000000000,,1,-67,"865,7",Speedwayr-15-32-c2,"1,214912784005428",
2025-07-25T14:04:30.0106520+03:00,A60000000000000000000000,,1,"-62,5","865,7",Speedwayr-15-32-c2,"5,8475347634200645",
2025-07-25T14:04:30.0131630+03:00,A70000000000000000000000,,1,"-62,5","865,7",Speedwayr-15-32-c2,"1,9266798695843652",
2025-07-25T14:04:30.0145190+03:00,A80000000000000000000000,,1,-67,"865,7",Speedwayr-15-32-c2,"1,1228739367322893",
2025-07-25T14:04:30.0156670+03:00,A40000000000000000000000,,1,-64,"865,7",Speedwayr-15-32-c2,"3,2090878082567613",
2025-07-25T14:04:30.0167350+03:00,A30000000000000000000000,,1,-61,"865,7",Speedwayr-15-32-c2,"4,301282129231338",
2025-07-25T14:04:30.0178080+03:00,A20000000000000000000000,,1,"-66,5","865,7",Speedwayr-15-32-c2,"2,098485717827557",
2025-07-25T14:04:30.0340430+03:00,A30000000000000000000000,,1,"-61,5","865,7",Speedwayr-15-32-c2,"4,3503695144436785",
2025-07-25T14:04:30.0355320+03:00,A60000000000000000000000,,1,"-64,5","865,7",Speedwayr-15-32-c2,"5,957981380147831",
2025-07-25T14:04:30.0371840+03:00,A70000000000000000000000,,1,"-62,5","865,7",Speedwayr-15-32-c2,"1,9205439464328227",
2025-07-25T14:04:30.0383370+03:00,A20000000000000000000000,,1,"-65,5","865,7",Speedwayr-15-32-c2,"2,2150682577068657",
2025-07-25T14:04:30.0409550+03:00,A80000000000000000000000,,1,-66,"865,7",Speedwayr-15-32-c2,"0,8958447801252144",
2025-07-25T14:04:30.0426630+03:00,A40000000000000000000000,,1,"-64,5","865,7",Speedwayr-15-32-c2,"3,0925052683774528",
2025-07-25T14:04:30.0553000+03:00,A70000000000000000000000,,1,"-62,5","865,7",Speedwayr-15-32-c2,"1,9082721001297376",
2025-07-25T14:04:30.0566570+03:00,A80000000000000000000000,,1,-66,"865,7",Speedwayr-15-32-c2,"0,9387962421860124",
2025-07-25T14:04:30.0581940+03:00,A40000000000000000000000,,1,-64,"865,7",Speedwayr-15-32-c2,"3,2336315008629315",
2025-07-25T14:04:30.0605030+03:00,A30000000000000000000000,,1,"-61,5","865,7",Speedwayr-15-32-c2,"4,417864669110647",
2025-07-25T14:04:30.0616670+03:00,A20000000000000000000000,,1,-65,"865,7",Speedwayr-15-32-c2,"2,024854640009046",
2025-07-25T14:04:30.0675830+03:00,A60000000000000000000000,,1,"-63,5","865,7",Speedwayr-15-32-c2,"6,007068765360171",
2025-07-25T14:04:30.0802760+03:00,A70000000000000000000000,,1,-62,"865,7",Speedwayr-15-32-c2,"1,8653206380689396",
2025-07-25T14:04:30.0840260+03:00,A30000000000000000000000,,1,"-61,5","865,7",Speedwayr-15-32-c2,"4,387185053352934",
2025-07-25T14:04:30.0853330+03:00,A20000000000000000000000,,1,"-65,5","865,7",Speedwayr-15-32-c2,"2,0064468705544187",
2025-07-25T14:04:30.0878800+03:00,A80000000000000000000000,,1,"-66,5","865,7",Speedwayr-15-32-c2,"0,9817477042468103",
2025-07-25T14:04:30.0897060+03:00,A40000000000000000000000,,1,"-64,5","865,7",Speedwayr-15-32-c2,"3,2765829629237295",
2025-07-25T14:04:30.0908290+03:00,A60000000000000000000000,,1,"-63,5","865,7",Speedwayr-15-32-c2,"5,970253226450915",
2025-07-25T14:04:30.1038620+03:00,A70000000000000000000000,,1,"-62,5","865,7",Speedwayr-15-32-c2,"1,736466251886546",
2025-07-25T14:04:30.1051880+03:00,A20000000000000000000000,,1,-64,"865,7",Speedwayr-15-32-c2,"2,0493983326152168",
2025-07-25T14:04:30.1068860+03:00,A80000000000000000000000,,1,"-66,5","865,7",Speedwayr-15-32-c2,"1,012427320004523",
2025-07-25T14:04:30.1095260+03:00,A30000000000000000000000,,1,-61,"865,7",Speedwayr-15-32-c2,"4,528311285838413",
2025-07-25T14:04:30.1138390+03:00,A40000000000000000000000,,1,"-63,5","865,7",Speedwayr-15-32-c2,"3,3440781175906977",
2025-07-25T14:04:30.1149690+03:00,A60000000000000000000000,,1,"-63,5","865,7",Speedwayr-15-32-c2,"6,007068765360171",
2025-07-25T14:04:30.1286920+03:00,A70000000000000000000000,,1,"-62,5","865,7",Speedwayr-15-32-c2,"1,8714565612204823",
2025-07-25T14:04:30.1317100+03:00,A20000000000000000000000,,1,-66,"865,7",Speedwayr-15-32-c2,"2,2948352586769194",
2025-07-25T14:04:30.1337560+03:00,A30000000000000000000000,,1,"-61,5","865,7",Speedwayr-15-32-c2,"4,442408361716817",
2025-07-25T14:04:30.1355130+03:00,A60000000000000000000000,,1,-63,"865,7",Speedwayr-15-32-c2,"6,191146459906448",
2025-07-25T14:04:30.1371970+03:00,A80000000000000000000000,,1,"-67,5","865,7",Speedwayr-15-32-c2,"0,8651651643675016",
2025-07-25T14:04:30.1387460+03:00,A40000000000000000000000,,1,"-63,5","865,7",Speedwayr-15-32-c2,"3,552699504743145",
2025-07-25T14:04:30.1512640+03:00,A30000000000000000000000,,1,"-61,5","865,7",Speedwayr-15-32-c2,"4,626486056263094",
2025-07-25T14:04:30.1528150+03:00,A70000000000000000000000,,1,-63,"865,7",Speedwayr-15-32-c2,"1,748738098189631",
2025-07-25T14:04:30.1550270+03:00,A60000000000000000000000,,1,-63,"865,7",Speedwayr-15-32-c2,"6,013204688511713",
2025-07-25T14:04:30.1561550+03:00,A80000000000000000000000,,1,"-67,5","865,7",Speedwayr-15-32-c2,"0,9203884727313847",
2025-07-25T14:04:30.1590770+03:00,A20000000000000000000000,,1,"-66,5","865,7",Speedwayr-15-32-c2,"1,9880391010997909",
2025-07-25T14:04:30.1605840+03:00,A40000000000000000000000,,1,"-64,5","865,7",Speedwayr-15-32-c2,"2,9759227284981438",
2025-07-25T14:04:30.1771750+03:00,A20000000000000000000000,,1,-66,"865,7",Speedwayr-15-32-c2,"1,9819031779482483",
2025-07-25T14:04:30.1790820+03:00,A40000000000000000000000,,1,"-64,5","865,7",Speedwayr-15-32-c2,"3,2888548092268146",
2025-07-25T14:04:30.1809520+03:00,A60000000000000000000000,,1,"-61,5","865,7",Speedwayr-15-32-c2,"6,092971689481767",
2025-07-25T14:04:30.1832760+03:00,A70000000000000000000000,,1,"-61,5","865,7",Speedwayr-15-32-c2,"1,7426021750380885",
2025-07-25T14:04:30.1848260+03:00,A30000000000000000000000,,1,-62,"865,7",Speedwayr-15-32-c2,"4,528311285838413",
2025-07-25T14:04:30.1866720+03:00,A80000000000000000000000,,1,-67,"865,7",Speedwayr-15-32-c2,"1,1719613219446299",
2025-07-25T14:04:30.2004930+03:00,A70000000000000000000000,,1,-62,"865,7",Speedwayr-15-32-c2,"1,8100973297050567",
2025-07-25T14:04:30.2022560+03:00,A60000000000000000000000,,1,"-63,5","865,7",Speedwayr-15-32-c2,"6,080699843178682",
2025-07-25T14:04:30.2044700+03:00,A30000000000000000000000,,1,"-61,5","865,7",Speedwayr-15-32-c2,"4,773748211900116",
2025-07-25T14:04:30.2055530+03:00,A40000000000000000000000,,1,"-64,5","865,7",Speedwayr-15-32-c2,"3,448388811166921",
2025-07-25T14:04:30.2066270+03:00,A80000000000000000000000,,1,"-67,5","865,7",Speedwayr-15-32-c2,"0,35588354278946877",
2025-07-25T14:04:30.2078520+03:00,A20000000000000000000000,,1,"-66,5","865,7",Speedwayr-15-32-c2,"2,018718716857504",
2025-07-25T14:04:30.2207190+03:00,A30000000000000000000000,,1,"-61,5","865,7",Speedwayr-15-32-c2,"4,516039439535327",
2025-07-25T14:04:30.2227250+03:00,A20000000000000000000000,,1,-65,"865,7",Speedwayr-15-32-c2,"2,073942025221387",
2025-07-25T14:04:30.2278760+03:00,A60000000000000000000000,,1,-64,"865,7",Speedwayr-15-32-c2,"6,050020227420969",
2025-07-25T14:04:30.2325370+03:00,A80000000000000000000000,,1,"-68,5","865,7",Speedwayr-15-32-c2,"0,8222137023067037",
2025-07-25T14:04:30.2349550+03:00,A70000000000000000000000,,1,-62,"865,7",Speedwayr-15-32-c2,"1,761009944492716",
2025-07-25T14:04:30.2359950+03:00,A40000000000000000000000,,1,-65,"865,7",Speedwayr-15-32-c2,"3,485204350076177",
2025-07-25T14:04:30.2500050+03:00,A40000000000000000000000,,1,-64,"865,7",Speedwayr-15-32-c2,"3,423845118560751",
2025-07-25T14:04:30.2522560+03:00,A70000000000000000000000,,1,-62,"865,7",Speedwayr-15-32-c2,"1,4664856332186729",
2025-07-25T14:04:30.2533660+03:00,A60000000000000000000000,,1,-62,"865,7",Speedwayr-15-32-c2,"6,000932842208628",
2025-07-25T14:04:30.2556690+03:00,A30000000000000000000000,,1,"-61,5","865,7",Speedwayr-15-32-c2,"4,626486056263094",
2025-07-25T14:04:30.2611770+03:00,A20000000000000000000000,,1,-67,"865,7",Speedwayr-15-32-c2,"2,2212041808584084",
2025-07-25T14:04:30.2636420+03:00,A80000000000000000000000,,1,-67,"865,7",Speedwayr-15-32-c2,"0,5890486225480862",
2025-07-25T14:04:30.2776540+03:00,A60000000000000000000000,,1,"-63,5","865,7",Speedwayr-15-32-c2,"6,007068765360171",
2025-07-25T14:04:30.2787070+03:00,A40000000000000000000000,,1,-64,"865,7",Speedwayr-15-32-c2,"3,2459033471660166",
2025-07-25T14:04:30.2801310+03:00,A20000000000000000000000,,1,"-66,5","865,7",Speedwayr-15-32-c2,"2,1782527187976104",
2025-07-25T14:04:30.2821840+03:00,A30000000000000000000000,,1,-62,"865,7",Speedwayr-15-32-c2,"4,319689898685965",
2025-07-25T14:04:30.2840490+03:00,A70000000000000000000000,,1,-62,"865,7",Speedwayr-15-32-c2,"1,607611865704152",
2025-07-25T14:04:30.2855330+03:00,A80000000000000000000000,,1,-68,"865,7",Speedwayr-15-32-c2,"0,8651651643675016",
2025-07-25T14:04:30.2996930+03:00,A70000000000000000000000,,1,-62,"865,7",Speedwayr-15-32-c2,"1,6444274046134073",
2025-07-25T14:04:30.3027070+03:00,A80000000000000000000000,,1,"-66,5","865,7",Speedwayr-15-32-c2,"0,5767767762450011",
2025-07-25T14:04:30.3046440+03:00,A40000000000000000000000,,1,"-64,5","865,7",Speedwayr-15-32-c2,"3,2643111166206444",
2025-07-25T14:04:30.3057770+03:00,A30000000000000000000000,,1,"-60,5","865,7",Speedwayr-15-32-c2,"4,473087977474529",
2025-07-25T14:04:30.3076880+03:00,A60000000000000000000000,,1,-63,"865,7",Speedwayr-15-32-c2,"5,93343768754166",
2025-07-25T14:04:30.3117600+03:00,A20000000000000000000000,,1,"-66,5","865,7",Speedwayr-15-32-c2,"2,172116795646068",
2025-07-25T14:04:30.3245260+03:00,A60000000000000000000000,,1,"-62,5","865,7",Speedwayr-15-32-c2,"5,939573610693203",
2025-07-25T14:04:30.3259790+03:00,A30000000000000000000000,,1,-62,"865,7",Speedwayr-15-32-c2,"4,442408361716817",
2025-07-25T14:04:30.3273670+03:00,A80000000000000000000000,,1,-66,"865,7",Speedwayr-15-32-c2,"0,7179030087304801",
2025-07-25T14:04:30.3305720+03:00,A70000000000000000000000,,1,"-62,5","865,7",Speedwayr-15-32-c2,"1,576932249946439",
2025-07-25T14:04:30.3342180+03:00,A40000000000000000000000,,1,-63,"865,7",Speedwayr-15-32-c2,"3,0802334220743677",
2025-07-25T14:04:30.3387550+03:00,A20000000000000000000000,,1,"-69,5","865,7",Speedwayr-15-32-c2,"2,6200391857086753",
2025-07-25T14:04:30.3529560+03:00,A30000000000000000000000,,1,-62,"865,7",Speedwayr-15-32-c2,"4,338097668140593",
2025-07-25T14:04:30.3564120+03:00,A60000000000000000000000,,1,-61,"865,7",Speedwayr-15-32-c2,"5,841398840268521",
2025-07-25T14:04:30.3575180+03:00,A40000000000000000000000,,1,-63,"865,7",Speedwayr-15-32-c2,"3,1231848841351653",
2025-07-25T14:04:30.3605780+03:00,A70000000000000000000000,,1,"-61,5","865,7",Speedwayr-15-32-c2,"1,4787574795217582",
2025-07-25T14:04:30.3661000+03:00,A80000000000000000000000,,1,-70,"865,7",Speedwayr-15-32-c2,"3,758252930319821",
2025-07-25T14:04:30.3767130+03:00,A20000000000000000000000,,1,-73,"865,7",Speedwayr-15-32-c2,"1,162757437217316",
2025-07-25T14:04:30.3811060+03:00,A30000000000000000000000,,1,"-62,5","865,7",Speedwayr-15-32-c2,"4,411728745959104",
2025-07-25T14:04:30.3822200+03:00,A70000000000000000000000,,1,"-62,5","865,7",Speedwayr-15-32-c2,"1,325359400733194",
2025-07-25T14:04:30.3838850+03:00,A40000000000000000000000,,1,"-62,5","865,7",Speedwayr-15-32-c2,"3,2336315008629315",
2025-07-25T14:04:30.3863760+03:00,A80000000000000000000000,,1,"-68,5","865,7",Speedwayr-15-32-c2,"0,47860200582032003",
2025-07-25T14:04:30.3883700+03:00,A60000000000000000000000,,1,"-60,5","865,7",Speedwayr-15-32-c2,"5,737088146692298",
2025-07-25T14:04:30.4133370+03:00,A20000000000000000000000,,1,"-70,5","865,7",Speedwayr-15-32-c2,"2,8808159196492342",
2025-07-25T14:04:30.4202360+03:00,A40000000000000000000000,,1,-63,"865,7",Speedwayr-15-32-c2,"3,147728576741336",
2025-07-25T14:04:30.4220500+03:00,A60000000000000000000000,,1,"-59,5","865,7",Speedwayr-15-32-c2,"5,436427912266712",
2025-07-25T14:04:30.4238410+03:00,A70000000000000000000000,,1,-62,"865,7",Speedwayr-15-32-c2,"1,3437671701878218",
2025-07-25T14:04:30.4251820+03:00,A30000000000000000000000,,1,"-63,5","865,7",Speedwayr-15-32-c2,"4,1172044346850605",
2025-07-25T14:04:30.4264810+03:00,A20000000000000000000000,,1,-68,"865,7",Speedwayr-15-32-c2,"5,915029918087033",
2025-07-25T14:04:30.4457450+03:00,A80000000000000000000000,,1,-71,"865,7",Speedwayr-15-32-c2,"3,3410101560149266",
2025-07-25T14:04:30.4495440+03:00,A70000000000000000000000,,1,"-62,5","865,7",Speedwayr-15-32-c2,"1,337631247036279",
2025-07-25T14:04:30.4537720+03:00,A60000000000000000000000,,1,"-58,5","865,7",Speedwayr-15-32-c2,"5,2339424482658075",
2025-07-25T14:04:30.4548280+03:00,A20000000000000000000000,,1,"-65,5","865,7",Speedwayr-15-32-c2,"6,2034183062095325",
2025-07-25T14:04:30.4562100+03:00,A30000000000000000000000,,1,-63,"865,7",Speedwayr-15-32-c2,"3,8840393549264434",
2025-07-25T14:04:30.4581580+03:00,A40000000000000000000000,,1,-62,"865,7",Speedwayr-15-32-c2,"3,117048960983623",
2025-07-25T14:04:30.4675400+03:00,A80000000000000000000000,,1,"-69,5","865,7",Speedwayr-15-32-c2,"6,2463697682703305",
2025-07-25T14:04:30.4817620+03:00,A60000000000000000000000,,1,-58,"865,7",Speedwayr-15-32-c2,"5,166447293598839",
2025-07-25T14:04:30.4840700+03:00,A20000000000000000000000,,1,"-63,5","865,7",Speedwayr-15-32-c2,"0,0674951546669682",
2025-07-25T14:04:30.4851260+03:00,A40000000000000000000000,,1,"-63,5","865,7",Speedwayr-15-32-c2,"3,141592653589793",
2025-07-25T14:04:30.4864200+03:00,A70000000000000000000000,,1,"-63,5","865,7",Speedwayr-15-32-c2,"1,2210487071569704",
2025-07-25T14:04:30.4888860+03:00,A30000000000000000000000,,1,-65,"865,7",Speedwayr-15-32-c2,"3,730641276137879",
2025-07-25T14:04:30.5043270+03:00,A80000000000000000000000,,1,-71,"865,7",Speedwayr-15-32-c2,"3,3440781175906977",
2025-07-25T14:04:30.5084070+03:00,A70000000000000000000000,,1,"-62,5","865,7",Speedwayr-15-32-c2,"1,227184630308513",
2025-07-25T14:04:30.5117770+03:00,A60000000000000000000000,,1,"-58,5","865,7",Speedwayr-15-32-c2,"4,988505522204105",
2025-07-25T14:04:30.5135730+03:00,A30000000000000000000000,,1,"-64,5","865,7",Speedwayr-15-32-c2,"3,4606606574700063",
2025-07-25T14:04:30.5148530+03:00,A40000000000000000000000,,1,-63,"865,7",Speedwayr-15-32-c2,"3,380893656499953",
2025-07-25T14:04:30.5159520+03:00,A20000000000000000000000,,1,"-61,5","865,7",Speedwayr-15-32-c2,"6,2463697682703305",
2025-07-25T14:04:30.5449840+03:00,A40000000000000000000000,,1,"-63,5","865,7",Speedwayr-15-32-c2,"3,3195344249845276",
2025-07-25T14:04:30.5478980+03:00,A60000000000000000000000,,1,-59,"865,7",Speedwayr-15-32-c2,"4,963961829597935",
2025-07-25T14:04:30.5499020+03:00,A70000000000000000000000,,1,-62,"865,7",Speedwayr-15-32-c2,"1,1780972450961724",
2025-07-25T14:04:30.5512730+03:00,A20000000000000000000000,,1,-57,"865,7",Speedwayr-15-32-c2,"6,191146459906448",
2025-07-25T14:04:30.5544420+03:00,A30000000000000000000000,,1,"-65,5","865,7",Speedwayr-15-32-c2,"3,3870295796514958",
2025-07-25T14:04:30.5576260+03:00,A80000000000000000000000,,1,"-71,5","865,7",Speedwayr-15-32-c2,"0,2454369260617026",
2025-07-25T14:04:30.5721920+03:00,A70000000000000000000000,,1,"-63,5","865,7",Speedwayr-15-32-c2,"1,2701360923693108",
2025-07-25T14:04:30.5741030+03:00,A30000000000000000000000,,1,-65,"865,7",Speedwayr-15-32-c2,"3,393165502803038",
2025-07-25T14:04:30.5754580+03:00,A20000000000000000000000,,1,"-61,5","865,7",Speedwayr-15-32-c2,"6,234097921967246",
2025-07-25T14:04:30.5765140+03:00,A40000000000000000000000,,1,-63,"865,7",Speedwayr-15-32-c2,"3,2827188860752723",
2025-07-25T14:04:30.5794780+03:00,A60000000000000000000000,,1,-58,"865,7",Speedwayr-15-32-c2,"4,963961829597935",
2025-07-25T14:04:30.5870750+03:00,A80000000000000000000000,,1,-72,"865,7",Speedwayr-15-32-c2,"6,227961998815704",
2025-07-25T14:04:30.6019580+03:00,A20000000000000000000000,,1,-60,"865,7",Speedwayr-15-32-c2,"0,02454369260617026",
2025-07-25T14:04:30.6031280+03:00,A60000000000000000000000,,1,"-58,5","865,7",Speedwayr-15-32-c2,"4,859651136021712",
2025-07-25T14:04:30.6043080+03:00,A70000000000000000000000,,1,"-62,5","865,7",Speedwayr-15-32-c2,"1,3192234775816514",
2025-07-25T14:04:30.6053630+03:00,A40000000000000000000000,,1,-64,"865,7",Speedwayr-15-32-c2,"3,4054373491061236",
2025-07-25T14:04:30.6067310+03:00,A30000000000000000000000,,1,-65,"865,7",Speedwayr-15-32-c2,"3,3440781175906977",
2025-07-25T14:04:30.6269460+03:00,A60000000000000000000000,,1,-59,"865,7",Speedwayr-15-32-c2,"4,804427827657828",
2025-07-25T14:04:30.6282730+03:00,A20000000000000000000000,,1,-61,"865,7",Speedwayr-15-32-c2,"6,252505691421874",
2025-07-25T14:04:30.6327810+03:00,A40000000000000000000000,,1,"-61,5","865,7",Speedwayr-15-32-c2,"3,411573272257666",
2025-07-25T14:04:30.6341490+03:00,A70000000000000000000000,,1,"-63,5","865,7",Speedwayr-15-32-c2,"0,9878836273983529",
2025-07-25T14:04:30.6354040+03:00,A30000000000000000000000,,1,-65,"865,7",Speedwayr-15-32-c2,"3,3011266555298997",
2025-07-25T14:04:30.6396140+03:00,A80000000000000000000000,,1,-68,"865,7",Speedwayr-15-32-c2,"0,2086213871524472",
2025-07-25T14:04:30.6532230+03:00,A30000000000000000000000,,1,-65,"865,7",Speedwayr-15-32-c2,"3,761320891895592",
2025-07-25T14:04:30.6544940+03:00,A70000000000000000000000,,1,-64,"865,7",Speedwayr-15-32-c2,"1,325359400733194",
2025-07-25T14:04:30.6563030+03:00,A20000000000000000000000,,1,"-60,5","865,7",Speedwayr-15-32-c2,"6,258641614573416",
2025-07-25T14:04:30.6579150+03:00,A60000000000000000000000,,1,"-59,5","865,7",Speedwayr-15-32-c2,"4,76147636559703",
2025-07-25T14:04:30.6602080+03:00,A40000000000000000000000,,1,-64,"865,7",Speedwayr-15-32-c2,"3,429981041712294",
2025-07-25T14:04:30.6675550+03:00,A80000000000000000000000,,1,"-70,5","865,7",Speedwayr-15-32-c2,"0,07976700097005335",
2025-07-25T14:04:30.6814330+03:00,A70000000000000000000000,,1,"-63,5","865,7",Speedwayr-15-32-c2,"1,3928545554001621",
2025-07-25T14:04:30.6825590+03:00,A60000000000000000000000,,1,-59,"865,7",Speedwayr-15-32-c2,"4,865787059173254",
2025-07-25T14:04:30.6843910+03:00,A20000000000000000000000,,1,"-60,5","865,7",Speedwayr-15-32-c2,"6,215690152512618",
2025-07-25T14:04:30.6857000+03:00,A40000000000000000000000,,1,-64,"865,7",Speedwayr-15-32-c2,"3,466796580621549",
2025-07-25T14:04:30.7082270+03:00,A20000000000000000000000,,1,"-59,5","865,7",Speedwayr-15-32-c2,"6,209554229361076",
2025-07-25T14:04:30.7105360+03:00,A30000000000000000000000,,1,"-62,5","865,7",Speedwayr-15-32-c2,"3,466796580621549",
2025-07-25T14:04:30.7125660+03:00,A60000000000000000000000,,1,"-59,5","865,7",Speedwayr-15-32-c2,"4,804427827657828",
2025-07-25T14:04:30.7146610+03:00,A40000000000000000000000,,1,-64,"865,7",Speedwayr-15-32-c2,"3,4177091954092087",
2025-07-25T14:04:30.7157900+03:00,A80000000000000000000000,,1,"-71,5","865,7",Speedwayr-15-32-c2,"0,5583690067903734",
2025-07-25T14:04:30.7193840+03:00,A70000000000000000000000,,1,"-62,5","865,7",Speedwayr-15-32-c2,"1,4542137869155878",
2025-07-25T14:04:30.7330390+03:00,A70000000000000000000000,,1,-64,"865,7",Speedwayr-15-32-c2,"1,4173982480063325",
2025-07-25T14:04:30.7346350+03:00,A40000000000000000000000,,1,-64,"865,7",Speedwayr-15-32-c2,"3,7429131224409646",
2025-07-25T14:04:30.7372990+03:00,A60000000000000000000000,,1,"-58,5","865,7",Speedwayr-15-32-c2,"5,043728830567988",
2025-07-25T14:04:30.7390200+03:00,A20000000000000000000000,,1,"-60,5","865,7",Speedwayr-15-32-c2,"6,215690152512618",
2025-07-25T14:04:30.7407410+03:00,A30000000000000000000000,,1,"-62,5","865,7",Speedwayr-15-32-c2,"3,485204350076177",
2025-07-25T14:04:30.7471800+03:00,A80000000000000000000000,,1,"-71,5","865,7",Speedwayr-15-32-c2,"6,227961998815704",
2025-07-25T14:04:30.7618280+03:00,A20000000000000000000000,,1,"-61,5","865,7",Speedwayr-15-32-c2,"6,080699843178682",
2025-07-25T14:04:30.7638660+03:00,A60000000000000000000000,,1,"-58,5","865,7",Speedwayr-15-32-c2,"4,92714629068868",
2025-07-25T14:04:30.7659790+03:00,A30000000000000000000000,,1,-64,"865,7",Speedwayr-15-32-c2,"3,5281558121369745",
2025-07-25T14:04:30.7737700+03:00,A70000000000000000000000,,1,"-64,5","865,7",Speedwayr-15-32-c2,"4,512971477959557",
2025-07-25T14:04:30.7780370+03:00,A40000000000000000000000,,1,-64,"865,7",Speedwayr-15-32-c2,"0,18714565612204823",
2025-07-25T14:04:30.7840170+03:00,A80000000000000000000000,,1,-71,"865,7",Speedwayr-15-32-c2,"0,015339807878856412",
2025-07-25T14:04:30.7910370+03:00,A20000000000000000000000,,1,"-61,5","865,7",Speedwayr-15-32-c2,"5,939573610693203",
2025-07-25T14:04:30.7921340+03:00,A60000000000000000000000,,1,-58,"865,7",Speedwayr-15-32-c2,"5,0682725231741586",
2025-07-25T14:04:30.7937040+03:00,A70000000000000000000000,,1,"-63,5","865,7",Speedwayr-15-32-c2,"1,2885438618239387",
2025-07-25T14:04:30.7947830+03:00,A40000000000000000000000,,1,-64,"865,7",Speedwayr-15-32-c2,"3,2888548092268146",
2025-07-25T14:04:30.7958680+03:00,A30000000000000000000000,,1,"-64,5","865,7",Speedwayr-15-32-c2,"3,7429131224409646",
2025-07-25T14:04:30.8111910+03:00,A60000000000000000000000,,1,-59,"865,7",Speedwayr-15-32-c2,"5,098952138931871",
2025-07-25T14:04:30.8130620+03:00,A70000000000000000000000,,1,-64,"865,7",Speedwayr-15-32-c2,"1,043106935762236",
2025-07-25T14:04:30.8160890+03:00,A40000000000000000000000,,1,"-64,5","865,7",Speedwayr-15-32-c2,"3,3011266555298997",
2025-07-25T14:04:30.8171750+03:00,A20000000000000000000000,,1,"-62,5","865,7",Speedwayr-15-32-c2,"5,964117303299373",
2025-07-25T14:04:30.8182310+03:00,A30000000000000000000000,,1,-64,"865,7",Speedwayr-15-32-c2,"3,749049045592507",
2025-07-25T14:04:30.8328310+03:00,A80000000000000000000000,,1,"-71,5","865,7",Speedwayr-15-32-c2,"5,921165841238575",
2025-07-25T14:04:30.8460720+03:00,A20000000000000000000000,,1,"-62,5","865,7",Speedwayr-15-32-c2,"6,129787228391022",
2025-07-25T14:04:30.8471580+03:00,A70000000000000000000000,,1,"-63,5","865,7",Speedwayr-15-32-c2,"1,030835089459151",
2025-07-25T14:04:30.8496360+03:00,A60000000000000000000000,,1,-59,"865,7",Speedwayr-15-32-c2,"5,473243451175968",
2025-07-25T14:04:30.8532160+03:00,A40000000000000000000000,,1,-65,"865,7",Speedwayr-15-32-c2,"3,368621810196868",
2025-07-25T14:04:30.8543120+03:00,A30000000000000000000000,,1,-64,"865,7",Speedwayr-15-32-c2,"3,80427235395639",
2025-07-25T14:04:30.8671220+03:00,A80000000000000000000000,,1,"-68,5","865,7",Speedwayr-15-32-c2,"6,240233845118788",
2025-07-25T14:04:30.8793460+03:00,A30000000000000000000000,,1,-64,"865,7",Speedwayr-15-32-c2,"4,061981126321178",
2025-07-25T14:04:30.8830070+03:00,A60000000000000000000000,,1,"-59,5","865,7",Speedwayr-15-32-c2,"5,700272607783043",
2025-07-25T14:04:30.8855580+03:00,A40000000000000000000000,,1,"-63,5","865,7",Speedwayr-15-32-c2,"2,8838838812250054",
2025-07-25T14:04:30.8865720+03:00,A70000000000000000000000,,1,"-63,5","865,7",Speedwayr-15-32-c2,"0,9510680884890975",
2025-07-25T14:04:30.8889220+03:00,A20000000000000000000000,,1,"-64,5","865,7",Speedwayr-15-32-c2,"6,209554229361076",
2025-07-25T14:04:30.8947510+03:00,A80000000000000000000000,,1,"-70,5","865,7",Speedwayr-15-32-c2,"6,227961998815704",
2025-07-25T14:04:30.9070780+03:00,A40000000000000000000000,,1,"-64,5","865,7",Speedwayr-15-32-c2,"2,804116880254952",
2025-07-25T14:04:30.9093270+03:00,A70000000000000000000000,,1,"-61,5","865,7",Speedwayr-15-32-c2,"1,0185632431560658",
2025-07-25T14:04:30.9124830+03:00,A60000000000000000000000,,1,-60,"865,7",Speedwayr-15-32-c2,"5,93343768754166",
2025-07-25T14:04:30.9137810+03:00,A30000000000000000000000,,1,"-62,5","865,7",Speedwayr-15-32-c2,"4,074252972624263",
2025-07-25T14:04:30.9150210+03:00,A20000000000000000000000,,1,-68,"865,7",Speedwayr-15-32-c2,"5,970253226450915",
2025-07-25T14:04:30.9160940+03:00,A80000000000000000000000,,1,"-72,5","865,7",Speedwayr-15-32-c2,"0,11044661672776616",
2025-07-25T14:04:30.9328990+03:00,A70000000000000000000000,,1,"-63,5","865,7",Speedwayr-15-32-c2,"0,9633399347921826",
2025-07-25T14:04:30.9340270+03:00,A30000000000000000000000,,1,-62,"865,7",Speedwayr-15-32-c2,"4,061981126321178",
2025-07-25T14:04:30.9351080+03:00,A40000000000000000000000,,1,-64,"865,7",Speedwayr-15-32-c2,"2,8286605728611223",
2025-07-25T14:04:30.9366010+03:00,A60000000000000000000000,,1,"-62,5","865,7",Speedwayr-15-32-c2,"5,957981380147831",
2025-07-25T14:04:30.9469100+03:00,A80000000000000000000000,,1,"-72,5","865,7",Speedwayr-15-32-c2,"6,215690152512618",
2025-07-25T14:04:30.9676150+03:00,A20000000000000000000000,,1,"-73,5","865,7",Speedwayr-15-32-c2,"0,03681553890925539",
2025-07-25T14:04:30.9743190+03:00,A70000000000000000000000,,1,-62,"865,7",Speedwayr-15-32-c2,"0,9326603190344698",
2025-07-25T14:04:30.9782440+03:00,A30000000000000000000000,,1,"-61,5","865,7",Speedwayr-15-32-c2,"4,2092432819582",
2025-07-25T14:04:30.9797910+03:00,A60000000000000000000000,,1,-64,"865,7",Speedwayr-15-32-c2,"5,915029918087033",
2025-07-25T14:04:30.9815590+03:00,A40000000000000000000000,,1,-65,"865,7",Speedwayr-15-32-c2,"2,6200391857086753",
2025-07-25T14:04:30.9859490+03:00,A80000000000000000000000,,1,-71,"865,7",Speedwayr-15-32-c2,"0,36815538909255385",
2025-07-25T14:04:30.9924470+03:00,A20000000000000000000000,,1,-69,"865,7",Speedwayr-15-32-c2,"2,521864415283994",
2025-07-25T14:04:31.0052590+03:00,A20000000000000000000000,,1,"-68,5","865,7",Speedwayr-15-32-c2,"1,748738098189631",
2025-07-25T14:04:31.0072010+03:00,A60000000000000000000000,,1,-63,"865,7",Speedwayr-15-32-c2,"5,792311455056181",
2025-07-25T14:04:31.0085100+03:00,A30000000000000000000000,,1,"-59,5","865,7",Speedwayr-15-32-c2,"4,031301510563465",
2025-07-25T14:04:31.0145930+03:00,A70000000000000000000000,,1,"-63,5","865,7",Speedwayr-15-32-c2,"0,8774370106705868",
2025-07-25T14:04:31.0172590+03:00,A80000000000000000000000,,1,-69,"865,7",Speedwayr-15-32-c2,"0,35588354278946877",
2025-07-25T14:04:31.0312280+03:00,A30000000000000000000000,,1,"-61,5","865,7",Speedwayr-15-32-c2,"3,9453985864418692",
2025-07-25T14:04:31.0344250+03:00,A70000000000000000000000,,1,-63,"865,7",Speedwayr-15-32-c2,"0,9081166264282996",
2025-07-25T14:04:31.0364570+03:00,A60000000000000000000000,,1,"-62,5","865,7",Speedwayr-15-32-c2,"5,387340527054372",
2025-07-25T14:04:31.0375970+03:00,A40000000000000000000000,,1,-64,"865,7",Speedwayr-15-32-c2,"2,5954954931025047",
2025-07-25T14:04:31.0392170+03:00,A20000000000000000000000,,1,-66,"865,7",Speedwayr-15-32-c2,"1,4910293258248433",
2025-07-25T14:04:31.0458030+03:00,A80000000000000000000000,,1,"-67,5","865,7",Speedwayr-15-32-c2,"0,2699806186678728",
2025-07-25T14:04:31.0579810+03:00,A70000000000000000000000,,1,-62,"865,7",Speedwayr-15-32-c2,"0,7424467013366504",
2025-07-25T14:04:31.0589910+03:00,A40000000000000000000000,,1,"-64,5","865,7",Speedwayr-15-32-c2,"2,435961491162398",
2025-07-25T14:04:31.0603430+03:00,A60000000000000000000000,,1,-62,"865,7",Speedwayr-15-32-c2,"5,111223985234957",
2025-07-25T14:04:31.0632450+03:00,A20000000000000000000000,,1,-67,"865,7",Speedwayr-15-32-c2,"1,325359400733194",
2025-07-25T14:04:31.0653960+03:00,A30000000000000000000000,,1,-62,"865,7",Speedwayr-15-32-c2,"3,724505352986337",
2025-07-25T14:04:31.0676360+03:00,A80000000000000000000000,,1,-69,"865,7",Speedwayr-15-32-c2,"0,0859029241215959",
2025-07-25T14:04:31.0816160+03:00,A70000000000000000000000,,1,"-63,5","865,7",Speedwayr-15-32-c2,"0,7731263170943632",
2025-07-25T14:04:31.0833120+03:00,A20000000000000000000000,,1,"-65,5","865,7",Speedwayr-15-32-c2,"1,423534171157875",
2025-07-25T14:04:31.0854940+03:00,A60000000000000000000000,,1,"-61,5","865,7",Speedwayr-15-32-c2,"4,914874444385594",
2025-07-25T14:04:31.0869500+03:00,A40000000000000000000000,,1,"-64,5","865,7",Speedwayr-15-32-c2,"2,4727770300716534",
2025-07-25T14:04:31.0883020+03:00,A30000000000000000000000,,1,-61,"865,7",Speedwayr-15-32-c2,"3,730641276137879",
2025-07-25T14:04:31.0967970+03:00,A80000000000000000000000,,1,-70,"865,7",Speedwayr-15-32-c2,"0,1227184630308513",
2025-07-25T14:04:31.1093130+03:00,A60000000000000000000000,,1,"-61,5","865,7",Speedwayr-15-32-c2,"4,792155981354743",
2025-07-25T14:04:31.1110350+03:00,A20000000000000000000000,,1,-65,"865,7",Speedwayr-15-32-c2,"1,5830681730979816",
2025-07-25T14:04:31.1121480+03:00,A40000000000000000000000,,1,"-64,5","865,7",Speedwayr-15-32-c2,"2,5709518004963345",
2025-07-25T14:04:31.1149030+03:00,A80000000000000000000000,,1,"-69,5","865,7",Speedwayr-15-32-c2,"5,780039608753096",
2025-07-25T14:04:31.1253030+03:00,A70000000000000000000000,,1,"-63,5","865,7",Speedwayr-15-32-c2,"0,6166602767300278",
2025-07-25T14:04:31.1280190+03:00,A30000000000000000000000,,1,"-62,5","865,7",Speedwayr-15-32-c2,"0,4970097752749477",
2025-07-25T14:04:31.1334360+03:00,A70000000000000000000000,,1,"-62,5","865,7",Speedwayr-15-32-c2,"0,6135923151542565",
2025-07-25T14:04:31.1346070+03:00,A30000000000000000000000,,1,-63,"865,7",Speedwayr-15-32-c2,"3,749049045592507",
2025-07-25T14:04:31.1356770+03:00,A60000000000000000000000,,1,-60,"865,7",Speedwayr-15-32-c2,"4,804427827657828",
2025-07-25T14:04:31.1390900+03:00,A20000000000000000000000,,1,-66,"865,7",Speedwayr-15-32-c2,"1,7426021750380885",
2025-07-25T14:04:31.1405440+03:00,A40000000000000000000000,,1,"-65,5","865,7",Speedwayr-15-32-c2,"2,399145952253143",
2025-07-25T14:04:31.1552240+03:00,A80000000000000000000000,,1,-71,"865,7",Speedwayr-15-32-c2,"6,129787228391022",
2025-07-25T14:04:31.1687820+03:00,A40000000000000000000000,,1,"-64,5","865,7",Speedwayr-15-32-c2,"2,466641106920111",
2025-07-25T14:04:31.1703240+03:00,A30000000000000000000000,,1,-60,"865,7",Speedwayr-15-32-c2,"3,479068426924634",
2025-07-25T14:04:31.1728460+03:00,A20000000000000000000000,,1,"-65,5","865,7",Speedwayr-15-32-c2,"1,552388557340269",
2025-07-25T14:04:31.1739300+03:00,A60000000000000000000000,,1,"-61,5","865,7",Speedwayr-15-32-c2,"4,804427827657828",
2025-07-25T14:04:31.1752690+03:00,A70000000000000000000000,,1,-63,"865,7",Speedwayr-15-32-c2,"0,5399612373357456",
2025-07-25T14:04:31.1937320+03:00,A30000000000000000000000,,1,"-62,5","865,7",Speedwayr-15-32-c2,"3,5956509668039427",
2025-07-25T14:04:31.1956890+03:00,A80000000000000000000000,,1,"-71,5","865,7",Speedwayr-15-32-c2,"6,178874613603362",
2025-07-25T14:04:31.1979320+03:00,A40000000000000000000000,,1,-65,"865,7",Speedwayr-15-32-c2,"2,435961491162398",
2025-07-25T14:04:31.2002090+03:00,A20000000000000000000000,,1,-65,"865,7",Speedwayr-15-32-c2,"1,4603497100671303",
2025-07-25T14:04:31.2018620+03:00,A60000000000000000000000,,1,"-60,5","865,7",Speedwayr-15-32-c2,"4,828971520263998",
2025-07-25T14:04:31.2054380+03:00,A70000000000000000000000,,1,-62,"865,7",Speedwayr-15-32-c2,"0,4724660826687775",
2025-07-25T14:04:31.2186080+03:00,A70000000000000000000000,,1,-62,"865,7",Speedwayr-15-32-c2,"0,47860200582032003",
2025-07-25T14:04:31.2222430+03:00,A30000000000000000000000,,1,"-62,5","865,7",Speedwayr-15-32-c2,"3,663146121470911",
2025-07-25T14:04:31.2255320+03:00,A60000000000000000000000,,1,-62,"865,7",Speedwayr-15-32-c2,"4,816699673960914",
2025-07-25T14:04:31.2268030+03:00,A20000000000000000000000,,1,"-65,5","865,7",Speedwayr-15-32-c2,"1,4296700943094176",
2025-07-25T14:04:31.2279310+03:00,A80000000000000000000000,,1,-65,"865,7",Speedwayr-15-32-c2,"6,240233845118788",
2025-07-25T14:04:31.2298650+03:00,A40000000000000000000000,,1,"-65,5","865,7",Speedwayr-15-32-c2,"2,1230294104337273",
2025-07-25T14:04:31.2444840+03:00,A30000000000000000000000,,1,"-62,5","865,7",Speedwayr-15-32-c2,"3,6999616603801666",
2025-07-25T14:04:31.2468270+03:00,A80000000000000000000000,,1,"-71,5","865,7",Speedwayr-15-32-c2,"0,018407769454627694",
2025-07-25T14:04:31.2481760+03:00,A20000000000000000000000,,1,-64,"865,7",Speedwayr-15-32-c2,"1,41126232485479",
2025-07-25T14:04:31.2492150+03:00,A40000000000000000000000,,1,-65,"865,7",Speedwayr-15-32-c2,"2,386874105950058",
2025-07-25T14:04:31.2515100+03:00,A70000000000000000000000,,1,-62,"865,7",Speedwayr-15-32-c2,"0,4295146206079795",
2025-07-25T14:04:31.2531070+03:00,A60000000000000000000000,,1,"-61,5","865,7",Speedwayr-15-32-c2,"4,92714629068868",
2025-07-25T14:04:31.2673360+03:00,A30000000000000000000000,,1,-62,"865,7",Speedwayr-15-32-c2,"3,6876898140770815",
2025-07-25T14:04:31.2693460+03:00,A60000000000000000000000,,1,"-60,5","865,7",Speedwayr-15-32-c2,"4,945554060143307",
2025-07-25T14:04:31.2704580+03:00,A40000000000000000000000,,1,-65,"865,7",Speedwayr-15-32-c2,"2,3316507975861747",
2025-07-25T14:04:31.2715580+03:00,A20000000000000000000000,,1,-66,"865,7",Speedwayr-15-32-c2,"1,227184630308513",
2025-07-25T14:04:31.2759140+03:00,A80000000000000000000000,,1,"-68,5","865,7",Speedwayr-15-32-c2,"0,06135923151542565",
2025-07-25T14:04:31.2770270+03:00,A70000000000000000000000,,1,-63,"865,7",Speedwayr-15-32-c2,"0,521553467881118",
2025-07-25T14:04:31.2914330+03:00,A20000000000000000000000,,1,"-64,5","865,7",Speedwayr-15-32-c2,"1,239456476611598",
2025-07-25T14:04:31.2954930+03:00,A40000000000000000000000,,1,"-65,5","865,7",Speedwayr-15-32-c2,"2,6261751088602177",
2025-07-25T14:04:31.2968480+03:00,A60000000000000000000000,,1,-62,"865,7",Speedwayr-15-32-c2,"5,086680292628786",
2025-07-25T14:04:31.2981610+03:00,A30000000000000000000000,,1,-61,"865,7",Speedwayr-15-32-c2,"3,785864584501762",
2025-07-25T14:04:31.2992160+03:00,A70000000000000000000000,,1,-63,"865,7",Speedwayr-15-32-c2,"0,6381360077604268",
2025-07-25T14:04:31.3197280+03:00,A80000000000000000000000,,1,"-69,5","865,7",Speedwayr-15-32-c2,"6,120583343663708",
2025-07-25T14:04:31.3240750+03:00,A40000000000000000000000,,1,-66,"865,7",Speedwayr-15-32-c2,"2,5954954931025047",
2025-07-25T14:04:31.3252470+03:00,A70000000000000000000000,,1,"-63,5","865,7",Speedwayr-15-32-c2,"0,5522330836388308",
2025-07-25T14:04:31.3274770+03:00,A20000000000000000000000,,1,"-64,5","865,7",Speedwayr-15-32-c2,"1,4296700943094176",
2025-07-25T14:04:31.3288300+03:00,A60000000000000000000000,,1,"-63,5","865,7",Speedwayr-15-32-c2,"4,933282213840222",
2025-07-25T14:04:31.3323790+03:00,A30000000000000000000000,,1,"-62,5","865,7",Speedwayr-15-32-c2,"4,080388895775806",
2025-07-25T14:04:31.3359420+03:00,A80000000000000000000000,,1,-69,"865,7",Speedwayr-15-32-c2,"6,227961998815704",
2025-07-25T14:04:31.3489960+03:00,A20000000000000000000000,,1,-63,"865,7",Speedwayr-15-32-c2,"1,3867186322486196",
2025-07-25T14:04:31.3503800+03:00,A30000000000000000000000,,1,"-62,5","865,7",Speedwayr-15-32-c2,"3,9392626632903265",
2025-07-25T14:04:31.3521460+03:00,A70000000000000000000000,,1,"-63,5","865,7",Speedwayr-15-32-c2,"0,5890486225480862",
2025-07-25T14:04:31.3559670+03:00,A60000000000000000000000,,1,-63,"865,7",Speedwayr-15-32-c2,"5,270757987175063",
2025-07-25T14:04:31.3570620+03:00,A40000000000000000000000,,1,-66,"865,7",Speedwayr-15-32-c2,"2,5832236467994196",
2025-07-25T14:04:31.3655230+03:00,A80000000000000000000000,,1,-70,"865,7",Speedwayr-15-32-c2,"5,964117303299373",
2025-07-25T14:04:31.3794800+03:00,A30000000000000000000000,,1,"-61,5","865,7",Speedwayr-15-32-c2,"4,0987966652304335",
2025-07-25T14:04:31.3827920+03:00,A40000000000000000000000,,1,-65,"865,7",Speedwayr-15-32-c2,"2,3930100291016",
2025-07-25T14:04:31.3838790+03:00,A20000000000000000000000,,1,"-67,5","865,7",Speedwayr-15-32-c2,"1,533980787885641",
2025-07-25T14:04:31.3851900+03:00,A60000000000000000000000,,1,"-63,5","865,7",Speedwayr-15-32-c2,"5,356660911296659",
2025-07-25T14:04:31.3869730+03:00,A70000000000000000000000,,1,"-62,5","865,7",Speedwayr-15-32-c2,"0,6933593161243098",
2025-07-25T14:04:31.3956130+03:00,A80000000000000000000000,,1,-69,"865,7",Speedwayr-15-32-c2,"5,872078456026235",
2025-07-25T14:04:31.4113900+03:00,A70000000000000000000000,,1,-64,"865,7",Speedwayr-15-32-c2,"0,5706408530934585",
2025-07-25T14:04:31.4144380+03:00,A60000000000000000000000,,1,"-62,5","865,7",Speedwayr-15-32-c2,"5,252350217720435",
2025-07-25T14:04:31.4154910+03:00,A30000000000000000000000,,1,-63,"865,7",Speedwayr-15-32-c2,"4,123340357836604",
2025-07-25T14:04:31.4165740+03:00,A40000000000000000000000,,1,"-66,5","865,7",Speedwayr-15-32-c2,"2,509592568980909",
2025-07-25T14:04:31.4189690+03:00,A20000000000000000000000,,1,"-64,5","865,7",Speedwayr-15-32-c2,"1,7548740213411735",
2025-07-25T14:04:31.4236270+03:00,A80000000000000000000000,,1,"-66,5","865,7",Speedwayr-15-32-c2,"6,209554229361076",
2025-07-25T14:04:31.4393350+03:00,A30000000000000000000000,,1,"-62,5","865,7",Speedwayr-15-32-c2,"4,325825821837508",
2025-07-25T14:04:31.4415040+03:00,A70000000000000000000000,,1,-62,"865,7",Speedwayr-15-32-c2,"0,9019807032767571",
2025-07-25T14:04:31.4426860+03:00,A40000000000000000000000,,1,"-64,5","865,7",Speedwayr-15-32-c2,"2,6568547246179306",
2025-07-25T14:04:31.4467470+03:00,A60000000000000000000000,,1,"-62,5","865,7",Speedwayr-15-32-c2,"5,295301679781233",
2025-07-25T14:04:31.4526780+03:00,A20000000000000000000000,,1,"-67,5","865,7",Speedwayr-15-32-c2,"1,5585244804918115",
2025-07-25T14:04:31.4554990+03:00,A80000000000000000000000,,1,-68,"865,7",Speedwayr-15-32-c2,"0,11658253987930872",
2025-07-25T14:04:31.4719200+03:00,A20000000000000000000000,,1,"-64,5","865,7",Speedwayr-15-32-c2,"1,4358060174609601",
2025-07-25T14:04:31.4757600+03:00,A70000000000000000000000,,1,"-63,5","865,7",Speedwayr-15-32-c2,"0,6442719309119693",
2025-07-25T14:04:31.4807910+03:00,A40000000000000000000000,,1,-63,"865,7",Speedwayr-15-32-c2,"2,3071071049800045",
2025-07-25T14:04:31.4819580+03:00,A60000000000000000000000,,1,"-63,5","865,7",Speedwayr-15-32-c2,"5,368932757599744",
2025-07-25T14:04:31.4846380+03:00,A30000000000000000000000,,1,-63,"865,7",Speedwayr-15-32-c2,"4,25833066717054",
2025-07-25T14:04:31.4949010+03:00,A80000000000000000000000,,1,-66,"865,7",Speedwayr-15-32-c2,"0,01227184630308513",
2025-07-25T14:04:31.5071500+03:00,A30000000000000000000000,,1,"-63,5","865,7",Speedwayr-15-32-c2,"4,417864669110647",
2025-07-25T14:04:31.5097860+03:00,A60000000000000000000000,,1,"-60,5","865,7",Speedwayr-15-32-c2,"5,50392306693368",
2025-07-25T14:04:31.5143360+03:00,A20000000000000000000000,,1,-67,"865,7",Speedwayr-15-32-c2,"1,9389517158874505",
2025-07-25T14:04:31.5160960+03:00,A80000000000000000000000,,1,-68,"865,7",Speedwayr-15-32-c2,"0,1349903093339364",
2025-07-25T14:04:31.5171790+03:00,A40000000000000000000000,,1,-66,"865,7",Speedwayr-15-32-c2,"2,834796496012665",
2025-07-25T14:04:31.5182640+03:00,A70000000000000000000000,,1,"-62,5","865,7",Speedwayr-15-32-c2,"0,8099418560036186",
2025-07-25T14:04:31.5315560+03:00,A70000000000000000000000,,1,-61,"865,7",Speedwayr-15-32-c2,"0,6933593161243098",
2025-07-25T14:04:31.5330120+03:00,A60000000000000000000000,,1,"-63,5","865,7",Speedwayr-15-32-c2,"5,45483568172134",
2025-07-25T14:04:31.5341790+03:00,A20000000000000000000000,,1,-67,"865,7",Speedwayr-15-32-c2,"2,061670178918302",
2025-07-25T14:04:31.5355040+03:00,A30000000000000000000000,,1,-63,"865,7",Speedwayr-15-32-c2,"4,154019973594316",
2025-07-25T14:04:31.5370560+03:00,A40000000000000000000000,,1,"-64,5","865,7",Speedwayr-15-32-c2,"2,8777479580734626",
2025-07-25T14:04:31.5446170+03:00,A80000000000000000000000,,1,"-68,5","865,7",Speedwayr-15-32-c2,"6,135923151542564",
2025-07-25T14:04:31.5566350+03:00,A30000000000000000000000,,1,-63,"865,7",Speedwayr-15-32-c2,"4,473087977474529",
2025-07-25T14:04:31.5583880+03:00,A20000000000000000000000,,1,"-64,5","865,7",Speedwayr-15-32-c2,"2,030990563160589",
2025-07-25T14:04:31.5620340+03:00,A70000000000000000000000,,1,-64,"865,7",Speedwayr-15-32-c2,"0,8160777791551611",
2025-07-25T14:04:31.5636750+03:00,A60000000000000000000000,,1,"-62,5","865,7",Speedwayr-15-32-c2,"5,45483568172134",
2025-07-25T14:04:31.5650140+03:00,A40000000000000000000000,,1,-66,"865,7",Speedwayr-15-32-c2,"2,7979809571034093",
2025-07-25T14:04:31.5678580+03:00,A80000000000000000000000,,1,-69,"865,7",Speedwayr-15-32-c2,"5,884350302329319",
2025-07-25T14:04:31.5807110+03:00,A60000000000000000000000,,1,"-62,5","865,7",Speedwayr-15-32-c2,"5,50392306693368",
2025-07-25T14:04:31.5844370+03:00,A30000000000000000000000,,1,-64,"865,7",Speedwayr-15-32-c2,"4,319689898685965",
2025-07-25T14:04:31.5860210+03:00,A70000000000000000000000,,1,"-62,5","865,7",Speedwayr-15-32-c2,"0,7976700097005334",
2025-07-25T14:04:31.5873170+03:00,A40000000000000000000000,,1,-66,"865,7",Speedwayr-15-32-c2,"3,117048960983623",
2025-07-25T14:04:31.5884460+03:00,A20000000000000000000000,,1,-66,"865,7",Speedwayr-15-32-c2,"1,6935147898257479",
2025-07-25T14:04:31.5941670+03:00,A80000000000000000000000,,1,"-70,5","865,7",Speedwayr-15-32-c2,"6,2034183062095325",
2025-07-25T14:04:31.6090870+03:00,A30000000000000000000000,,1,-63,"865,7",Speedwayr-15-32-c2,"4,325825821837508",
2025-07-25T14:04:31.6102810+03:00,A60000000000000000000000,,1,"-62,5","865,7",Speedwayr-15-32-c2,"5,4671075280244255",
2025-07-25T14:04:31.6150460+03:00,A40000000000000000000000,,1,"-65,5","865,7",Speedwayr-15-32-c2,"2,9206994201342606",
2025-07-25T14:04:31.6161590+03:00,A20000000000000000000000,,1,-66,"865,7",Speedwayr-15-32-c2,"1,9634954084936207",
2025-07-25T14:04:31.6184380+03:00,A80000000000000000000000,,1,"-66,5","865,7",Speedwayr-15-32-c2,"5,878214379177777",
2025-07-25T14:04:31.6194480+03:00,A70000000000000000000000,,1,-62,"865,7",Speedwayr-15-32-c2,"0,6504078540635119",
2025-07-25T14:04:31.6311300+03:00,A30000000000000000000000,,1,"-63,5","865,7",Speedwayr-15-32-c2,"4,23378697456437",
2025-07-25T14:04:31.6335560+03:00,A20000000000000000000000,,1,-66,"865,7",Speedwayr-15-32-c2,"1,4358060174609601",
2025-07-25T14:04:31.6350960+03:00,A70000000000000000000000,,1,-63,"865,7",Speedwayr-15-32-c2,"0,6994952392758523",
2025-07-25T14:04:31.6386020+03:00,A40000000000000000000000,,1,-64,"865,7",Speedwayr-15-32-c2,"2,8409324191642074",
2025-07-25T14:04:31.6406130+03:00,A60000000000000000000000,,1,"-61,5","865,7",Speedwayr-15-32-c2,"5,473243451175968",
2025-07-25T14:04:31.6463900+03:00,A80000000000000000000000,,1,"-70,5","865,7",Speedwayr-15-32-c2,"5,764699800874239",
2025-07-25T14:04:31.6578230+03:00,A60000000000000000000000,,1,"-61,5","865,7",Speedwayr-15-32-c2,"5,485515297479052",
2025-07-25T14:04:31.6601420+03:00,A30000000000000000000000,,1,"-64,5","865,7",Speedwayr-15-32-c2,"4,405592822807561",
2025-07-25T14:04:31.6638370+03:00,A40000000000000000000000,,1,"-64,5","865,7",Speedwayr-15-32-c2,"2,8532042654672924",
2025-07-25T14:04:31.6651990+03:00,A70000000000000000000000,,1,-63,"865,7",Speedwayr-15-32-c2,"0,6013204688511713",
2025-07-25T14:04:31.6681520+03:00,A80000000000000000000000,,1,-70,"865,7",Speedwayr-15-32-c2,"5,810719224510809",
2025-07-25T14:04:31.6698200+03:00,A20000000000000000000000,,1,"-62,5","865,7",Speedwayr-15-32-c2,"2,043262409463674",
2025-07-25T14:04:31.6846010+03:00,A60000000000000000000000,,1,"-61,5","865,7",Speedwayr-15-32-c2,"5,405748296509",
2025-07-25T14:04:31.6865230+03:00,A70000000000000000000000,,1,-63,"865,7",Speedwayr-15-32-c2,"0,5522330836388308",
2025-07-25T14:04:31.6878470+03:00,A40000000000000000000000,,1,-65,"865,7",Speedwayr-15-32-c2,"2,9391071895888885",
2025-07-25T14:04:31.6912230+03:00,A20000000000000000000000,,1,-63,"865,7",Speedwayr-15-32-c2,"1,8162332528565992",
2025-07-25T14:04:31.6923030+03:00,A30000000000000000000000,,1,-63,"865,7",Speedwayr-15-32-c2,"4,313553975534423",
2025-07-25T14:04:31.7070110+03:00,A30000000000000000000000,,1,"-64,5","865,7",Speedwayr-15-32-c2,"4,227651051412827",
2025-07-25T14:04:31.7087440+03:00,A60000000000000000000000,,1,"-61,5","865,7",Speedwayr-15-32-c2,"5,43029198911517",
2025-07-25T14:04:31.7133760+03:00,A20000000000000000000000,,1,-62,"865,7",Speedwayr-15-32-c2,"1,7303303287350031",
2025-07-25T14:04:31.7159330+03:00,A40000000000000000000000,,1,-65,"865,7",Speedwayr-15-32-c2,"2,8961557275280905",
2025-07-25T14:04:31.7171020+03:00,A70000000000000000000000,,1,-62,"865,7",Speedwayr-15-32-c2,"0,4111068511533518",
2025-07-25T14:04:31.7259710+03:00,A80000000000000000000000,,1,"-70,5","865,7",Speedwayr-15-32-c2,"5,730952223540755",
2025-07-25T14:04:31.7439440+03:00,A70000000000000000000000,,1,-63,"865,7",Speedwayr-15-32-c2,"0,7547185476397354",
2025-07-25T14:04:31.7452410+03:00,A30000000000000000000000,,1,-65,"865,7",Speedwayr-15-32-c2,"4,356505437595221",
2025-07-25T14:04:31.7476890+03:00,A20000000000000000000000,,1,"-61,5","865,7",Speedwayr-15-32-c2,"1,7241944055834606",
2025-07-25T14:04:31.7491870+03:00,A60000000000000000000000,,1,"-61,5","865,7",Speedwayr-15-32-c2,"5,043728830567988",
2025-07-25T14:04:31.7555240+03:00,A80000000000000000000000,,1,"-68,5","865,7",Speedwayr-15-32-c2,"5,092816215780329",
2025-07-25T14:04:31.7673940+03:00,A60000000000000000000000,,1,-62,"865,7",Speedwayr-15-32-c2,"5,092816215780329",
2025-07-25T14:04:31.7687170+03:00,A70000000000000000000000,,1,-62,"865,7",Speedwayr-15-32-c2,"0,3436116964863836",
2025-07-25T14:04:31.7705090+03:00,A20000000000000000000000,,1,-61,"865,7",Speedwayr-15-32-c2,"1,7732817907958012",
2025-07-25T14:04:31.7750440+03:00,A40000000000000000000000,,1,"-65,5","865,7",Speedwayr-15-32-c2,"2,82252464970958",
2025-07-25T14:04:31.7762140+03:00,A30000000000000000000000,,1,-64,"865,7",Speedwayr-15-32-c2,"4,172427743048944",
2025-07-25T14:04:31.7853470+03:00,A80000000000000000000000,,1,"-67,5","865,7",Speedwayr-15-32-c2,"5,080544369477243",
2025-07-25T14:04:31.7983710+03:00,A60000000000000000000000,,1,-62,"865,7",Speedwayr-15-32-c2,"4,908738521234052",
2025-07-25T14:04:31.8021630+03:00,A70000000000000000000000,,1,-63,"865,7",Speedwayr-15-32-c2,"0,19634954084936207",
2025-07-25T14:04:31.8036430+03:00,A20000000000000000000000,,1,"-63,5","865,7",Speedwayr-15-32-c2,"1,736466251886546",
2025-07-25T14:04:31.8047120+03:00,A30000000000000000000000,,1,-64,"865,7",Speedwayr-15-32-c2,"4,23378697456437",
2025-07-25T14:04:31.8064690+03:00,A40000000000000000000000,,1,"-65,5","865,7",Speedwayr-15-32-c2,"2,8716120349219203",
2025-07-25T14:04:31.8175900+03:00,A80000000000000000000000,,1,-71,"865,7",Speedwayr-15-32-c2,"5,258486140871978",
2025-07-25T14:04:31.8251340+03:00,A60000000000000000000000,,1,"-62,5","865,7",Speedwayr-15-32-c2,"4,908738521234052",
2025-07-25T14:04:31.8265730+03:00,A30000000000000000000000,,1,-64,"865,7",Speedwayr-15-32-c2,"4,239922897715912",
2025-07-25T14:04:31.8287910+03:00,A20000000000000000000000,,1,"-62,5","865,7",Speedwayr-15-32-c2,"1,8039614065535141",
2025-07-25T14:04:31.8333770+03:00,A40000000000000000000000,,1,"-62,5","865,7",Speedwayr-15-32-c2,"2,8777479580734626",
2025-07-25T14:04:31.8344990+03:00,A70000000000000000000000,,1,"-61,5","865,7",Speedwayr-15-32-c2,"0,1718058482431918",
2025-07-25T14:04:31.8650230+03:00,A80000000000000000000000,,1,"-71,5","865,7",Speedwayr-15-32-c2,"1,9757672547967058",
2025-07-25T14:04:31.9784070+03:00,A30000000000000000000000,,1,-64,"865,7",Speedwayr-15-32-c2,"4,767612288748572",
2025-07-25T14:04:31.9795730+03:00,A20000000000000000000000,,1,"-63,5","865,7",Speedwayr-15-32-c2,"2,043262409463674",
2025-07-25T14:04:31.9822820+03:00,A70000000000000000000000,,1,-62,"865,7",Speedwayr-15-32-c2,"6,227961998815704",
2025-07-25T14:04:31.9840080+03:00,A40000000000000000000000,,1,"-65,5","865,7",Speedwayr-15-32-c2,"2,8777479580734626",
2025-07-25T14:04:31.9860200+03:00,A60000000000000000000000,,1,-63,"865,7",Speedwayr-15-32-c2,"4,632621979414636",
2025-07-25T14:04:32.0068490+03:00,A30000000000000000000000,,1,"-64,5","865,7",Speedwayr-15-32-c2,"4,368777283898306",
2025-07-25T14:04:32.0086910+03:00,A20000000000000000000000,,1,-64,"865,7",Speedwayr-15-32-c2,"1,846912868614312",
2025-07-25T14:04:32.0122380+03:00,A70000000000000000000000,,1,"-63,5","865,7",Speedwayr-15-32-c2,"0,04295146206079795",
2025-07-25T14:04:32.0141630+03:00,A40000000000000000000000,,1,-66,"865,7",Speedwayr-15-32-c2,"2,8654761117703775",
2025-07-25T14:04:32.0164730+03:00,A80000000000000000000000,,1,"-69,5","865,7",Speedwayr-15-32-c2,"5,006913291658733",
2025-07-25T14:04:32.0176580+03:00,A60000000000000000000000,,1,"-63,5","865,7",Speedwayr-15-32-c2,"4,933282213840222",
2025-07-25T14:04:32.0346840+03:00,A70000000000000000000000,,1,"-63,5","865,7",Speedwayr-15-32-c2,"0,07976700097005335",
2025-07-25T14:04:32.0360090+03:00,A30000000000000000000000,,1,-64,"865,7",Speedwayr-15-32-c2,"4,4362724385652745",
2025-07-25T14:04:32.0382930+03:00,A40000000000000000000000,,1,-66,"865,7",Speedwayr-15-32-c2,"2,859340188618835",
2025-07-25T14:04:32.0407370+03:00,A20000000000000000000000,,1,-63,"865,7",Speedwayr-15-32-c2,"2,098485717827557",
2025-07-25T14:04:32.0418530+03:00,A60000000000000000000000,,1,"-62,5","865,7",Speedwayr-15-32-c2,"4,595806440505381",
2025-07-25T14:04:32.0455990+03:00,A80000000000000000000000,,1,-71,"865,7",Speedwayr-15-32-c2,"5,111223985234957",
2025-07-25T14:04:32.0577040+03:00,A60000000000000000000000,,1,"-64,5","865,7",Speedwayr-15-32-c2,"4,749204519293945",
2025-07-25T14:04:32.0618070+03:00,A70000000000000000000000,,1,-63,"865,7",Speedwayr-15-32-c2,"6,258641614573416",
2025-07-25T14:04:32.0638080+03:00,A20000000000000000000000,,1,-64,"865,7",Speedwayr-15-32-c2,"2,2334760271614935",
2025-07-25T14:04:32.0649490+03:00,A30000000000000000000000,,1,-64,"865,7",Speedwayr-15-32-c2,"4,454680208019902",
2025-07-25T14:04:32.0745250+03:00,A80000000000000000000000,,1,"-71,5","865,7",Speedwayr-15-32-c2,"5,405748296509",
2025-07-25T14:04:32.0862780+03:00,A20000000000000000000000,,1,"-63,5","865,7",Speedwayr-15-32-c2,"2,270291566070749",
2025-07-25T14:04:32.0890240+03:00,A70000000000000000000000,,1,"-61,5","865,7",Speedwayr-15-32-c2,"0,06135923151542565",
2025-07-25T14:04:32.0905780+03:00,A60000000000000000000000,,1,"-64,5","865,7",Speedwayr-15-32-c2,"4,8351074434155406",
2025-07-25T14:04:32.0925540+03:00,A30000000000000000000000,,1,"-64,5","865,7",Speedwayr-15-32-c2,"4,417864669110647",
2025-07-25T14:04:32.0970850+03:00,A40000000000000000000000,,1,"-66,5","865,7",Speedwayr-15-32-c2,"2,9145634969827183",
2025-07-25T14:04:32.1027100+03:00,A80000000000000000000000,,1,"-68,5","865,7",Speedwayr-15-32-c2,"5,0253210611133605",
2025-07-25T14:04:32.1153660+03:00,A80000000000000000000000,,1,-70,"865,7",Speedwayr-15-32-c2,"5,203262832508095",
2025-07-25T14:04:32.1189570+03:00,A70000000000000000000000,,1,-62,"865,7",Speedwayr-15-32-c2,"0,15339807878856412",
2025-07-25T14:04:32.1201140+03:00,A60000000000000000000000,,1,-63,"865,7",Speedwayr-15-32-c2,"4,8351074434155406",
2025-07-25T14:04:32.1222950+03:00,A20000000000000000000000,,1,-65,"865,7",Speedwayr-15-32-c2,"2,1598449493429825",
2025-07-25T14:04:32.1235930+03:00,A30000000000000000000000,,1,"-64,5","865,7",Speedwayr-15-32-c2,"4,638757902566179",
2025-07-25T14:04:32.1438360+03:00,A60000000000000000000000,,1,"-64,5","865,7",Speedwayr-15-32-c2,"4,92714629068868",
2025-07-25T14:04:32.1451900+03:00,A70000000000000000000000,,1,"-63,5","865,7",Speedwayr-15-32-c2,"0,1902136176978195",
2025-07-25T14:04:32.1465580+03:00,A30000000000000000000000,,1,-64,"865,7",Speedwayr-15-32-c2,"4,558990901596125",
2025-07-25T14:04:32.1514290+03:00,A20000000000000000000000,,1,"-65,5","865,7",Speedwayr-15-32-c2,"2,3930100291016",
2025-07-25T14:04:32.1539200+03:00,A40000000000000000000000,,1,"-65,5","865,7",Speedwayr-15-32-c2,"2,9268353432858034",
2025-07-25T14:04:32.1554190+03:00,A80000000000000000000000,,1,"-71,5","865,7",Speedwayr-15-32-c2,"5,105088062083414",
2025-07-25T14:04:32.1692170+03:00,A20000000000000000000000,,1,"-63,5","865,7",Speedwayr-15-32-c2,"2,2641556429192065",
2025-07-25T14:04:32.1723300+03:00,A40000000000000000000000,,1,"-65,5","865,7",Speedwayr-15-32-c2,"2,8961557275280905",
2025-07-25T14:04:32.1734430+03:00,A30000000000000000000000,,1,"-61,5","865,7",Speedwayr-15-32-c2,"4,608078286808466",
2025-07-25T14:04:32.1757710+03:00,A70000000000000000000000,,1,"-63,5","865,7",Speedwayr-15-32-c2,"0,32520392703175593",
2025-07-25T14:04:32.1780770+03:00,A60000000000000000000000,,1,"-62,5","865,7",Speedwayr-15-32-c2,"4,9823695990525625",
2025-07-25T14:04:32.1941340+03:00,A80000000000000000000000,,1,-69,"865,7",Speedwayr-15-32-c2,"5,190990986205009",
2025-07-25T14:04:32.2074520+03:00,A30000000000000000000000,,1,"-62,5","865,7",Speedwayr-15-32-c2,"4,473087977474529",
2025-07-25T14:04:32.2121470+03:00,A20000000000000000000000,,1,"-64,5","865,7",Speedwayr-15-32-c2,"2,3623304133438876",
2025-07-25T14:04:32.2133870+03:00,A60000000000000000000000,,1,"-62,5","865,7",Speedwayr-15-32-c2,"5,135767677841127",
2025-07-25T14:04:32.2152580+03:00,A70000000000000000000000,,1,"-63,5","865,7",Speedwayr-15-32-c2,"0,37429131224409645",
2025-07-25T14:04:32.2163820+03:00,A40000000000000000000000,,1,-66,"865,7",Speedwayr-15-32-c2,"3,0250101137104846",
2025-07-25T14:04:32.2257200+03:00,A80000000000000000000000,,1,-70,"865,7",Speedwayr-15-32-c2,"5,135767677841127",
2025-07-25T14:04:32.2397530+03:00,A20000000000000000000000,,1,"-63,5","865,7",Speedwayr-15-32-c2,"2,2764274892222915",
2025-07-25T14:04:32.2438730+03:00,A60000000000000000000000,,1,-64,"865,7",Speedwayr-15-32-c2,"5,166447293598839",
2025-07-25T14:04:32.2449580+03:00,A40000000000000000000000,,1,"-65,5","865,7",Speedwayr-15-32-c2,"2,8409324191642074",
2025-07-25T14:04:32.2481520+03:00,A70000000000000000000000,,1,-60,"865,7",Speedwayr-15-32-c2,"0,4295146206079795",
2025-07-25T14:04:32.2494650+03:00,A30000000000000000000000,,1,-64,"865,7",Speedwayr-15-32-c2,"4,0558452031696355",
2025-07-25T14:04:32.2520090+03:00,A80000000000000000000000,,1,-67,"865,7",Speedwayr-15-32-c2,"5,141903600992669",
2025-07-25T14:04:32.2642720+03:00,A30000000000000000000000,,1,"-64,5","865,7",Speedwayr-15-32-c2,"4,417864669110647",
2025-07-25T14:04:32.2666790+03:00,A40000000000000000000000,,1,-66,"865,7",Speedwayr-15-32-c2,"2,9145634969827183",
2025-07-25T14:04:32.2686990+03:00,A70000000000000000000000,,1,"-60,5","865,7",Speedwayr-15-32-c2,"0,46019423636569234",
2025-07-25T14:04:32.2703040+03:00,A20000000000000000000000,,1,"-64,5","865,7",Speedwayr-15-32-c2,"2,1230294104337273",
2025-07-25T14:04:32.2733200+03:00,A60000000000000000000000,,1,-63,"865,7",Speedwayr-15-32-c2,"5,418020142812084",
2025-07-25T14:04:32.2764190+03:00,A80000000000000000000000,,1,-70,"865,7",Speedwayr-15-32-c2,"5,289165756629691",
2025-07-25T14:04:32.2912110+03:00,A60000000000000000000000,,1,-62,"865,7",Speedwayr-15-32-c2,"5,2339424482658075",
2025-07-25T14:04:32.2928610+03:00,A20000000000000000000000,,1,-62,"865,7",Speedwayr-15-32-c2,"2,2457478734645786",
2025-07-25T14:04:32.2953040+03:00,A30000000000000000000000,,1,-64,"865,7",Speedwayr-15-32-c2,"5,049864753719531",
2025-07-25T14:04:32.2963850+03:00,A70000000000000000000000,,1,"-62,5","865,7",Speedwayr-15-32-c2,"0,5399612373357456",
2025-07-25T14:04:32.3040550+03:00,A80000000000000000000000,,1,-71,"865,7",Speedwayr-15-32-c2,"5,184855063053467",
2025-07-25T14:04:32.3051500+03:00,A40000000000000000000000,,1,"-65,5","865,7",Speedwayr-15-32-c2,"2,9759227284981438",
2025-07-25T14:04:32.3177070+03:00,A60000000000000000000000,,1,"-63,5","865,7",Speedwayr-15-32-c2,"5,289165756629691",
2025-07-25T14:04:32.3204000+03:00,A30000000000000000000000,,1,"-63,5","865,7",Speedwayr-15-32-c2,"4,485359823777615",
2025-07-25T14:04:32.3237680+03:00,A70000000000000000000000,,1,"-63,5","865,7",Speedwayr-15-32-c2,"0,48473792897186263",
2025-07-25T14:04:32.3252580+03:00,A20000000000000000000000,,1,-63,"865,7",Speedwayr-15-32-c2,"2,227340104009951",
2025-07-25T14:04:32.3263710+03:00,A40000000000000000000000,,1,-66,"865,7",Speedwayr-15-32-c2,"3,153864499892878",
2025-07-25T14:04:32.3524130+03:00,A80000000000000000000000,,1,"-69,5","865,7",Speedwayr-15-32-c2,"5,52539879796408",
2025-07-25T14:04:32.3594810+03:00,A40000000000000000000000,,1,-66,"865,7",Speedwayr-15-32-c2,"3,117048960983623",
2025-07-25T14:04:32.3649700+03:00,A70000000000000000000000,,1,"-61,5","865,7",Speedwayr-15-32-c2,"0,5645049299419159",
2025-07-25T14:04:32.3660520+03:00,A20000000000000000000000,,1,"-62,5","865,7",Speedwayr-15-32-c2,"2,2212041808584084",
2025-07-25T14:04:32.3684040+03:00,A60000000000000000000000,,1,-63,"865,7",Speedwayr-15-32-c2,"5,393476450205914",
2025-07-25T14:04:32.3704060+03:00,A30000000000000000000000,,1,-64,"865,7",Speedwayr-15-32-c2,"4,558990901596125",
2025-07-25T14:04:32.3732900+03:00,A80000000000000000000000,,1,"-70,5","865,7",Speedwayr-15-32-c2,"5,608233760509904",
2025-07-25T14:04:32.3894290+03:00,A20000000000000000000000,,1,"-61,5","865,7",Speedwayr-15-32-c2,"2,5034566458293663",
2025-07-25T14:04:32.3914320+03:00,A60000000000000000000000,,1,"-63,5","865,7",Speedwayr-15-32-c2,"5,577554144752192",
2025-07-25T14:04:32.3934370+03:00,A30000000000000000000000,,1,-64,"865,7",Speedwayr-15-32-c2,"4,546719055293041",
2025-07-25T14:04:32.3945060+03:00,A70000000000000000000000,,1,"-63,5","865,7",Speedwayr-15-32-c2,"0,6565437772150544",
2025-07-25T14:04:32.3969280+03:00,A40000000000000000000000,,1,"-66,5","865,7",Speedwayr-15-32-c2,"3,117048960983623",
2025-07-25T14:04:32.4120430+03:00,A80000000000000000000000,,1,"-69,5","865,7",Speedwayr-15-32-c2,"5,663457068873787",
2025-07-25T14:04:32.4248070+03:00,A40000000000000000000000,,1,-65,"865,7",Speedwayr-15-32-c2,"3,1354567304382504",
2025-07-25T14:04:32.4267170+03:00,A20000000000000000000000,,1,-62,"865,7",Speedwayr-15-32-c2,"2,282563412373834",
2025-07-25T14:04:32.4297220+03:00,A60000000000000000000000,,1,-63,"865,7",Speedwayr-15-32-c2,"5,289165756629691",
2025-07-25T14:04:32.4309200+03:00,A30000000000000000000000,,1,-64,"865,7",Speedwayr-15-32-c2,"4,73693267299086",
2025-07-25T14:04:32.4320780+03:00,A80000000000000000000000,,1,-69,"865,7",Speedwayr-15-32-c2,"0,11658253987930872",
2025-07-25T14:04:32.4331590+03:00,A70000000000000000000000,,1,"-63,5","865,7",Speedwayr-15-32-c2,"0,8099418560036186",
2025-07-25T14:04:32.4522900+03:00,A70000000000000000000000,,1,"-63,5","865,7",Speedwayr-15-32-c2,"0,760854470791278",
2025-07-25T14:04:32.4542160+03:00,A40000000000000000000000,,1,"-66,5","865,7",Speedwayr-15-32-c2,"3,423845118560751",
2025-07-25T14:04:32.4555350+03:00,A20000000000000000000000,,1,"-60,5","865,7",Speedwayr-15-32-c2,"2,282563412373834",
2025-07-25T14:04:32.4569310+03:00,A60000000000000000000000,,1,-63,"865,7",Speedwayr-15-32-c2,"5,626641529964532",
2025-07-25T14:04:32.4580010+03:00,A30000000000000000000000,,1,"-64,5","865,7",Speedwayr-15-32-c2,"4,399456899656019",
2025-07-25T14:04:32.4637280+03:00,A80000000000000000000000,,1,-70,"865,7",Speedwayr-15-32-c2,"5,626641529964532",
2025-07-25T14:04:32.4778890+03:00,A40000000000000000000000,,1,"-63,5","865,7",Speedwayr-15-32-c2,"3,147728576741336",
2025-07-25T14:04:32.4794810+03:00,A60000000000000000000000,,1,-64,"865,7",Speedwayr-15-32-c2,"5,546874528994478",
2025-07-25T14:04:32.4839910+03:00,A80000000000000000000000,,1,-69,"865,7",Speedwayr-15-32-c2,"5,8659425328746915",
2025-07-25T14:04:32.4850590+03:00,A70000000000000000000000,,1,-62,"865,7",Speedwayr-15-32-c2,"0,7853981633974483",
2025-07-25T14:04:32.4870420+03:00,A20000000000000000000000,,1,-62,"865,7",Speedwayr-15-32-c2,"2,3623304133438876",
2025-07-25T14:04:32.4885690+03:00,A30000000000000000000000,,1,"-63,5","865,7",Speedwayr-15-32-c2,"4,558990901596125",
2025-07-25T14:04:32.5029760+03:00,A30000000000000000000000,,1,"-63,5","865,7",Speedwayr-15-32-c2,"5,086680292628786",
2025-07-25T14:04:32.5052450+03:00,A70000000000000000000000,,1,-62,"865,7",Speedwayr-15-32-c2,"0,7424467013366504",
2025-07-25T14:04:32.5087750+03:00,A20000000000000000000000,,1,"-62,5","865,7",Speedwayr-15-32-c2,"2,5280003384355365",
2025-07-25T14:04:32.5102740+03:00,A60000000000000000000000,,1,-63,"865,7",Speedwayr-15-32-c2,"5,626641529964532",
2025-07-25T14:04:32.5145340+03:00,A40000000000000000000000,,1,-65,"865,7",Speedwayr-15-32-c2,"3,2397674240144743",
2025-07-25T14:04:32.5160110+03:00,A80000000000000000000000,,1,-70,"865,7",Speedwayr-15-32-c2,"6,111379458936394",
2025-07-25T14:04:32.5289870+03:00,A70000000000000000000000,,1,"-62,5","865,7",Speedwayr-15-32-c2,"0,4970097752749477",
2025-07-25T14:04:32.5318440+03:00,A30000000000000000000000,,1,"-63,5","865,7",Speedwayr-15-32-c2,"4,4976316700806995",
2025-07-25T14:04:32.5329850+03:00,A60000000000000000000000,,1,-63,"865,7",Speedwayr-15-32-c2,"5,6573211457222445",
2025-07-25T14:04:32.5378610+03:00,A20000000000000000000000,,1,-63,"865,7",Speedwayr-15-32-c2,"2,3009711818284617",
2025-07-25T14:04:32.5413170+03:00,A40000000000000000000000,,1,"-65,5","865,7",Speedwayr-15-32-c2,"2,9391071895888885",
2025-07-25T14:04:32.5557300+03:00,A80000000000000000000000,,1,"-70,5","865,7",Speedwayr-15-32-c2,"5,721748338813441",
2025-07-25T14:04:32.5602670+03:00,A30000000000000000000000,,1,-65,"865,7",Speedwayr-15-32-c2,"4,448544284868359",
2025-07-25T14:04:32.5631240+03:00,A20000000000000000000000,,1,"-61,5","865,7",Speedwayr-15-32-c2,"2,466641106920111",
2025-07-25T14:04:32.5642400+03:00,A80000000000000000000000,,1,"-69,5","865,7",Speedwayr-15-32-c2,"5,418020142812084",
2025-07-25T14:04:32.5653510+03:00,A40000000000000000000000,,1,-65,"865,7",Speedwayr-15-32-c2,"3,393165502803038",
2025-07-25T14:04:32.5664870+03:00,A70000000000000000000000,,1,-62,"865,7",Speedwayr-15-32-c2,"0,8467573949128739",
2025-07-25T14:04:32.5700650+03:00,A60000000000000000000000,,1,"-63,5","865,7",Speedwayr-15-32-c2,"5,651185222570702",
2025-07-25T14:04:32.5834150+03:00,A70000000000000000000000,,1,"-62,5","865,7",Speedwayr-15-32-c2,"0,859029241215959",
2025-07-25T14:04:32.5848490+03:00,A40000000000000000000000,,1,-64,"865,7",Speedwayr-15-32-c2,"3,3011266555298997",
2025-07-25T14:04:32.5864340+03:00,A30000000000000000000000,,1,"-64,5","865,7",Speedwayr-15-32-c2,"4,6878452877785195",
2025-07-25T14:04:32.5877310+03:00,A20000000000000000000000,,1,-62,"865,7",Speedwayr-15-32-c2,"2,454369260617026",
2025-07-25T14:04:32.5896880+03:00,A60000000000000000000000,,1,"-63,5","865,7",Speedwayr-15-32-c2,"0,19634954084936207",
2025-07-25T14:04:32.5940040+03:00,A80000000000000000000000,,1,"-70,5","865,7",Speedwayr-15-32-c2,"5,810719224510809",
2025-07-25T14:04:32.6108690+03:00,A40000000000000000000000,,1,"-63,5","865,7",Speedwayr-15-32-c2,"3,3318062712876126",
2025-07-25T14:04:32.6119540+03:00,A60000000000000000000000,,1,-64,"865,7",Speedwayr-15-32-c2,"5,595961914206819",
2025-07-25T14:04:32.6138770+03:00,A20000000000000000000000,,1,"-63,5","865,7",Speedwayr-15-32-c2,"2,5586799541932495",
2025-07-25T14:04:32.6167330+03:00,A30000000000000000000000,,1,-64,"865,7",Speedwayr-15-32-c2,"4,638757902566179",
2025-07-25T14:04:32.6186720+03:00,A70000000000000000000000,,1,"-61,5","865,7",Speedwayr-15-32-c2,"0,7915340865489908",
2025-07-25T14:04:32.6251450+03:00,A80000000000000000000000,,1,"-70,5","865,7",Speedwayr-15-32-c2,"5,927301764390117",
2025-07-25T14:04:32.6412750+03:00,A70000000000000000000000,,1,"-63,5","865,7",Speedwayr-15-32-c2,"0,859029241215959",
2025-07-25T14:04:32.6432960+03:00,A30000000000000000000000,,1,"-64,5","865,7",Speedwayr-15-32-c2,"4,681709364626977",
2025-07-25T14:04:32.6447000+03:00,A60000000000000000000000,,1,"-63,5","865,7",Speedwayr-15-32-c2,"5,540738605842936",
2025-07-25T14:04:32.6492550+03:00,A40000000000000000000000,,1,-66,"865,7",Speedwayr-15-32-c2,"3,2765829629237295",
2025-07-25T14:04:32.6502990+03:00,A20000000000000000000000,,1,-63,"865,7",Speedwayr-15-32-c2,"2,705942109830271",
2025-07-25T14:04:32.6521350+03:00,A80000000000000000000000,,1,"-71,5","865,7",Speedwayr-15-32-c2,"5,700272607783043",
2025-07-25T14:04:32.6648360+03:00,A30000000000000000000000,,1,"-63,5","865,7",Speedwayr-15-32-c2,"4,6878452877785195",
2025-07-25T14:04:32.6661620+03:00,A20000000000000000000000,,1,-63,"865,7",Speedwayr-15-32-c2,"2,6016314162540475",
2025-07-25T14:04:32.6705170+03:00,A60000000000000000000000,,1,-64,"865,7",Speedwayr-15-32-c2,"5,675728915176872",
2025-07-25T14:04:32.6720550+03:00,A70000000000000000000000,,1,-62,"865,7",Speedwayr-15-32-c2,"0,803805932852076",
2025-07-25T14:04:32.6733770+03:00,A40000000000000000000000,,1,"-65,5","865,7",Speedwayr-15-32-c2,"3,368621810196868",
2025-07-25T14:04:32.6838950+03:00,A80000000000000000000000,,1,"-70,5","865,7",Speedwayr-15-32-c2,"5,71868037723767",
2025-07-25T14:04:32.6961320+03:00,A60000000000000000000000,,1,-64,"865,7",Speedwayr-15-32-c2,"5,516194913236766",
2025-07-25T14:04:32.6981210+03:00,A40000000000000000000000,,1,-65,"865,7",Speedwayr-15-32-c2,"3,368621810196868",
2025-07-25T14:04:32.7018410+03:00,A30000000000000000000000,,1,-65,"865,7",Speedwayr-15-32-c2,"4,792155981354743",
2025-07-25T14:04:32.7046150+03:00,A70000000000000000000000,,1,-63,"865,7",Speedwayr-15-32-c2,"0,8099418560036186",
2025-07-25T14:04:32.7076170+03:00,A20000000000000000000000,,1,-64,"865,7",Speedwayr-15-32-c2,"2,0923497946760143",
2025-07-25T14:04:32.7127450+03:00,A80000000000000000000000,,1,"-70,5","865,7",Speedwayr-15-32-c2,"5,64504929941916",
2025-07-25T14:04:32.7294730+03:00,A30000000000000000000000,,1,"-64,5","865,7",Speedwayr-15-32-c2,"4,651029748869264",
2025-07-25T14:04:32.7317620+03:00,A60000000000000000000000,,1,"-63,5","865,7",Speedwayr-15-32-c2,"5,424156065963627",
2025-07-25T14:04:32.7335590+03:00,A20000000000000000000000,,1,"-62,5","865,7",Speedwayr-15-32-c2,"2,6568547246179306",
2025-07-25T14:04:32.7349270+03:00,A70000000000000000000000,,1,"-63,5","865,7",Speedwayr-15-32-c2,"0,7301748550335652",
2025-07-25T14:04:32.7359790+03:00,A40000000000000000000000,,1,"-65,5","865,7",Speedwayr-15-32-c2,"3,429981041712294",
2025-07-25T14:04:32.7575220+03:00,A60000000000000000000000,,1,-63,"865,7",Speedwayr-15-32-c2,"5,442563835418255",
2025-07-25T14:04:32.7618060+03:00,A70000000000000000000000,,1,"-61,5","865,7",Speedwayr-15-32-c2,"0,8099418560036186",
2025-07-25T14:04:32.7645440+03:00,A80000000000000000000000,,1,-70,"865,7",Speedwayr-15-32-c2,"5,436427912266712",
2025-07-25T14:04:32.7682820+03:00,A30000000000000000000000,,1,"-62,5","865,7",Speedwayr-15-32-c2,"4,908738521234052",
2025-07-25T14:04:32.7724250+03:00,A40000000000000000000000,,1,"-65,5","865,7",Speedwayr-15-32-c2,"3,4177091954092087",
2025-07-25T14:04:32.7735480+03:00,A20000000000000000000000,,1,-64,"865,7",Speedwayr-15-32-c2,"2,693670263527186",
2025-07-25T14:04:32.7859690+03:00,A40000000000000000000000,,1,-65,"865,7",Speedwayr-15-32-c2,"3,479068426924634",
2025-07-25T14:04:32.7884380+03:00,A30000000000000000000000,,1,"-61,5","865,7",Speedwayr-15-32-c2,"4,822835597112456",
2025-07-25T14:04:32.7925840+03:00,A60000000000000000000000,,1,"-63,5","865,7",Speedwayr-15-32-c2,"5,227806525114265",
2025-07-25T14:04:32.7949280+03:00,A70000000000000000000000,,1,"-62,5","865,7",Speedwayr-15-32-c2,"0,6749515466696822",
2025-07-25T14:04:32.7964200+03:00,A20000000000000000000000,,1,"-65,5","865,7",Speedwayr-15-32-c2,"2,834796496012665",
2025-07-25T14:04:32.8056770+03:00,A80000000000000000000000,,1,-70,"865,7",Speedwayr-15-32-c2,"5,583690067903734",
2025-07-25T14:04:32.8202180+03:00,A60000000000000000000000,,1,"-61,5","865,7",Speedwayr-15-32-c2,"5,178719139901925",
2025-07-25T14:04:32.8221850+03:00,A70000000000000000000000,,1,"-63,5","865,7",Speedwayr-15-32-c2,"0,607456392002714",
2025-07-25T14:04:32.8236000+03:00,A30000000000000000000000,,1,"-64,5","865,7",Speedwayr-15-32-c2,"4,76147636559703",
2025-07-25T14:04:32.8247100+03:00,A40000000000000000000000,,1,-65,"865,7",Speedwayr-15-32-c2,"3,485204350076177",
2025-07-25T14:04:32.8266590+03:00,A20000000000000000000000,,1,-69,"865,7",Speedwayr-15-32-c2,"3,3072625786814425",
2025-07-25T14:04:32.8315800+03:00,A80000000000000000000000,,1,"-68,5","865,7",Speedwayr-15-32-c2,"4,7860200582032",
2025-07-25T14:04:32.8458520+03:00,A70000000000000000000000,,1,-64,"865,7",Speedwayr-15-32-c2,"0,607456392002714",
2025-07-25T14:04:32.8472360+03:00,A60000000000000000000000,,1,-61,"865,7",Speedwayr-15-32-c2,"4,804427827657828",
2025-07-25T14:04:32.8485630+03:00,A30000000000000000000000,,1,-64,"865,7",Speedwayr-15-32-c2,"4,356505437595221",
2025-07-25T14:04:32.8544080+03:00,A40000000000000000000000,,1,"-65,5","865,7",Speedwayr-15-32-c2,"3,466796580621549",
2025-07-25T14:04:32.8658080+03:00,A80000000000000000000000,,1,-71,"865,7",Speedwayr-15-32-c2,"5,460971604872882",
2025-07-25T14:04:32.8864940+03:00,A20000000000000000000000,,1,"-70,5","865,7",Speedwayr-15-32-c2,"0,3988350048502667",
2025-07-25T14:04:32.8939500+03:00,A70000000000000000000000,,1,-63,"865,7",Speedwayr-15-32-c2,"0,48473792897186263",
2025-07-25T14:04:32.8966390+03:00,A30000000000000000000000,,1,-65,"865,7",Speedwayr-15-32-c2,"4,706253057233147",
2025-07-25T14:04:32.8978190+03:00,A60000000000000000000000,,1,"-60,5","865,7",Speedwayr-15-32-c2,"4,28287435977671",
2025-07-25T14:04:32.9011750+03:00,A40000000000000000000000,,1,"-64,5","865,7",Speedwayr-15-32-c2,"3,6263305825616556",
2025-07-25T14:04:32.9044800+03:00,A20000000000000000000000,,1,"-66,5","865,7",Speedwayr-15-32-c2,"0,8713010875190442",
2025-07-25T14:04:32.9156400+03:00,A80000000000000000000000,,1,-69,"865,7",Speedwayr-15-32-c2,"4,963961829597935",
2025-07-25T14:04:32.9292660+03:00,A60000000000000000000000,,1,-61,"865,7",Speedwayr-15-32-c2,"4,608078286808466",
2025-07-25T14:04:32.9325720+03:00,A70000000000000000000000,,1,"-64,5","865,7",Speedwayr-15-32-c2,"0,3190680038802134",
2025-07-25T14:04:32.9345570+03:00,A40000000000000000000000,,1,-64,"865,7",Speedwayr-15-32-c2,"3,7122335066832517",
2025-07-25T14:04:32.9356990+03:00,A20000000000000000000000,,1,"-63,5","865,7",Speedwayr-15-32-c2,"0,607456392002714",
2025-07-25T14:04:32.9369260+03:00,A30000000000000000000000,,1,"-66,5","865,7",Speedwayr-15-32-c2,"4,270602513473625",
2025-07-25T14:04:32.9451810+03:00,A80000000000000000000000,,1,-71,"865,7",Speedwayr-15-32-c2,"4,921010367537137",
2025-07-25T14:04:32.9595190+03:00,A40000000000000000000000,,1,-64,"865,7",Speedwayr-15-32-c2,"3,8533597391687304",
2025-07-25T14:04:32.9615760+03:00,A30000000000000000000000,,1,-67,"865,7",Speedwayr-15-32-c2,"4,620350133111551",
2025-07-25T14:04:32.9632830+03:00,A20000000000000000000000,,1,"-61,5","865,7",Speedwayr-15-32-c2,"0,5522330836388308",
2025-07-25T14:04:32.9643500+03:00,A70000000000000000000000,,1,"-63,5","865,7",Speedwayr-15-32-c2,"0,3436116964863836",
2025-07-25T14:04:32.9654500+03:00,A60000000000000000000000,,1,"-61,5","865,7",Speedwayr-15-32-c2,"3,8288160465625602",
2025-07-25T14:04:32.9827310+03:00,A80000000000000000000000,,1,-72,"865,7",Speedwayr-15-32-c2,"1,4204662095821037",
2025-07-25T14:04:32.9890900+03:00,A60000000000000000000000,,1,-61,"865,7",Speedwayr-15-32-c2,"3,736777199289422",
2025-07-25T14:04:32.9904580+03:00,A40000000000000000000000,,1,"-63,5","865,7",Speedwayr-15-32-c2,"3,767456815047135",
2025-07-25T14:04:32.9918220+03:00,A70000000000000000000000,,1,-59,"865,7",Speedwayr-15-32-c2,"0,4356505437595221",
2025-07-25T14:04:32.9946160+03:00,A20000000000000000000000,,1,-60,"865,7",Speedwayr-15-32-c2,"0,6320000846088841",
2025-07-25T14:04:33.0048140+03:00,A30000000000000000000000,,1,-67,"865,7",Speedwayr-15-32-c2,"4,221515128261284",
2025-07-25T14:04:33.0156250+03:00,A80000000000000000000000,,1,"-72,5","865,7",Speedwayr-15-32-c2,"4,5927384789296095",
2025-07-25T14:04:33.0248240+03:00,A40000000000000000000000,,1,"-63,5","865,7",Speedwayr-15-32-c2,"3,816544200259475",
2025-07-25T14:04:33.0301180+03:00,A70000000000000000000000,,1,-63,"865,7",Speedwayr-15-32-c2,"0,6442719309119693",
2025-07-25T14:04:33.0321630+03:00,A60000000000000000000000,,1,"-61,5","865,7",Speedwayr-15-32-c2,"3,718369429834794",
2025-07-25T14:04:33.0341170+03:00,A30000000000000000000000,,1,-66,"865,7",Speedwayr-15-32-c2,"3,877903431774901",
2025-07-25T14:04:33.0351850+03:00,A20000000000000000000000,,1,"-58,5","865,7",Speedwayr-15-32-c2,"0,5276893910326605",
2025-07-25T14:04:33.0457820+03:00,A80000000000000000000000,,1,-73,"865,7",Speedwayr-15-32-c2,"1,5830681730979816",
2025-07-25T14:04:33.0530310+03:00,A70000000000000000000000,,1,-64,"865,7",Speedwayr-15-32-c2,"0,7485826244881929",
2025-07-25T14:04:33.0553510+03:00,A30000000000000000000000,,1,-67,"865,7",Speedwayr-15-32-c2,"3,9269908169872414",
2025-07-25T14:04:33.0565640+03:00,A60000000000000000000000,,1,"-61,5","865,7",Speedwayr-15-32-c2,"3,9515345095934116",
2025-07-25T14:04:33.0578750+03:00,A20000000000000000000000,,1,-58,"865,7",Speedwayr-15-32-c2,"0,521553467881118",
2025-07-25T14:04:33.0589840+03:00,A40000000000000000000000,,1,-61,"865,7",Speedwayr-15-32-c2,"3,9822141253511245",
2025-07-25T14:04:33.0645690+03:00,A80000000000000000000000,,1,-71,"865,7",Speedwayr-15-32-c2,"4,651029748869264",
2025-07-25T14:04:33.0767670+03:00,A40000000000000000000000,,1,-63,"865,7",Speedwayr-15-32-c2,"3,933126740138784",
2025-07-25T14:04:33.0794050+03:00,A20000000000000000000000,,1,-58,"865,7",Speedwayr-15-32-c2,"0,5522330836388308",
2025-07-25T14:04:33.0842690+03:00,A70000000000000000000000,,1,-65,"865,7",Speedwayr-15-32-c2,"0,8835729338221293",
2025-07-25T14:04:33.0856660+03:00,A30000000000000000000000,,1,"-66,5","865,7",Speedwayr-15-32-c2,"3,933126740138784",
2025-07-25T14:04:33.0872660+03:00,A60000000000000000000000,,1,-61,"865,7",Speedwayr-15-32-c2,"3,5281558121369745",
2025-07-25T14:04:33.1113790+03:00,A60000000000000000000000,,1,-62,"865,7",Speedwayr-15-32-c2,"3,706097583531709",
2025-07-25T14:04:33.1173380+03:00,A20000000000000000000000,,1,"-56,5","865,7",Speedwayr-15-32-c2,"0,6320000846088841",
2025-07-25T14:04:33.1192230+03:00,A30000000000000000000000,,1,"-67,5","865,7",Speedwayr-15-32-c2,"3,9453985864418692",
2025-07-25T14:04:33.1202760+03:00,A40000000000000000000000,,1,"-63,5","865,7",Speedwayr-15-32-c2,"4,04357335686655",
2025-07-25T14:04:33.1213890+03:00,A70000000000000000000000,,1,-64,"865,7",Speedwayr-15-32-c2,"0,7117670855789375",
2025-07-25T14:04:33.1406550+03:00,A80000000000000000000000,,1,-72,"865,7",Speedwayr-15-32-c2,"4,991573483779876",
2025-07-25T14:04:33.1459230+03:00,A80000000000000000000000,,1,-71,"865,7",Speedwayr-15-32-c2,"4,828971520263998",
2025-07-25T14:04:33.1500430+03:00,A40000000000000000000000,,1,"-62,5","865,7",Speedwayr-15-32-c2,"3,9760782021995817",
2025-07-25T14:04:33.1517000+03:00,A20000000000000000000000,,1,"-57,5","865,7",Speedwayr-15-32-c2,"0,7731263170943632",
2025-07-25T14:04:33.1547180+03:00,A60000000000000000000000,,1,"-61,5","865,7",Speedwayr-15-32-c2,"3,736777199289422",
2025-07-25T14:04:33.1562080+03:00,A70000000000000000000000,,1,-64,"865,7",Speedwayr-15-32-c2,"0,9387962421860124",
2025-07-25T14:04:33.1605870+03:00,A30000000000000000000000,,1,"-64,5","865,7",Speedwayr-15-32-c2,"4,147884050442774",
2025-07-25T14:04:33.1772900+03:00,A20000000000000000000000,,1,"-57,5","865,7",Speedwayr-15-32-c2,"0,705631162427395",
2025-07-25T14:04:33.1806580+03:00,A40000000000000000000000,,1,"-63,5","865,7",Speedwayr-15-32-c2,"4,172427743048944",
2025-07-25T14:04:33.1820790+03:00,A60000000000000000000000,,1,-61,"865,7",Speedwayr-15-32-c2,"3,834951969714103",
2025-07-25T14:04:33.1839590+03:00,A30000000000000000000000,,1,"-65,5","865,7",Speedwayr-15-32-c2,"3,9638063558964967",
2025-07-25T14:04:33.1855390+03:00,A70000000000000000000000,,1,"-64,5","865,7",Speedwayr-15-32-c2,"0,9633399347921826",
2025-07-25T14:04:33.2235840+03:00,A20000000000000000000000,,1,-56,"865,7",Speedwayr-15-32-c2,"0,6565437772150544",
2025-07-25T14:04:33.2250450+03:00,A30000000000000000000000,,1,-67,"865,7",Speedwayr-15-32-c2,"4,037437433715008",
2025-07-25T14:04:33.2305130+03:00,A70000000000000000000000,,1,-63,"865,7",Speedwayr-15-32-c2,"0,9940195505498954",
2025-07-25T14:04:33.2321500+03:00,A40000000000000000000000,,1,-64,"865,7",Speedwayr-15-32-c2,"4,104932588381976",
2025-07-25T14:04:33.2340390+03:00,A60000000000000000000000,,1,"-61,5","865,7",Speedwayr-15-32-c2,"3,718369429834794",
2025-07-25T14:04:33.2492250+03:00,A70000000000000000000000,,1,-64,"865,7",Speedwayr-15-32-c2,"0,9019807032767571",
2025-07-25T14:04:33.2516790+03:00,A20000000000000000000000,,1,-56,"865,7",Speedwayr-15-32-c2,"0,5583690067903734",
2025-07-25T14:04:33.2536040+03:00,A40000000000000000000000,,1,"-63,5","865,7",Speedwayr-15-32-c2,"3,988350048502667",
2025-07-25T14:04:33.2552580+03:00,A30000000000000000000000,,1,-66,"865,7",Speedwayr-15-32-c2,"3,8963112012295285",
2025-07-25T14:04:33.2566440+03:00,A60000000000000000000000,,1,"-61,5","865,7",Speedwayr-15-32-c2,"4,147884050442774",
2025-07-25T14:04:33.2755890+03:00,A20000000000000000000000,,1,-56,"865,7",Speedwayr-15-32-c2,"0,5031456984264903",
2025-07-25T14:04:33.2766860+03:00,A40000000000000000000000,,1,-64,"865,7",Speedwayr-15-32-c2,"4,0987966652304335",
2025-07-25T14:04:33.2790390+03:00,A60000000000000000000000,,1,"-61,5","865,7",Speedwayr-15-32-c2,"3,718369429834794",
2025-07-25T14:04:33.2809930+03:00,A70000000000000000000000,,1,"-64,5","865,7",Speedwayr-15-32-c2,"0,9940195505498954",
2025-07-25T14:04:33.2825900+03:00,A30000000000000000000000,,1,-67,"865,7",Speedwayr-15-32-c2,"3,472932503773092",
2025-07-25T14:04:33.2992620+03:00,A40000000000000000000000,,1,-62,"865,7",Speedwayr-15-32-c2,"4,111068511533518",
2025-07-25T14:04:33.3004910+03:00,A60000000000000000000000,,1,"-59,5","865,7",Speedwayr-15-32-c2,"3,7981364308048478",
2025-07-25T14:04:33.3015320+03:00,A70000000000000000000000,,1,-64,"865,7",Speedwayr-15-32-c2,"0,9878836273983529",
2025-07-25T14:04:33.3025950+03:00,A20000000000000000000000,,1,"-55,5","865,7",Speedwayr-15-32-c2,"0,48473792897186263",
2025-07-25T14:04:33.3047030+03:00,A30000000000000000000000,,1,"-65,5","865,7",Speedwayr-15-32-c2,"3,56497135104623",
2025-07-25T14:04:33.3342940+03:00,A60000000000000000000000,,1,"-62,5","865,7",Speedwayr-15-32-c2,"3,522019888985432",
2025-07-25T14:04:33.3373970+03:00,A70000000000000000000000,,1,-63,"865,7",Speedwayr-15-32-c2,"0,9019807032767571",
2025-07-25T14:04:33.3384080+03:00,A20000000000000000000000,,1,"-56,5","865,7",Speedwayr-15-32-c2,"0,32520392703175593",
2025-07-25T14:04:33.3405760+03:00,A40000000000000000000000,,1,-63,"865,7",Speedwayr-15-32-c2,"4,154019973594316",
2025-07-25T14:04:33.3445350+03:00,A30000000000000000000000,,1,-66,"865,7",Speedwayr-15-32-c2,"3,3624858870453256",
2025-07-25T14:04:33.3640120+03:00,A40000000000000000000000,,1,"-63,5","865,7",Speedwayr-15-32-c2,"4,485359823777615",
2025-07-25T14:04:33.3666780+03:00,A70000000000000000000000,,1,"-64,5","865,7",Speedwayr-15-32-c2,"0,9081166264282996",
2025-07-25T14:04:33.3681070+03:00,A20000000000000000000000,,1,-56,"865,7",Speedwayr-15-32-c2,"0,25157284921324513",
2025-07-25T14:04:33.3717810+03:00,A60000000000000000000000,,1,"-62,5","865,7",Speedwayr-15-32-c2,"3,472932503773092",
2025-07-25T14:04:33.3730780+03:00,A30000000000000000000000,,1,-67,"865,7",Speedwayr-15-32-c2,"3,1968159619536762",
2025-07-25T14:04:33.3883040+03:00,A20000000000000000000000,,1,"-56,5","865,7",Speedwayr-15-32-c2,"0,2454369260617026",
2025-07-25T14:04:33.3896170+03:00,A70000000000000000000000,,1,-63,"865,7",Speedwayr-15-32-c2,"0,8099418560036186",
2025-07-25T14:04:33.3922630+03:00,A30000000000000000000000,,1,"-66,5","865,7",Speedwayr-15-32-c2,"3,3011266555298997",
2025-07-25T14:04:33.3965520+03:00,A60000000000000000000000,,1,"-62,5","865,7",Speedwayr-15-32-c2,"3,454524734318464",
2025-07-25T14:04:33.3979090+03:00,A40000000000000000000000,,1,-62,"865,7",Speedwayr-15-32-c2,"4,06811704947272",
2025-07-25T14:04:33.4181000+03:00,A20000000000000000000000,,1,"-55,5","865,7",Speedwayr-15-32-c2,"0,1718058482431918",
2025-07-25T14:04:33.4237020+03:00,A60000000000000000000000,,1,-63,"865,7",Speedwayr-15-32-c2,"3,3318062712876126",
2025-07-25T14:04:33.4251540+03:00,A40000000000000000000000,,1,-63,"865,7",Speedwayr-15-32-c2,"4,086524818927348",
2025-07-25T14:04:33.4264680+03:00,A70000000000000000000000,,1,"-64,5","865,7",Speedwayr-15-32-c2,"0,9326603190344698",
2025-07-25T14:04:33.4319690+03:00,A30000000000000000000000,,1,"-67,5","865,7",Speedwayr-15-32-c2,"3,2459033471660166",
2025-07-25T14:04:33.4537330+03:00,A40000000000000000000000,,1,"-63,5","865,7",Speedwayr-15-32-c2,"4,086524818927348",
2025-07-25T14:04:33.4568300+03:00,A70000000000000000000000,,1,"-64,5","865,7",Speedwayr-15-32-c2,"0,760854470791278",
2025-07-25T14:04:33.4581270+03:00,A20000000000000000000000,,1,"-56,5","865,7",Speedwayr-15-32-c2,"0,1043106935762236",
2025-07-25T14:04:33.4635920+03:00,A30000000000000000000000,,1,-67,"865,7",Speedwayr-15-32-c2,"3,1906800388021335",
2025-07-25T14:04:33.4656710+03:00,A60000000000000000000000,,1,"-63,5","865,7",Speedwayr-15-32-c2,"3,3747577333484107",
2025-07-25T14:04:33.4807920+03:00,A20000000000000000000000,,1,"-55,5","865,7",Speedwayr-15-32-c2,"0,07363107781851078",
2025-07-25T14:04:33.4843870+03:00,A30000000000000000000000,,1,-67,"865,7",Speedwayr-15-32-c2,"3,2459033471660166",
2025-07-25T14:04:33.4854820+03:00,A40000000000000000000000,,1,-63,"865,7",Speedwayr-15-32-c2,"4,037437433715008",
2025-07-25T14:04:33.4890320+03:00,A60000000000000000000000,,1,-63,"865,7",Speedwayr-15-32-c2,"3,3195344249845276",
2025-07-25T14:04:33.4914820+03:00,A70000000000000000000000,,1,-65,"865,7",Speedwayr-15-32-c2,"0,7547185476397354",
2025-07-25T14:04:33.5323500+03:00,A30000000000000000000000,,1,-66,"865,7",Speedwayr-15-32-c2,"3,429981041712294",
2025-07-25T14:04:33.5339280+03:00,A20000000000000000000000,,1,-57,"865,7",Speedwayr-15-32-c2,"6,270913460876501",
2025-07-25T14:04:33.5368880+03:00,A40000000000000000000000,,1,"-63,5","865,7",Speedwayr-15-32-c2,"3,816544200259475",
2025-07-25T14:04:33.5383620+03:00,A60000000000000000000000,,1,"-62,5","865,7",Speedwayr-15-32-c2,"3,227495577711389",
2025-07-25T14:04:33.5442770+03:00,A70000000000000000000000,,1,"-64,5","865,7",Speedwayr-15-32-c2,"0,6810874698212247",
2025-07-25T14:04:33.5604520+03:00,A20000000000000000000000,,1,"-57,5","865,7",Speedwayr-15-32-c2,"0,11044661672776616",
2025-07-25T14:04:33.5637640+03:00,A60000000000000000000000,,1,-63,"865,7",Speedwayr-15-32-c2,"3,423845118560751",
2025-07-25T14:04:33.5652300+03:00,A70000000000000000000000,,1,"-63,5","865,7",Speedwayr-15-32-c2,"0,6810874698212247",
2025-07-25T14:04:33.5663410+03:00,A40000000000000000000000,,1,"-63,5","865,7",Speedwayr-15-32-c2,"4,025165587411922",
2025-07-25T14:04:33.5714240+03:00,A30000000000000000000000,,1,-66,"865,7",Speedwayr-15-32-c2,"3,215223731408304",
2025-07-25T14:04:33.6023370+03:00,A60000000000000000000000,,1,"-62,5","865,7",Speedwayr-15-32-c2,"3,54042765844006",
2025-07-25T14:04:33.6045030+03:00,A70000000000000000000000,,1,"-64,5","865,7",Speedwayr-15-32-c2,"0,7485826244881929",
2025-07-25T14:04:33.6055590+03:00,A30000000000000000000000,,1,"-66,5","865,7",Speedwayr-15-32-c2,"3,5158839658338894",
2025-07-25T14:04:33.6066200+03:00,A20000000000000000000000,,1,"-56,5","865,7",Speedwayr-15-32-c2,"6,240233845118788",
2025-07-25T14:04:33.6109080+03:00,A40000000000000000000000,,1,"-63,5","865,7",Speedwayr-15-32-c2,"4,037437433715008",
2025-07-25T14:04:33.6255740+03:00,A60000000000000000000000,,1,"-61,5","865,7",Speedwayr-15-32-c2,"3,522019888985432",
2025-07-25T14:04:33.6307510+03:00,A20000000000000000000000,,1,"-56,5","865,7",Speedwayr-15-32-c2,0,
2025-07-25T14:04:33.6337370+03:00,A40000000000000000000000,,1,"-63,5","865,7",Speedwayr-15-32-c2,"3,9760782021995817",
2025-07-25T14:04:33.6351660+03:00,A30000000000000000000000,,1,-67,"865,7",Speedwayr-15-32-c2,"3,736777199289422",
2025-07-25T14:04:33.6501630+03:00,A60000000000000000000000,,1,"-61,5","865,7",Speedwayr-15-32-c2,"3,7122335066832517",
2025-07-25T14:04:33.6525990+03:00,A70000000000000000000000,,1,-65,"865,7",Speedwayr-15-32-c2,"0,7731263170943632",
2025-07-25T14:04:33.6537290+03:00,A30000000000000000000000,,1,-67,"865,7",Speedwayr-15-32-c2,"3,6079228131070282",
2025-07-25T14:04:33.6561760+03:00,A40000000000000000000000,,1,-63,"865,7",Speedwayr-15-32-c2,"4,09266074207889",
2025-07-25T14:04:33.6572480+03:00,A20000000000000000000000,,1,"-57,5","865,7",Speedwayr-15-32-c2,"0,03681553890925539",
2025-07-25T14:04:33.6764190+03:00,A30000000000000000000000,,1,-67,"865,7",Speedwayr-15-32-c2,"3,9085830475326135",
2025-07-25T14:04:33.6780870+03:00,A70000000000000000000000,,1,-63,"865,7",Speedwayr-15-32-c2,"0,7792622402459057",
2025-07-25T14:04:33.6813350+03:00,A40000000000000000000000,,1,"-63,5","865,7",Speedwayr-15-32-c2,"4,025165587411922",
2025-07-25T14:04:33.6823710+03:00,A20000000000000000000000,,1,"-56,5","865,7",Speedwayr-15-32-c2,"0,1349903093339364",
2025-07-25T14:04:33.6837250+03:00,A60000000000000000000000,,1,-61,"865,7",Speedwayr-15-32-c2,"3,9453985864418692",
2025-07-25T14:04:33.7108420+03:00,A40000000000000000000000,,1,"-63,5","865,7",Speedwayr-15-32-c2,"4,037437433715008",
2025-07-25T14:04:33.7138400+03:00,A70000000000000000000000,,1,"-63,5","865,7",Speedwayr-15-32-c2,"0,7485826244881929",
2025-07-25T14:04:33.7149820+03:00,A60000000000000000000000,,1,"-60,5","865,7",Speedwayr-15-32-c2,"4,080388895775806",
2025-07-25T14:04:33.7184830+03:00,A20000000000000000000000,,1,-58,"865,7",Speedwayr-15-32-c2,"0,30066023442558565",
2025-07-25T14:04:33.7196700+03:00,A30000000000000000000000,,1,-63,"865,7",Speedwayr-15-32-c2,"4,1601558967458585",
2025-07-25T14:04:33.7359480+03:00,A20000000000000000000000,,1,-58,"865,7",Speedwayr-15-32-c2,"0,4295146206079795",
2025-07-25T14:04:33.7383460+03:00,A60000000000000000000000,,1,"-59,5","865,7",Speedwayr-15-32-c2,"4,28287435977671",
2025-07-25T14:04:33.7397840+03:00,A40000000000000000000000,,1,-62,"865,7",Speedwayr-15-32-c2,"4,031301510563465",
2025-07-25T14:04:33.7414040+03:00,A70000000000000000000000,,1,"-64,5","865,7",Speedwayr-15-32-c2,"0,7485826244881929",
2025-07-25T14:04:33.7432910+03:00,A30000000000000000000000,,1,-65,"865,7",Speedwayr-15-32-c2,"4,454680208019902",
2025-07-25T14:04:33.7597890+03:00,A40000000000000000000000,,1,"-63,5","865,7",Speedwayr-15-32-c2,"4,080388895775806",
2025-07-25T14:04:33.7646190+03:00,A20000000000000000000000,,1,-59,"865,7",Speedwayr-15-32-c2,"0,7117670855789375",
2025-07-25T14:04:33.7657170+03:00,A30000000000000000000000,,1,"-66,5","865,7",Speedwayr-15-32-c2,"4,577398671050753",
2025-07-25T14:04:33.7671070+03:00,A60000000000000000000000,,1,"-59,5","865,7",Speedwayr-15-32-c2,"4,601942363656923",
2025-07-25T14:04:33.7733670+03:00,A70000000000000000000000,,1,-65,"865,7",Speedwayr-15-32-c2,"0,9081166264282996",
2025-07-25T14:04:33.8015240+03:00,A70000000000000000000000,,1,"-63,5","865,7",Speedwayr-15-32-c2,"0,760854470791278",
2025-07-25T14:04:33.8039460+03:00,A30000000000000000000000,,1,"-64,5","865,7",Speedwayr-15-32-c2,"4,921010367537137",
2025-07-25T14:04:33.8056720+03:00,A60000000000000000000000,,1,-61,"865,7",Speedwayr-15-32-c2,"5,092816215780329",
2025-07-25T14:04:33.8067430+03:00,A40000000000000000000000,,1,-64,"865,7",Speedwayr-15-32-c2,"4,1172044346850605",
2025-07-25T14:04:33.8105910+03:00,A20000000000000000000000,,1,-64,"865,7",Speedwayr-15-32-c2,"1,0615147052168636",
2025-07-25T14:04:33.8587360+03:00,A70000000000000000000000,,1,-64,"865,7",Speedwayr-15-32-c2,"0,9633399347921826",
2025-07-25T14:04:33.8622940+03:00,A40000000000000000000000,,1,"-64,5","865,7",Speedwayr-15-32-c2,"4,552854978444583",
2025-07-25T14:04:33.8634490+03:00,A60000000000000000000000,,1,"-64,5","865,7",Speedwayr-15-32-c2,"5,780039608753096",
2025-07-25T14:04:33.8657090+03:00,A30000000000000000000000,,1,-64,"865,7",Speedwayr-15-32-c2,"5,203262832508095",
2025-07-25T14:04:33.8931060+03:00,A80000000000000000000000,,1,-71,"865,7",Speedwayr-15-32-c2,"2,48811683795051",
2025-07-25T14:04:33.8963290+03:00,A20000000000000000000000,,1,"-71,5","865,7",Speedwayr-15-32-c2,"0,9295923574586985",
2025-07-25T14:04:33.9031790+03:00,A30000000000000000000000,,1,-64,"865,7",Speedwayr-15-32-c2,"5,387340527054372",
2025-07-25T14:04:33.9045470+03:00,A60000000000000000000000,,1,"-64,5","865,7",Speedwayr-15-32-c2,"5,595961914206819",
2025-07-25T14:04:33.9056320+03:00,A70000000000000000000000,,1,-64,"865,7",Speedwayr-15-32-c2,"0,9510680884890975",
2025-07-25T14:04:33.9084170+03:00,A40000000000000000000000,,1,"-64,5","865,7",Speedwayr-15-32-c2,"3,9822141253511245",
2025-07-25T14:04:33.9132470+03:00,A20000000000000000000000,,1,"-67,5","865,7",Speedwayr-15-32-c2,"3,3502140407422405",
2025-07-25T14:04:33.9251640+03:00,A80000000000000000000000,,1,"-70,5","865,7",Speedwayr-15-32-c2,"5,675728915176872",
2025-07-25T14:04:33.9395100+03:00,A30000000000000000000000,,1,-63,"865,7",Speedwayr-15-32-c2,"5,209398755659637",
2025-07-25T14:04:33.9408510+03:00,A40000000000000000000000,,1,-65,"865,7",Speedwayr-15-32-c2,"3,9392626632903265",
2025-07-25T14:04:33.9435790+03:00,A70000000000000000000000,,1,-63,"865,7",Speedwayr-15-32-c2,"0,8283496254582462",
2025-07-25T14:04:33.9486110+03:00,A20000000000000000000000,,1,"-62,5","865,7",Speedwayr-15-32-c2,"3,0925052683774528",
2025-07-25T14:04:33.9501730+03:00,A60000000000000000000000,,1,-65,"865,7",Speedwayr-15-32-c2,"5,45483568172134",
2025-07-25T14:04:33.9731960+03:00,A30000000000000000000000,,1,-64,"865,7",Speedwayr-15-32-c2,"5,135767677841127",
2025-07-25T14:04:33.9745460+03:00,A70000000000000000000000,,1,-63,"865,7",Speedwayr-15-32-c2,"0,6013204688511713",
2025-07-25T14:04:33.9756300+03:00,A20000000000000000000000,,1,-65,"865,7",Speedwayr-15-32-c2,"2,890019804376548",
2025-07-25T14:04:33.9798740+03:00,A60000000000000000000000,,1,"-64,5","865,7",Speedwayr-15-32-c2,"5,356660911296659",
2025-07-25T14:04:33.9812090+03:00,A40000000000000000000000,,1,-65,"865,7",Speedwayr-15-32-c2,"3,9760782021995817",
2025-07-25T14:04:33.9971870+03:00,A40000000000000000000000,,1,"-63,5","865,7",Speedwayr-15-32-c2,"3,8840393549264434",
2025-07-25T14:04:33.9984980+03:00,A70000000000000000000000,,1,-63,"865,7",Speedwayr-15-32-c2,"0,7301748550335652",
2025-07-25T14:04:34.0007640+03:00,A60000000000000000000000,,1,"-60,5","865,7",Speedwayr-15-32-c2,"5,2339424482658075",
2025-07-25T14:04:34.0033660+03:00,A20000000000000000000000,,1,-63,"865,7",Speedwayr-15-32-c2,"2,834796496012665",
2025-07-25T14:04:34.0044360+03:00,A30000000000000000000000,,1,-64,"865,7",Speedwayr-15-32-c2,"5,105088062083414",
2025-07-25T14:04:34.0143670+03:00,A80000000000000000000000,,1,"-72,5","865,7",Speedwayr-15-32-c2,"5,381204603902829",
2025-07-25T14:04:34.0221000+03:00,A70000000000000000000000,,1,"-61,5","865,7",Speedwayr-15-32-c2,"0,5276893910326605",
2025-07-25T14:04:34.0258700+03:00,A30000000000000000000000,,1,"-64,5","865,7",Speedwayr-15-32-c2,"5,049864753719531",
2025-07-25T14:04:34.0269110+03:00,A20000000000000000000000,,1,"-62,5","865,7",Speedwayr-15-32-c2,"2,7120780329818137",
2025-07-25T14:04:34.0287880+03:00,A40000000000000000000000,,1,-63,"865,7",Speedwayr-15-32-c2,"3,5956509668039427",
2025-07-25T14:04:34.0306990+03:00,A60000000000000000000000,,1,-62,"865,7",Speedwayr-15-32-c2,"4,908738521234052",
2025-07-25T14:04:34.0358260+03:00,A80000000000000000000000,,1,"-70,5","865,7",Speedwayr-15-32-c2,"5,3627968344482015",
2025-07-25T14:04:34.0494440+03:00,A20000000000000000000000,,1,"-62,5","865,7",Speedwayr-15-32-c2,"2,718213956133356",
2025-07-25T14:04:34.0512700+03:00,A60000000000000000000000,,1,"-63,5","865,7",Speedwayr-15-32-c2,"4,933282213840222",
2025-07-25T14:04:34.0539360+03:00,A40000000000000000000000,,1,-65,"865,7",Speedwayr-15-32-c2,"3,9208548938356986",
2025-07-25T14:04:34.0595930+03:00,A30000000000000000000000,,1,"-61,5","865,7",Speedwayr-15-32-c2,"5,123495831538041",
2025-07-25T14:04:34.0606210+03:00,A70000000000000000000000,,1,"-63,5","865,7",Speedwayr-15-32-c2,"0,3190680038802134",
2025-07-25T14:04:34.0634600+03:00,A80000000000000000000000,,1,-72,"865,7",Speedwayr-15-32-c2,"5,037592907416445",
2025-07-25T14:04:34.0761690+03:00,A30000000000000000000000,,1,-64,"865,7",Speedwayr-15-32-c2,"5,105088062083414",
2025-07-25T14:04:34.0789210+03:00,A60000000000000000000000,,1,-63,"865,7",Speedwayr-15-32-c2,"4,614214209960009",
2025-07-25T14:04:34.0799610+03:00,A70000000000000000000000,,1,"-63,5","865,7",Speedwayr-15-32-c2,"0,4295146206079795",
2025-07-25T14:04:34.0821570+03:00,A20000000000000000000000,,1,"-63,5","865,7",Speedwayr-15-32-c2,"2,705942109830271",
2025-07-25T14:04:34.0832490+03:00,A40000000000000000000000,,1,-65,"865,7",Speedwayr-15-32-c2,"3,9269908169872414",
2025-07-25T14:04:34.0867970+03:00,A80000000000000000000000,,1,"-68,5","865,7",Speedwayr-15-32-c2,"5,289165756629691",
2025-07-25T14:04:34.1008290+03:00,A30000000000000000000000,,1,"-64,5","865,7",Speedwayr-15-32-c2,"5,148039524144211",
2025-07-25T14:04:34.1027910+03:00,A70000000000000000000000,,1,"-62,5","865,7",Speedwayr-15-32-c2,"0,30066023442558565",
2025-07-25T14:04:34.1043030+03:00,A20000000000000000000000,,1,"-62,5","865,7",Speedwayr-15-32-c2,"2,748893571891069",
2025-07-25T14:04:34.1056760+03:00,A60000000000000000000000,,1,"-63,5","865,7",Speedwayr-15-32-c2,"4,755340442445488",
2025-07-25T14:04:34.1083920+03:00,A40000000000000000000000,,1,"-64,5","865,7",Speedwayr-15-32-c2,"3,9515345095934116",
2025-07-25T14:04:34.1390740+03:00,A80000000000000000000000,,1,-72,"865,7",Speedwayr-15-32-c2,"4,997709406931419",
2025-07-25T14:04:34.1460730+03:00,A20000000000000000000000,,1,-64,"865,7",Speedwayr-15-32-c2,"2,84706834231575",
2025-07-25T14:04:34.1490480+03:00,A40000000000000000000000,,1,-64,"865,7",Speedwayr-15-32-c2,"3,785864584501762",
2025-07-25T14:04:34.1500910+03:00,A30000000000000000000000,,1,-64,"865,7",Speedwayr-15-32-c2,"5,154175447295755",
2025-07-25T14:04:34.1519590+03:00,A60000000000000000000000,,1,"-63,5","865,7",Speedwayr-15-32-c2,"4,540583132141498",
2025-07-25T14:04:34.1532840+03:00,A70000000000000000000000,,1,-64,"865,7",Speedwayr-15-32-c2,"0,2270291566070749",
2025-07-25T14:04:34.1703940+03:00,A20000000000000000000000,,1,"-64,5","865,7",Speedwayr-15-32-c2,"2,761165418194154",
2025-07-25T14:04:34.1745500+03:00,A40000000000000000000000,,1,"-65,5","865,7",Speedwayr-15-32-c2,"3,9638063558964967",
2025-07-25T14:04:34.1756490+03:00,A30000000000000000000000,,1,"-64,5","865,7",Speedwayr-15-32-c2,"5,086680292628786",
2025-07-25T14:04:34.1769610+03:00,A70000000000000000000000,,1,"-62,5","865,7",Speedwayr-15-32-c2,"0,22089323345553233",
2025-07-25T14:04:34.1783290+03:00,A60000000000000000000000,,1,-63,"865,7",Speedwayr-15-32-c2,"4,792155981354743",
2025-07-25T14:04:34.2088370+03:00,A70000000000000000000000,,1,-63,"865,7",Speedwayr-15-32-c2,"0,1902136176978195",
2025-07-25T14:04:34.2127310+03:00,A60000000000000000000000,,1,-63,"865,7",Speedwayr-15-32-c2,"4,601942363656923",
2025-07-25T14:04:34.2140580+03:00,A40000000000000000000000,,1,"-65,5","865,7",Speedwayr-15-32-c2,"3,9147189706841563",
2025-07-25T14:04:34.2156060+03:00,A30000000000000000000000,,1,"-63,5","865,7",Speedwayr-15-32-c2,"5,4671075280244255",
2025-07-25T14:04:34.2172880+03:00,A20000000000000000000000,,1,-66,"865,7",Speedwayr-15-32-c2,"2,3623304133438876",
2025-07-25T14:04:34.2366430+03:00,A30000000000000000000000,,1,-63,"865,7",Speedwayr-15-32-c2,"5,240078371417351",
2025-07-25T14:04:34.2397430+03:00,A40000000000000000000000,,1,"-63,5","865,7",Speedwayr-15-32-c2,"4,049709280018092",
2025-07-25T14:04:34.2410640+03:00,A70000000000000000000000,,1,-64,"865,7",Speedwayr-15-32-c2,"0,25770877236478773",
2025-07-25T14:04:34.2422350+03:00,A60000000000000000000000,,1,-62,"865,7",Speedwayr-15-32-c2,"4,822835597112456",
2025-07-25T14:04:34.2441600+03:00,A20000000000000000000000,,1,-67,"865,7",Speedwayr-15-32-c2,"2,6998061866787286",
2025-07-25T14:04:34.2564420+03:00,A80000000000000000000000,,1,-73,"865,7",Speedwayr-15-32-c2,"2,0586022173425302",
2025-07-25T14:04:34.2614670+03:00,A60000000000000000000000,,1,"-63,5","865,7",Speedwayr-15-32-c2,"4,841243366567084",
2025-07-25T14:04:34.2652550+03:00,A70000000000000000000000,,1,"-62,5","865,7",Speedwayr-15-32-c2,"0,5706408530934585",
2025-07-25T14:04:34.2672340+03:00,A20000000000000000000000,,1,"-66,5","865,7",Speedwayr-15-32-c2,"2,859340188618835",
2025-07-25T14:04:34.2688190+03:00,A40000000000000000000000,,1,-65,"865,7",Speedwayr-15-32-c2,"4,025165587411922",
2025-07-25T14:04:34.2698870+03:00,A30000000000000000000000,,1,"-61,5","865,7",Speedwayr-15-32-c2,"5,546874528994478",
2025-07-25T14:04:34.2726880+03:00,A80000000000000000000000,,1,"-72,5","865,7",Speedwayr-15-32-c2,"5,405748296509",
2025-07-25T14:04:34.2849730+03:00,A20000000000000000000000,,1,"-67,5","865,7",Speedwayr-15-32-c2,"2,7857091108003242",
2025-07-25T14:04:34.2874560+03:00,A60000000000000000000000,,1,-65,"865,7",Speedwayr-15-32-c2,"4,933282213840222",
2025-07-25T14:04:34.2905610+03:00,A70000000000000000000000,,1,-64,"865,7",Speedwayr-15-32-c2,"0,4970097752749477",
2025-07-25T14:04:34.2916440+03:00,A30000000000000000000000,,1,-64,"865,7",Speedwayr-15-32-c2,"5,626641529964532",
2025-07-25T14:04:34.2944370+03:00,A40000000000000000000000,,1,"-63,5","865,7",Speedwayr-15-32-c2,"4,104932588381976",
2025-07-25T14:04:34.3069560+03:00,A80000000000000000000000,,1,"-70,5","865,7",Speedwayr-15-32-c2,"2,325514874434632",
2025-07-25T14:04:34.3110100+03:00,A30000000000000000000000,,1,"-63,5","865,7",Speedwayr-15-32-c2,"5,559146375297564",
2025-07-25T14:04:34.3124360+03:00,A60000000000000000000000,,1,"-64,5","865,7",Speedwayr-15-32-c2,"4,994641445355648",
2025-07-25T14:04:34.3151850+03:00,A20000000000000000000000,,1,-67,"865,7",Speedwayr-15-32-c2,"3,018874190558942",
2025-07-25T14:04:34.3200910+03:00,A70000000000000000000000,,1,-63,"865,7",Speedwayr-15-32-c2,"0,3129320807286708",
2025-07-25T14:04:34.3212030+03:00,A40000000000000000000000,,1,"-65,5","865,7",Speedwayr-15-32-c2,"4,0987966652304335",
2025-07-25T14:04:34.3342540+03:00,A20000000000000000000000,,1,"-69,5","865,7",Speedwayr-15-32-c2,"3,3195344249845276",
2025-07-25T14:04:34.3354800+03:00,A60000000000000000000000,,1,-64,"865,7",Speedwayr-15-32-c2,"5,086680292628786",
2025-07-25T14:04:34.3384770+03:00,A70000000000000000000000,,1,-64,"865,7",Speedwayr-15-32-c2,"0,5276893910326605",
2025-07-25T14:04:34.3410630+03:00,A30000000000000000000000,,1,"-62,5","865,7",Speedwayr-15-32-c2,"5,583690067903734",
2025-07-25T14:04:34.3430480+03:00,A40000000000000000000000,,1,-66,"865,7",Speedwayr-15-32-c2,"4,0558452031696355",
2025-07-25T14:04:34.3538450+03:00,A80000000000000000000000,,1,-70,"865,7",Speedwayr-15-32-c2,"5,620505606812989",
2025-07-25T14:04:34.3670280+03:00,A60000000000000000000000,,1,-65,"865,7",Speedwayr-15-32-c2,"5,062136600022616",
2025-07-25T14:04:34.3703500+03:00,A70000000000000000000000,,1,-63,"865,7",Speedwayr-15-32-c2,"0,28838838812250056",
2025-07-25T14:04:34.3732570+03:00,A20000000000000000000000,,1,-69,"865,7",Speedwayr-15-32-c2,"3,000466421104314",
2025-07-25T14:04:34.3743100+03:00,A40000000000000000000000,,1,-66,"865,7",Speedwayr-15-32-c2,"4,006757817957295",
2025-07-25T14:04:34.3753930+03:00,A30000000000000000000000,,1,"-63,5","865,7",Speedwayr-15-32-c2,"5,64504929941916",
2025-07-25T14:04:34.3918290+03:00,A80000000000000000000000,,1,"-72,5","865,7",Speedwayr-15-32-c2,"5,672660953601101",
2025-07-25T14:04:34.3967270+03:00,A60000000000000000000000,,1,-61,"865,7",Speedwayr-15-32-c2,"5,1725832167503825",
2025-07-25T14:04:34.3982640+03:00,A70000000000000000000000,,1,-61,"865,7",Speedwayr-15-32-c2,"0,5829126993965437",
2025-07-25T14:04:34.4010850+03:00,A40000000000000000000000,,1,-66,"865,7",Speedwayr-15-32-c2,"4,074252972624263",
2025-07-25T14:04:34.4030680+03:00,A30000000000000000000000,,1,"-63,5","865,7",Speedwayr-15-32-c2,"5,583690067903734",
2025-07-25T14:04:34.4044080+03:00,A20000000000000000000000,,1,-68,"865,7",Speedwayr-15-32-c2,"3,380893656499953",
2025-07-25T14:04:34.4056790+03:00,A80000000000000000000000,,1,-72,"865,7",Speedwayr-15-32-c2,"5,436427912266712",
2025-07-25T14:04:34.4186930+03:00,A30000000000000000000000,,1,"-61,5","865,7",Speedwayr-15-32-c2,"5,595961914206819",
2025-07-25T14:04:34.4206800+03:00,A60000000000000000000000,,1,-63,"865,7",Speedwayr-15-32-c2,"5,184855063053467",
2025-07-25T14:04:34.4240840+03:00,A80000000000000000000000,,1,-71,"865,7",Speedwayr-15-32-c2,"5,381204603902829",
2025-07-25T14:04:34.4251370+03:00,A40000000000000000000000,,1,-66,"865,7",Speedwayr-15-32-c2,"3,877903431774901",
2025-07-25T14:04:34.4264710+03:00,A70000000000000000000000,,1,-63,"865,7",Speedwayr-15-32-c2,"0,6504078540635119",
2025-07-25T14:04:34.4324870+03:00,A20000000000000000000000,,1,"-68,5","865,7",Speedwayr-15-32-c2,"3,2520392703175593",
2025-07-25T14:04:34.4469180+03:00,A30000000000000000000000,,1,-64,"865,7",Speedwayr-15-32-c2,"5,6143696836614465",
2025-07-25T14:04:34.4521310+03:00,A60000000000000000000000,,1,"-63,5","865,7",Speedwayr-15-32-c2,"5,289165756629691",
2025-07-25T14:04:34.4544930+03:00,A70000000000000000000000,,1,-64,"865,7",Speedwayr-15-32-c2,"0,5460971604872883",
2025-07-25T14:04:34.4556240+03:00,A20000000000000000000000,,1,-69,"865,7",Speedwayr-15-32-c2,"3,3624858870453256",
2025-07-25T14:04:34.4567720+03:00,A40000000000000000000000,,1,"-61,5","865,7",Speedwayr-15-32-c2,"4,074252972624263",
2025-07-25T14:04:34.4652680+03:00,A80000000000000000000000,,1,-70,"865,7",Speedwayr-15-32-c2,"5,546874528994478",
2025-07-25T14:04:34.4786950+03:00,A30000000000000000000000,,1,-63,"865,7",Speedwayr-15-32-c2,"5,602097837358362",
2025-07-25T14:04:34.4806370+03:00,A40000000000000000000000,,1,"-65,5","865,7",Speedwayr-15-32-c2,"3,933126740138784",
2025-07-25T14:04:34.4822280+03:00,A60000000000000000000000,,1,-64,"865,7",Speedwayr-15-32-c2,"5,344389064993574",
2025-07-25T14:04:34.4833010+03:00,A70000000000000000000000,,1,"-63,5","865,7",Speedwayr-15-32-c2,"0,6135923151542565",
2025-07-25T14:04:34.4873620+03:00,A20000000000000000000000,,1,"-67,5","865,7",Speedwayr-15-32-c2,"3,3072625786814425",
2025-07-25T14:04:34.5156400+03:00,A80000000000000000000000,,1,"-72,5","865,7",Speedwayr-15-32-c2,"5,635845414691846",
2025-07-25T14:04:34.5198110+03:00,A20000000000000000000000,,1,-67,"865,7",Speedwayr-15-32-c2,"3,2397674240144743",
2025-07-25T14:04:34.5216850+03:00,A70000000000000000000000,,1,-64,"865,7",Speedwayr-15-32-c2,"0,5951845456996288",
2025-07-25T14:04:34.5236390+03:00,A30000000000000000000000,,1,-64,"865,7",Speedwayr-15-32-c2,"5,485515297479052",
2025-07-25T14:04:34.5267190+03:00,A60000000000000000000000,,1,-62,"865,7",Speedwayr-15-32-c2,"5,3627968344482015",
2025-07-25T14:04:34.5289180+03:00,A40000000000000000000000,,1,-65,"865,7",Speedwayr-15-32-c2,"4,080388895775806",
2025-07-25T14:04:34.5459760+03:00,A60000000000000000000000,,1,"-64,5","865,7",Speedwayr-15-32-c2,"5,491651220630596",
2025-07-25T14:04:34.5481690+03:00,A40000000000000000000000,,1,-66,"865,7",Speedwayr-15-32-c2,"4,215379205109742",
2025-07-25T14:04:34.5496930+03:00,A30000000000000000000000,,1,"-64,5","865,7",Speedwayr-15-32-c2,"5,595961914206819",
2025-07-25T14:04:34.5518430+03:00,A20000000000000000000000,,1,"-66,5","865,7",Speedwayr-15-32-c2,"3,2029518851052186",
2025-07-25T14:04:34.5538250+03:00,A70000000000000000000000,,1,-64,"865,7",Speedwayr-15-32-c2,"0,6933593161243098",
2025-07-25T14:04:34.5627170+03:00,A80000000000000000000000,,1,-71,"865,7",Speedwayr-15-32-c2,"2,672194532496787",
2025-07-25T14:04:34.5708330+03:00,A60000000000000000000000,,1,"-63,5","865,7",Speedwayr-15-32-c2,"5,368932757599744",
2025-07-25T14:04:34.5756880+03:00,A70000000000000000000000,,1,"-62,5","865,7",Speedwayr-15-32-c2,"0,7363107781851077",
2025-07-25T14:04:34.5791160+03:00,A40000000000000000000000,,1,-66,"865,7",Speedwayr-15-32-c2,"4,000621894805752",
2025-07-25T14:04:34.5814740+03:00,A20000000000000000000000,,1,"-65,5","865,7",Speedwayr-15-32-c2,"2,9697868053466014",
2025-07-25T14:04:34.5829350+03:00,A80000000000000000000000,,1,"-69,5","865,7",Speedwayr-15-32-c2,"5,608233760509904",
2025-07-25T14:04:34.5963880+03:00,A20000000000000000000000,,1,-64,"865,7",Speedwayr-15-32-c2,"2,662990647769473",
2025-07-25T14:04:34.5985960+03:00,A70000000000000000000000,,1,-63,"865,7",Speedwayr-15-32-c2,"1,0983302441261191",
2025-07-25T14:04:34.6009580+03:00,A60000000000000000000000,,1,-64,"865,7",Speedwayr-15-32-c2,"5,534602682691394",
2025-07-25T14:04:34.6030800+03:00,A30000000000000000000000,,1,"-64,5","865,7",Speedwayr-15-32-c2,"5,497787143782138",
2025-07-25T14:04:34.6259230+03:00,A60000000000000000000000,,1,"-63,5","865,7",Speedwayr-15-32-c2,"5,522330836388308",
2025-07-25T14:04:34.6292120+03:00,A70000000000000000000000,,1,-64,"865,7",Speedwayr-15-32-c2,"0,6688156235181395",
2025-07-25T14:04:34.6302680+03:00,A30000000000000000000000,,1,-65,"865,7",Speedwayr-15-32-c2,"5,3627968344482015",
2025-07-25T14:04:34.6318500+03:00,A40000000000000000000000,,1,-65,"865,7",Speedwayr-15-32-c2,"4,04357335686655",
2025-07-25T14:04:34.6337420+03:00,A20000000000000000000000,,1,"-64,5","865,7",Speedwayr-15-32-c2,"2,9329712664373457",
2025-07-25T14:04:34.6647530+03:00,A80000000000000000000000,,1,-72,"865,7",Speedwayr-15-32-c2,"5,838330878692751",
2025-07-25T14:04:34.6710940+03:00,A60000000000000000000000,,1,-64,"865,7",Speedwayr-15-32-c2,"5,939573610693203",
2025-07-25T14:04:34.6729150+03:00,A70000000000000000000000,,1,-64,"865,7",Speedwayr-15-32-c2,"0,8099418560036186",
2025-07-25T14:04:34.6740080+03:00,A40000000000000000000000,,1,-65,"865,7",Speedwayr-15-32-c2,"4,086524818927348",
2025-07-25T14:04:34.6750810+03:00,A20000000000000000000000,,1,-64,"865,7",Speedwayr-15-32-c2,"2,7979809571034093",
2025-07-25T14:04:34.6761640+03:00,A30000000000000000000000,,1,"-64,5","865,7",Speedwayr-15-32-c2,"5,418020142812084",
2025-07-25T14:04:34.6943160+03:00,A80000000000000000000000,,1,"-72,5","865,7",Speedwayr-15-32-c2,"5,730952223540755",
2025-07-25T14:04:34.6992190+03:00,A30000000000000000000000,,1,-64,"865,7",Speedwayr-15-32-c2,"5,2339424482658075",
2025-07-25T14:04:34.7019380+03:00,A60000000000000000000000,,1,-64,"865,7",Speedwayr-15-32-c2,"5,681864838328415",
2025-07-25T14:04:34.7038930+03:00,A70000000000000000000000,,1,-64,"865,7",Speedwayr-15-32-c2,"0,8713010875190442",
2025-07-25T14:04:34.7060940+03:00,A20000000000000000000000,,1,"-63,5","865,7",Speedwayr-15-32-c2,"2,9084275738311756",
2025-07-25T14:04:34.7091740+03:00,A40000000000000000000000,,1,-64,"865,7",Speedwayr-15-32-c2,"3,9638063558964967",
2025-07-25T14:04:34.7254400+03:00,A80000000000000000000000,,1,-72,"865,7",Speedwayr-15-32-c2,"2,7212819177091276",
2025-07-25T14:04:34.7311640+03:00,A20000000000000000000000,,1,-64,"865,7",Speedwayr-15-32-c2,"2,478912953223196",
2025-07-25T14:04:34.7323430+03:00,A70000000000000000000000,,1,-64,"865,7",Speedwayr-15-32-c2,"0,7792622402459057",
2025-07-25T14:04:34.7347300+03:00,A80000000000000000000000,,1,"-70,5","865,7",Speedwayr-15-32-c2,"5,780039608753096",
2025-07-25T14:04:34.7357940+03:00,A40000000000000000000000,,1,-66,"865,7",Speedwayr-15-32-c2,"4,037437433715008",
2025-07-25T14:04:34.7478050+03:00,A60000000000000000000000,,1,"-64,5","865,7",Speedwayr-15-32-c2,"5,485515297479052",
2025-07-25T14:04:34.7509020+03:00,A30000000000000000000000,,1,-64,"865,7",Speedwayr-15-32-c2,"2,162912910918754",
2025-07-25T14:04:34.7603680+03:00,A20000000000000000000000,,1,"-63,5","865,7",Speedwayr-15-32-c2,"2,7979809571034093",
2025-07-25T14:04:34.7623390+03:00,A40000000000000000000000,,1,"-65,5","865,7",Speedwayr-15-32-c2,"3,9638063558964967",
2025-07-25T14:04:34.7634770+03:00,A60000000000000000000000,,1,-64,"865,7",Speedwayr-15-32-c2,"5,491651220630596",
2025-07-25T14:04:34.7646330+03:00,A70000000000000000000000,,1,"-63,5","865,7",Speedwayr-15-32-c2,"0,7731263170943632",
2025-07-25T14:04:34.7658150+03:00,A30000000000000000000000,,1,"-64,5","865,7",Speedwayr-15-32-c2,"5,289165756629691",
2025-07-25T14:04:34.7860700+03:00,A80000000000000000000000,,1,-72,"865,7",Speedwayr-15-32-c2,"5,801515339783495",
2025-07-25T14:04:34.7940600+03:00,A40000000000000000000000,,1,-65,"865,7",Speedwayr-15-32-c2,"3,9760782021995817",
2025-07-25T14:04:34.8001830+03:00,A30000000000000000000000,,1,"-63,5","865,7",Speedwayr-15-32-c2,"5,190990986205009",
2025-07-25T14:04:34.8018810+03:00,A70000000000000000000000,,1,-62,"865,7",Speedwayr-15-32-c2,"0,8713010875190442",
2025-07-25T14:04:34.8120340+03:00,A20000000000000000000000,,1,"-64,5","865,7",Speedwayr-15-32-c2,"5,930369725965889",
2025-07-25T14:04:34.8144030+03:00,A60000000000000000000000,,1,-65,"865,7",Speedwayr-15-32-c2,"2,3623304133438876",
2025-07-25T14:04:34.8204030+03:00,A40000000000000000000000,,1,-64,"865,7",Speedwayr-15-32-c2,"3,9208548938356986",
2025-07-25T14:04:34.8221110+03:00,A70000000000000000000000,,1,"-63,5","865,7",Speedwayr-15-32-c2,"0,803805932852076",
2025-07-25T14:04:34.8258000+03:00,A80000000000000000000000,,1,"-71,5","865,7",Speedwayr-15-32-c2,"5,927301764390117",
2025-07-25T14:04:34.8269420+03:00,A60000000000000000000000,,1,"-64,5","865,7",Speedwayr-15-32-c2,"5,399612373357457",
2025-07-25T14:04:34.8293730+03:00,A30000000000000000000000,,1,-64,"865,7",Speedwayr-15-32-c2,"5,270757987175063",
2025-07-25T14:04:34.8304310+03:00,A20000000000000000000000,,1,-64,"865,7",Speedwayr-15-32-c2,"2,736621725587984",
2025-07-25T14:04:34.8451740+03:00,A30000000000000000000000,,1,"-63,5","865,7",Speedwayr-15-32-c2,"5,160311370447297",
2025-07-25T14:04:34.8492390+03:00,A70000000000000000000000,,1,"-62,5","865,7",Speedwayr-15-32-c2,"0,6872233929727672",
2025-07-25T14:04:34.8510330+03:00,A20000000000000000000000,,1,-63,"865,7",Speedwayr-15-32-c2,"2,84706834231575",
2025-07-25T14:04:34.8534940+03:00,A60000000000000000000000,,1,-64,"865,7",Speedwayr-15-32-c2,"5,460971604872882",
2025-07-25T14:04:34.8549370+03:00,A40000000000000000000000,,1,"-65,5","865,7",Speedwayr-15-32-c2,"3,7551849687440497",
2025-07-25T14:04:34.8642320+03:00,A80000000000000000000000,,1,"-71,5","865,7",Speedwayr-15-32-c2,"5,927301764390117",
2025-07-25T14:04:34.8806180+03:00,A30000000000000000000000,,1,"-63,5","865,7",Speedwayr-15-32-c2,"5,197126909356553",
2025-07-25T14:04:34.8817150+03:00,A40000000000000000000000,,1,-65,"865,7",Speedwayr-15-32-c2,"3,902447124381071",
2025-07-25T14:04:34.8834230+03:00,A70000000000000000000000,,1,"-63,5","865,7",Speedwayr-15-32-c2,"0,7731263170943632",
2025-07-25T14:04:34.8865450+03:00,A60000000000000000000000,,1,"-62,5","865,7",Speedwayr-15-32-c2,"5,473243451175968",
2025-07-25T14:04:34.8876820+03:00,A20000000000000000000000,,1,-64,"865,7",Speedwayr-15-32-c2,"2,5893595699509624",
2025-07-25T14:04:34.8949850+03:00,A80000000000000000000000,,1,-71,"865,7",Speedwayr-15-32-c2,"5,681864838328415",
2025-07-25T14:04:34.9090780+03:00,A40000000000000000000000,,1,-65,"865,7",Speedwayr-15-32-c2,"3,810408277107933",
2025-07-25T14:04:34.9117950+03:00,A20000000000000000000000,,1,-64,"865,7",Speedwayr-15-32-c2,"2,564815877344792",
2025-07-25T14:04:34.9132770+03:00,A30000000000000000000000,,1,"-62,5","865,7",Speedwayr-15-32-c2,"5,117359908386499",
2025-07-25T14:04:34.9143470+03:00,A70000000000000000000000,,1,"-63,5","865,7",Speedwayr-15-32-c2,"0,7792622402459057",
2025-07-25T14:04:34.9158460+03:00,A60000000000000000000000,,1,-64,"865,7",Speedwayr-15-32-c2,"5,356660911296659",
2025-07-25T14:04:34.9433950+03:00,A80000000000000000000000,,1,-72,"865,7",Speedwayr-15-32-c2,"5,948777495420517",
2025-07-25T14:04:34.9491950+03:00,A30000000000000000000000,,1,"-61,5","865,7",Speedwayr-15-32-c2,"5,246214294568893",
2025-07-25T14:04:34.9516320+03:00,A60000000000000000000000,,1,-64,"865,7",Speedwayr-15-32-c2,"5,43029198911517",
2025-07-25T14:04:34.9535970+03:00,A40000000000000000000000,,1,"-65,5","865,7",Speedwayr-15-32-c2,"3,7122335066832517",
2025-07-25T14:04:34.9553080+03:00,A70000000000000000000000,,1,-63,"865,7",Speedwayr-15-32-c2,"0,760854470791278",
2025-07-25T14:04:34.9631440+03:00,A80000000000000000000000,,1,"-69,5","865,7",Speedwayr-15-32-c2,"6,1420590746941075",
2025-07-25T14:04:34.9765090+03:00,A20000000000000000000000,,1,"-64,5","865,7",Speedwayr-15-32-c2,"2,9636508821950587",
2025-07-25T14:04:34.9786780+03:00,A30000000000000000000000,,1,"-63,5","865,7",Speedwayr-15-32-c2,"5,252350217720435",
2025-07-25T14:04:34.9805740+03:00,A70000000000000000000000,,1,"-63,5","865,7",Speedwayr-15-32-c2,"1,0615147052168636",
2025-07-25T14:04:34.9825920+03:00,A60000000000000000000000,,1,"-64,5","865,7",Speedwayr-15-32-c2,"5,4671075280244255",
2025-07-25T14:04:34.9836740+03:00,A40000000000000000000000,,1,-63,"865,7",Speedwayr-15-32-c2,"3,730641276137879",
2025-07-25T14:04:35.0140860+03:00,A40000000000000000000000,,1,"-64,5","865,7",Speedwayr-15-32-c2,"3,663146121470911",
2025-07-25T14:04:35.0159940+03:00,A30000000000000000000000,,1,"-63,5","865,7",Speedwayr-15-32-c2,"5,141903600992669",
2025-07-25T14:04:35.0177910+03:00,A20000000000000000000000,,1,"-65,5","865,7",Speedwayr-15-32-c2,"2,5464081078901644",
2025-07-25T14:04:35.0200150+03:00,A70000000000000000000000,,1,"-63,5","865,7",Speedwayr-15-32-c2,"1,1596894756415448",
2025-07-25T14:04:35.0229240+03:00,A60000000000000000000000,,1,-64,"865,7",Speedwayr-15-32-c2,"5,387340527054372",
2025-07-25T14:04:35.0249970+03:00,A80000000000000000000000,,1,"-72,5","865,7",Speedwayr-15-32-c2,"5,957981380147831",
2025-07-25T14:04:35.0419750+03:00,A20000000000000000000000,,1,"-65,5","865,7",Speedwayr-15-32-c2,"2,4175537217077703",
2025-07-25T14:04:35.0441910+03:00,A70000000000000000000000,,1,"-64,5","865,7",Speedwayr-15-32-c2,"0,859029241215959",
2025-07-25T14:04:35.0456310+03:00,A30000000000000000000000,,1,"-62,5","865,7",Speedwayr-15-32-c2,"5,160311370447297",
2025-07-25T14:04:35.0467320+03:00,A60000000000000000000000,,1,-61,"865,7",Speedwayr-15-32-c2,"5,872078456026235",
2025-07-25T14:04:35.0492520+03:00,A40000000000000000000000,,1,-63,"865,7",Speedwayr-15-32-c2,"3,5833791205008576",
2025-07-25T14:04:35.0551620+03:00,A80000000000000000000000,,1,-69,"865,7",Speedwayr-15-32-c2,"6,2463697682703305",
2025-07-25T14:04:35.0702040+03:00,A20000000000000000000000,,1,-66,"865,7",Speedwayr-15-32-c2,"2,662990647769473",
2025-07-25T14:04:35.0736510+03:00,A40000000000000000000000,,1,-65,"865,7",Speedwayr-15-32-c2,"3,6754179677739964",
2025-07-25T14:04:35.0747630+03:00,A60000000000000000000000,,1,-64,"865,7",Speedwayr-15-32-c2,"5,448699758569798",
2025-07-25T14:04:35.0766920+03:00,A70000000000000000000000,,1,"-63,5","865,7",Speedwayr-15-32-c2,"0,9756117810952678",
2025-07-25T14:04:35.0789140+03:00,A30000000000000000000000,,1,-63,"865,7",Speedwayr-15-32-c2,"5,105088062083414",
2025-07-25T14:04:35.0828110+03:00,A80000000000000000000000,,1,-69,"865,7",Speedwayr-15-32-c2,"5,724816300389213",
2025-07-25T14:04:35.0973670+03:00,A40000000000000000000000,,1,-65,"865,7",Speedwayr-15-32-c2,"3,693825737228624",
2025-07-25T14:04:35.0998090+03:00,A70000000000000000000000,,1,"-63,5","865,7",Speedwayr-15-32-c2,"0,9081166264282996",
2025-07-25T14:04:35.1028310+03:00,A30000000000000000000000,,1,"-63,5","865,7",Speedwayr-15-32-c2,"5,019185137961818",
2025-07-25T14:04:35.1039150+03:00,A20000000000000000000000,,1,-66,"865,7",Speedwayr-15-32-c2,"2,5280003384355365",
2025-07-25T14:04:35.1050560+03:00,A60000000000000000000000,,1,-64,"865,7",Speedwayr-15-32-c2,"5,565282298449106",
2025-07-25T14:04:35.1175870+03:00,A30000000000000000000000,,1,-63,"865,7",Speedwayr-15-32-c2,"4,994641445355648",
2025-07-25T14:04:35.1212250+03:00,A60000000000000000000000,,1,"-64,5","865,7",Speedwayr-15-32-c2,"5,442563835418255",
2025-07-25T14:04:35.1231210+03:00,A70000000000000000000000,,1,-64,"865,7",Speedwayr-15-32-c2,"0,8160777791551611",
2025-07-25T14:04:35.1243890+03:00,A40000000000000000000000,,1,-65,"865,7",Speedwayr-15-32-c2,"3,5956509668039427",
2025-07-25T14:04:35.1303690+03:00,A20000000000000000000000,,1,"-64,5","865,7",Speedwayr-15-32-c2,"2,478912953223196",
2025-07-25T14:04:35.1450470+03:00,A80000000000000000000000,,1,"-72,5","865,7",Speedwayr-15-32-c2,"5,878214379177777",
2025-07-25T14:04:35.1502650+03:00,A60000000000000000000000,,1,-64,"865,7",Speedwayr-15-32-c2,"5,3198453723874035",
2025-07-25T14:04:35.1527350+03:00,A30000000000000000000000,,1,"-63,5","865,7",Speedwayr-15-32-c2,"4,994641445355648",
2025-07-25T14:04:35.1538220+03:00,A80000000000000000000000,,1,"-71,5","865,7",Speedwayr-15-32-c2,"5,921165841238575",
2025-07-25T14:04:35.1559730+03:00,A40000000000000000000000,,1,-65,"865,7",Speedwayr-15-32-c2,"3,5895150436524004",
2025-07-25T14:04:35.1582310+03:00,A70000000000000000000000,,1,"-63,5","865,7",Speedwayr-15-32-c2,"0,8713010875190442",
2025-07-25T14:04:35.1593390+03:00,A20000000000000000000000,,1,"-64,5","865,7",Speedwayr-15-32-c2,"2,4175537217077703",
2025-07-25T14:04:35.1721460+03:00,A20000000000000000000000,,1,"-66,5","865,7",Speedwayr-15-32-c2,"2,399145952253143",
2025-07-25T14:04:35.1734830+03:00,A60000000000000000000000,,1,"-63,5","865,7",Speedwayr-15-32-c2,"5,491651220630596",
2025-07-25T14:04:35.1750490+03:00,A40000000000000000000000,,1,"-65,5","865,7",Speedwayr-15-32-c2,"3,6263305825616556",
2025-07-25T14:04:35.1774560+03:00,A30000000000000000000000,,1,-63,"865,7",Speedwayr-15-32-c2,"4,95168998329485",
2025-07-25T14:04:35.1810490+03:00,A70000000000000000000000,,1,"-63,5","865,7",Speedwayr-15-32-c2,"0,7853981633974483",
2025-07-25T14:04:35.1936190+03:00,A80000000000000000000000,,1,-72,"865,7",Speedwayr-15-32-c2,"2,794912995527638",
2025-07-25T14:04:35.2036900+03:00,A30000000000000000000000,,1,"-63,5","865,7",Speedwayr-15-32-c2,"5,013049214810275",
2025-07-25T14:04:35.2048580+03:00,A70000000000000000000000,,1,"-62,5","865,7",Speedwayr-15-32-c2,"0,859029241215959",
2025-07-25T14:04:35.2078320+03:00,A20000000000000000000000,,1,"-62,5","865,7",Speedwayr-15-32-c2,"2,6200391857086753",
2025-07-25T14:04:35.2098510+03:00,A60000000000000000000000,,1,-62,"865,7",Speedwayr-15-32-c2,"5,50392306693368",
2025-07-25T14:04:35.2124650+03:00,A40000000000000000000000,,1,-65,"865,7",Speedwayr-15-32-c2,"3,454524734318464",
2025-07-25T14:04:35.2337700+03:00,A80000000000000000000000,,1,-72,"865,7",Speedwayr-15-32-c2,"2,7765052260730103",
2025-07-25T14:04:35.2397040+03:00,A40000000000000000000000,,1,-65,"865,7",Speedwayr-15-32-c2,"3,4913402732277192",
2025-07-25T14:04:35.2410420+03:00,A70000000000000000000000,,1,-64,"865,7",Speedwayr-15-32-c2,"0,6810874698212247",
2025-07-25T14:04:35.2449000+03:00,A30000000000000000000000,,1,"-63,5","865,7",Speedwayr-15-32-c2,"5,019185137961818",
2025-07-25T14:04:35.2483770+03:00,A60000000000000000000000,,1,-62,"865,7",Speedwayr-15-32-c2,"5,45483568172134",
2025-07-25T14:04:35.2495920+03:00,A20000000000000000000000,,1,"-64,5","865,7",Speedwayr-15-32-c2,"2,5893595699509624",
2025-07-25T14:04:35.2621970+03:00,A80000000000000000000000,,1,"-70,5","865,7",Speedwayr-15-32-c2,"5,893554187056633",
2025-07-25T14:04:35.2702440+03:00,A20000000000000000000000,,1,-63,"865,7",Speedwayr-15-32-c2,"2,705942109830271",
2025-07-25T14:04:35.2747590+03:00,A70000000000000000000000,,1,-64,"865,7",Speedwayr-15-32-c2,"0,7424467013366504",
2025-07-25T14:04:35.2764080+03:00,A40000000000000000000000,,1,"-64,5","865,7",Speedwayr-15-32-c2,"3,663146121470911",
2025-07-25T14:04:35.2810620+03:00,A30000000000000000000000,,1,-64,"865,7",Speedwayr-15-32-c2,"4,988505522204105",
2025-07-25T14:04:35.2827990+03:00,A60000000000000000000000,,1,"-63,5","865,7",Speedwayr-15-32-c2,"5,4671075280244255",
2025-07-25T14:04:35.2839180+03:00,A80000000000000000000000,,1,"-71,5","865,7",Speedwayr-15-32-c2,"5,792311455056181",
2025-07-25T14:04:35.2973350+03:00,A30000000000000000000000,,1,-63,"865,7",Speedwayr-15-32-c2,"5,473243451175968",
2025-07-25T14:04:35.3035050+03:00,A70000000000000000000000,,1,-63,"865,7",Speedwayr-15-32-c2,"0,7179030087304801",
2025-07-25T14:04:35.3046510+03:00,A60000000000000000000000,,1,"-64,5","865,7",Speedwayr-15-32-c2,"5,546874528994478",
2025-07-25T14:04:35.3062190+03:00,A20000000000000000000000,,1,"-65,5","865,7",Speedwayr-15-32-c2,"2,350058567040802",
2025-07-25T14:04:35.3114200+03:00,A40000000000000000000000,,1,"-65,5","865,7",Speedwayr-15-32-c2,"3,5465635815916023",
2025-07-25T14:04:35.3263160+03:00,A70000000000000000000000,,1,-63,"865,7",Speedwayr-15-32-c2,"0,5460971604872883",
2025-07-25T14:04:35.3310060+03:00,A60000000000000000000000,,1,-63,"865,7",Speedwayr-15-32-c2,"5,387340527054372",
2025-07-25T14:04:35.3330040+03:00,A30000000000000000000000,,1,"-63,5","865,7",Speedwayr-15-32-c2,"5,049864753719531",
2025-07-25T14:04:35.3344570+03:00,A40000000000000000000000,,1,-66,"865,7",Speedwayr-15-32-c2,"3,5956509668039427",
2025-07-25T14:04:35.3362180+03:00,A20000000000000000000000,,1,"-63,5","865,7",Speedwayr-15-32-c2,"2,521864415283994",
2025-07-25T14:04:35.3564710+03:00,A20000000000000000000000,,1,"-63,5","865,7",Speedwayr-15-32-c2,"2,5586799541932495",
2025-07-25T14:04:35.3597170+03:00,A60000000000000000000000,,1,-64,"865,7",Speedwayr-15-32-c2,"5,424156065963627",
2025-07-25T14:04:35.3614940+03:00,A70000000000000000000000,,1,-63,"865,7",Speedwayr-15-32-c2,"0,607456392002714",
2025-07-25T14:04:35.3628930+03:00,A30000000000000000000000,,1,"-62,5","865,7",Speedwayr-15-32-c2,"4,994641445355648",
2025-07-25T14:04:35.3650100+03:00,A40000000000000000000000,,1,-65,"865,7",Speedwayr-15-32-c2,"3,4913402732277192",
2025-07-25T14:04:35.3682370+03:00,A80000000000000000000000,,1,-69,"865,7",Speedwayr-15-32-c2,"6,17273869045182",
2025-07-25T14:04:35.3821160+03:00,A60000000000000000000000,,1,"-63,5","865,7",Speedwayr-15-32-c2,"5,4671075280244255",
2025-07-25T14:04:35.3841230+03:00,A20000000000000000000000,,1,-63,"865,7",Speedwayr-15-32-c2,"2,564815877344792",
2025-07-25T14:04:35.3863340+03:00,A70000000000000000000000,,1,-62,"865,7",Speedwayr-15-32-c2,"0,8958447801252144",
2025-07-25T14:04:35.3883230+03:00,A30000000000000000000000,,1,-62,"865,7",Speedwayr-15-32-c2,"4,798291904506286",
2025-07-25T14:04:35.3927630+03:00,A40000000000000000000000,,1,"-65,5","865,7",Speedwayr-15-32-c2,"3,5158839658338894",
2025-07-25T14:04:35.3954490+03:00,A80000000000000000000000,,1,-72,"865,7",Speedwayr-15-32-c2,"5,681864838328415",
2025-07-25T14:04:35.4111080+03:00,A60000000000000000000000,,1,"-63,5","865,7",Speedwayr-15-32-c2,"5,448699758569798",
2025-07-25T14:04:35.4121490+03:00,A30000000000000000000000,,1,"-63,5","865,7",Speedwayr-15-32-c2,"4,92714629068868",
2025-07-25T14:04:35.4134920+03:00,A70000000000000000000000,,1,"-63,5","865,7",Speedwayr-15-32-c2,"0,5399612373357456",
2025-07-25T14:04:35.4157090+03:00,A20000000000000000000000,,1,-65,"865,7",Speedwayr-15-32-c2,"2,552544031041707",
2025-07-25T14:04:35.4176180+03:00,A40000000000000000000000,,1,"-63,5","865,7",Speedwayr-15-32-c2,"3,423845118560751",
2025-07-25T14:04:35.4318060+03:00,A80000000000000000000000,,1,-66,"865,7",Speedwayr-15-32-c2,"5,9088939949354895",
2025-07-25T14:04:35.4445050+03:00,A40000000000000000000000,,1,"-65,5","865,7",Speedwayr-15-32-c2,"3,472932503773092",
2025-07-25T14:04:35.4463410+03:00,A60000000000000000000000,,1,"-62,5","865,7",Speedwayr-15-32-c2,"5,240078371417351",
2025-07-25T14:04:35.4485250+03:00,A70000000000000000000000,,1,"-63,5","865,7",Speedwayr-15-32-c2,"0,5706408530934585",
2025-07-25T14:04:35.4496110+03:00,A30000000000000000000000,,1,"-62,5","865,7",Speedwayr-15-32-c2,"5,080544369477243",
2025-07-25T14:04:35.4533510+03:00,A20000000000000000000000,,1,"-64,5","865,7",Speedwayr-15-32-c2,"2,564815877344792",
2025-07-25T14:04:35.4876800+03:00,A30000000000000000000000,,1,"-63,5","865,7",Speedwayr-15-32-c2,"4,970097752749477",
2025-07-25T14:04:35.4894140+03:00,A60000000000000000000000,,1,-63,"865,7",Speedwayr-15-32-c2,"5,031456984264903",
2025-07-25T14:04:35.4915710+03:00,A20000000000000000000000,,1,"-65,5","865,7",Speedwayr-15-32-c2,"2,5709518004963345",
2025-07-25T14:04:35.4929390+03:00,A70000000000000000000000,,1,-64,"865,7",Speedwayr-15-32-c2,"0,44178646691106466",
2025-07-25T14:04:35.4940690+03:00,A80000000000000000000000,,1,-72,"865,7",Speedwayr-15-32-c2,"5,338253141842031",
2025-07-25T14:04:35.4956760+03:00,A40000000000000000000000,,1,"-65,5","865,7",Speedwayr-15-32-c2,"3,454524734318464",
2025-07-25T14:04:35.5107690+03:00,A40000000000000000000000,,1,-65,"865,7",Speedwayr-15-32-c2,"3,454524734318464",
2025-07-25T14:04:35.5119960+03:00,A30000000000000000000000,,1,-64,"865,7",Speedwayr-15-32-c2,"4,828971520263998",
2025-07-25T14:04:35.5137900+03:00,A70000000000000000000000,,1,"-63,5","865,7",Speedwayr-15-32-c2,"0,5154175447295755",
2025-07-25T14:04:35.5176870+03:00,A20000000000000000000000,,1,-65,"865,7",Speedwayr-15-32-c2,"2,466641106920111",
2025-07-25T14:04:35.5193540+03:00,A60000000000000000000000,,1,"-62,5","865,7",Speedwayr-15-32-c2,"5,2339424482658075",
2025-07-25T14:04:35.5239150+03:00,A80000000000000000000000,,1,-72,"865,7",Speedwayr-15-32-c2,"5,626641529964532",
2025-07-25T14:04:35.5385870+03:00,A70000000000000000000000,,1,-64,"865,7",Speedwayr-15-32-c2,"0,5890486225480862",
2025-07-25T14:04:35.5397530+03:00,A30000000000000000000000,,1,-64,"865,7",Speedwayr-15-32-c2,"4,908738521234052",
2025-07-25T14:04:35.5423170+03:00,A60000000000000000000000,,1,"-63,5","865,7",Speedwayr-15-32-c2,"5,325981295538946",
2025-07-25T14:04:35.5438500+03:00,A20000000000000000000000,,1,-64,"865,7",Speedwayr-15-32-c2,"2,478912953223196",
2025-07-25T14:04:35.5478240+03:00,A40000000000000000000000,,1,-65,"865,7",Speedwayr-15-32-c2,"3,5465635815916023",
2025-07-25T14:04:35.5543340+03:00,A80000000000000000000000,,1,-73,"865,7",Speedwayr-15-32-c2,"2,445165375889712",
2025-07-25T14:04:35.5647770+03:00,A30000000000000000000000,,1,-64,"865,7",Speedwayr-15-32-c2,"5,105088062083414",
2025-07-25T14:04:35.5671460+03:00,A40000000000000000000000,,1,"-65,5","865,7",Speedwayr-15-32-c2,"3,7122335066832517",
2025-07-25T14:04:35.5713140+03:00,A70000000000000000000000,,1,-63,"865,7",Speedwayr-15-32-c2,"0,4724660826687775",
2025-07-25T14:04:35.5728640+03:00,A20000000000000000000000,,1,"-65,5","865,7",Speedwayr-15-32-c2,"2,4850488763747385",
2025-07-25T14:04:35.5748290+03:00,A80000000000000000000000,,1,"-71,5","865,7",Speedwayr-15-32-c2,"5,589825991055276",
2025-07-25T14:04:35.5758990+03:00,A60000000000000000000000,,1,"-61,5","865,7",Speedwayr-15-32-c2,"5,178719139901925",
2025-07-25T14:04:35.5920320+03:00,A60000000000000000000000,,1,"-63,5","865,7",Speedwayr-15-32-c2,"5,049864753719531",
2025-07-25T14:04:35.5934120+03:00,A40000000000000000000000,,1,"-65,5","865,7",Speedwayr-15-32-c2,"3,785864584501762",
2025-07-25T14:04:35.5945080+03:00,A30000000000000000000000,,1,-64,"865,7",Speedwayr-15-32-c2,"4,871922982324796",
2025-07-25T14:04:35.5960790+03:00,A70000000000000000000000,,1,"-62,5","865,7",Speedwayr-15-32-c2,"0,4172427743048944",
2025-07-25T14:04:35.5980120+03:00,A20000000000000000000000,,1,"-65,5","865,7",Speedwayr-15-32-c2,"2,423689644859313",
2025-07-25T14:04:35.6050220+03:00,A80000000000000000000000,,1,-70,"865,7",Speedwayr-15-32-c2,"5,332117218690489",
2025-07-25T14:04:35.6173180+03:00,A60000000000000000000000,,1,-63,"865,7",Speedwayr-15-32-c2,"5,129631754689584",
2025-07-25T14:04:35.6193840+03:00,A70000000000000000000000,,1,-64,"865,7",Speedwayr-15-32-c2,"0,4724660826687775",
2025-07-25T14:04:35.6204700+03:00,A20000000000000000000000,,1,"-65,5","865,7",Speedwayr-15-32-c2,"2,742757648739526",
2025-07-25T14:04:35.6225070+03:00,A30000000000000000000000,,1,"-63,5","865,7",Speedwayr-15-32-c2,"4,76147636559703",
2025-07-25T14:04:35.6287100+03:00,A40000000000000000000000,,1,-63,"865,7",Speedwayr-15-32-c2,"3,018874190558942",
2025-07-25T14:04:35.6462920+03:00,A80000000000000000000000,,1,"-71,5","865,7",Speedwayr-15-32-c2,"5,418020142812084",
2025-07-25T14:04:35.6525580+03:00,A40000000000000000000000,,1,"-64,5","865,7",Speedwayr-15-32-c2,"3,2213596545598464",
2025-07-25T14:04:35.6568020+03:00,A30000000000000000000000,,1,"-63,5","865,7",Speedwayr-15-32-c2,"4,792155981354743",
2025-07-25T14:04:35.6591030+03:00,A20000000000000000000000,,1,-64,"865,7",Speedwayr-15-32-c2,"2,429825568010856",
2025-07-25T14:04:35.6602420+03:00,A60000000000000000000000,,1,"-63,5","865,7",Speedwayr-15-32-c2,"5,135767677841127",
2025-07-25T14:04:35.6631360+03:00,A70000000000000000000000,,1,"-63,5","865,7",Speedwayr-15-32-c2,"0,4356505437595221",
2025-07-25T14:04:35.6730610+03:00,A80000000000000000000000,,1,-72,"865,7",Speedwayr-15-32-c2,"5,608233760509904",
2025-07-25T14:04:35.6862400+03:00,A60000000000000000000000,,1,"-63,5","865,7",Speedwayr-15-32-c2,"5,381204603902829",
2025-07-25T14:04:35.6898450+03:00,A30000000000000000000000,,1,"-64,5","865,7",Speedwayr-15-32-c2,"4,73693267299086",
2025-07-25T14:04:35.6928800+03:00,A40000000000000000000000,,1,"-65,5","865,7",Speedwayr-15-32-c2,"3,1661363461959633",
2025-07-25T14:04:35.6947740+03:00,A20000000000000000000000,,1,"-65,5","865,7",Speedwayr-15-32-c2,"2,350058567040802",
2025-07-25T14:04:35.6961140+03:00,A70000000000000000000000,,1,-63,"865,7",Speedwayr-15-32-c2,"0,3988350048502667",
2025-07-25T14:04:35.7058860+03:00,A80000000000000000000000,,1,-66,"865,7",Speedwayr-15-32-c2,"5,289165756629691",
2025-07-25T14:04:35.7192850+03:00,A30000000000000000000000,,1,-62,"865,7",Speedwayr-15-32-c2,"4,693981210930062",
2025-07-25T14:04:35.7203580+03:00,A20000000000000000000000,,1,-66,"865,7",Speedwayr-15-32-c2,"2,0923497946760143",
2025-07-25T14:04:35.7215140+03:00,A60000000000000000000000,,1,"-63,5","865,7",Speedwayr-15-32-c2,"5,111223985234957",
2025-07-25T14:04:35.7243060+03:00,A40000000000000000000000,,1,-64,"865,7",Speedwayr-15-32-c2,"3,32567034813607",
2025-07-25T14:04:35.7267690+03:00,A70000000000000000000000,,1,-61,"865,7",Speedwayr-15-32-c2,"0,3436116964863836",
2025-07-25T14:04:35.7597690+03:00,A30000000000000000000000,,1,-64,"865,7",Speedwayr-15-32-c2,"4,632621979414636",
2025-07-25T14:04:35.7608110+03:00,A20000000000000000000000,,1,-64,"865,7",Speedwayr-15-32-c2,"2,2641556429192065",
2025-07-25T14:04:35.7619100+03:00,A70000000000000000000000,,1,-64,"865,7",Speedwayr-15-32-c2,"0,30679615757712825",
2025-07-25T14:04:35.7632080+03:00,A60000000000000000000000,,1,-63,"865,7",Speedwayr-15-32-c2,"4,945554060143307",
2025-07-25T14:04:35.7656680+03:00,A40000000000000000000000,,1,-65,"865,7",Speedwayr-15-32-c2,"3,3072625786814425",
2025-07-25T14:04:35.8925960+03:00,A20000000000000000000000,,1,-65,"865,7",Speedwayr-15-32-c2,"2,2089323345553233",
2025-07-25T14:04:35.8938070+03:00,A60000000000000000000000,,1,"-63,5","865,7",Speedwayr-15-32-c2,"4,970097752749477",
2025-07-25T14:04:35.8951340+03:00,A30000000000000000000000,,1,"-63,5","865,7",Speedwayr-15-32-c2,"4,663301595172349",
2025-07-25T14:04:35.8964900+03:00,A70000000000000000000000,,1,-64,"865,7",Speedwayr-15-32-c2,"0,05522330836388308",
2025-07-25T14:04:35.9004630+03:00,A40000000000000000000000,,1,"-65,5","865,7",Speedwayr-15-32-c2,"3,184544115650591",
2025-07-25T14:04:35.9050920+03:00,A80000000000000000000000,,1,"-70,5","865,7",Speedwayr-15-32-c2,"4,878058905476339",
2025-07-25T14:04:35.9207730+03:00,A70000000000000000000000,,1,-64,"865,7",Speedwayr-15-32-c2,"0,1718058482431918",
2025-07-25T14:04:35.9220960+03:00,A20000000000000000000000,,1,"-65,5","865,7",Speedwayr-15-32-c2,"2,172116795646068",
2025-07-25T14:04:35.9231530+03:00,A30000000000000000000000,,1,"-64,5","865,7",Speedwayr-15-32-c2,"4,608078286808466",
2025-07-25T14:04:35.9245200+03:00,A60000000000000000000000,,1,-63,"865,7",Speedwayr-15-32-c2,"4,9394181369917645",
2025-07-25T14:04:35.9259290+03:00,A40000000000000000000000,,1,"-63,5","865,7",Speedwayr-15-32-c2,"3,1784081924990484",
2025-07-25T14:04:35.9638110+03:00,A80000000000000000000000,,1,"-72,5","865,7",Speedwayr-15-32-c2,"2,024854640009046",
2025-07-25T14:04:35.9676580+03:00,A70000000000000000000000,,1,-61,"865,7",Speedwayr-15-32-c2,"0,15339807878856412",
2025-07-25T14:04:35.9693020+03:00,A30000000000000000000000,,1,-64,"865,7",Speedwayr-15-32-c2,"4,681709364626977",
2025-07-25T14:04:35.9734320+03:00,A40000000000000000000000,,1,-66,"865,7",Speedwayr-15-32-c2,"3,0925052683774528",
2025-07-25T14:04:35.9760380+03:00,A80000000000000000000000,,1,"-71,5","865,7",Speedwayr-15-32-c2,"5,092816215780329",
2025-07-25T14:04:35.9776300+03:00,A60000000000000000000000,,1,-63,"865,7",Speedwayr-15-32-c2,"5,197126909356553",
2025-07-25T14:04:35.9789710+03:00,A20000000000000000000000,,1,"-65,5","865,7",Speedwayr-15-32-c2,"2,2457478734645786",
2025-07-25T14:04:35.9929640+03:00,A40000000000000000000000,,1,-65,"865,7",Speedwayr-15-32-c2,"3,153864499892878",
2025-07-25T14:04:35.9962950+03:00,A30000000000000000000000,,1,-64,"865,7",Speedwayr-15-32-c2,"4,479223900626073",
2025-07-25T14:04:35.9977900+03:00,A20000000000000000000000,,1,-63,"865,7",Speedwayr-15-32-c2,"2,1659808724945253",
2025-07-25T14:04:35.9989180+03:00,A70000000000000000000000,,1,"-63,5","865,7",Speedwayr-15-32-c2,"0,6258641614573416",
2025-07-25T14:04:36.0003580+03:00,A60000000000000000000000,,1,"-63,5","865,7",Speedwayr-15-32-c2,"4,9823695990525625",
2025-07-25T14:04:36.0042180+03:00,A80000000000000000000000,,1,"-72,5","865,7",Speedwayr-15-32-c2,"4,614214209960009",
2025-07-25T14:04:36.0162320+03:00,A70000000000000000000000,,1,"-62,5","865,7",Speedwayr-15-32-c2,"0,1349903093339364",
2025-07-25T14:04:36.0202160+03:00,A40000000000000000000000,,1,-65,"865,7",Speedwayr-15-32-c2,"2,9391071895888885",
2025-07-25T14:04:36.0228600+03:00,A20000000000000000000000,,1,"-64,5","865,7",Speedwayr-15-32-c2,"2,1475731030398975",
2025-07-25T14:04:36.0239710+03:00,A30000000000000000000000,,1,-64,"865,7",Speedwayr-15-32-c2,"4,583534594202296",
2025-07-25T14:04:36.0256090+03:00,A60000000000000000000000,,1,"-63,5","865,7",Speedwayr-15-32-c2,"4,908738521234052",
2025-07-25T14:04:36.0548400+03:00,A40000000000000000000000,,1,-66,"865,7",Speedwayr-15-32-c2,"3,11091303783208",
2025-07-25T14:04:36.0588920+03:00,A20000000000000000000000,,1,-65,"865,7",Speedwayr-15-32-c2,"2,12916533358527",
2025-07-25T14:04:36.0605570+03:00,A70000000000000000000000,,1,"-63,5","865,7",Speedwayr-15-32-c2,"0,15339807878856412",
2025-07-25T14:04:36.0618640+03:00,A30000000000000000000000,,1,-64,"865,7",Speedwayr-15-32-c2,"4,608078286808466",
2025-07-25T14:04:36.0637550+03:00,A60000000000000000000000,,1,-63,"865,7",Speedwayr-15-32-c2,"4,9394181369917645",
2025-07-25T14:04:36.0662060+03:00,A80000000000000000000000,,1,-71,"865,7",Speedwayr-15-32-c2,"5,135767677841127",
2025-07-25T14:04:36.0781870+03:00,A60000000000000000000000,,1,-61,"865,7",Speedwayr-15-32-c2,"4,871922982324796",
2025-07-25T14:04:36.0820140+03:00,A70000000000000000000000,,1,"-64,5","865,7",Speedwayr-15-32-c2,"0,09203884727313846",
2025-07-25T14:04:36.0842960+03:00,A20000000000000000000000,,1,-64,"865,7",Speedwayr-15-32-c2,"2,067806102069844",
2025-07-25T14:04:36.0853630+03:00,A30000000000000000000000,,1,-64,"865,7",Speedwayr-15-32-c2,"4,601942363656923",
2025-07-25T14:04:36.0879220+03:00,A40000000000000000000000,,1,"-64,5","865,7",Speedwayr-15-32-c2,"3,08636934522591",
2025-07-25T14:04:36.1065130+03:00,A80000000000000000000000,,1,-72,"865,7",Speedwayr-15-32-c2,"5,098952138931871",
2025-07-25T14:04:36.1130730+03:00,A40000000000000000000000,,1,-66,"865,7",Speedwayr-15-32-c2,"3,1354567304382504",
2025-07-25T14:04:36.1150560+03:00,A80000000000000000000000,,1,"-69,5","865,7",Speedwayr-15-32-c2,"5,240078371417351",
2025-07-25T14:04:36.1170120+03:00,A20000000000000000000000,,1,-64,"865,7",Speedwayr-15-32-c2,"2,386874105950058",
2025-07-25T14:04:36.1181650+03:00,A60000000000000000000000,,1,"-63,5","865,7",Speedwayr-15-32-c2,"4,933282213840222",
2025-07-25T14:04:36.1200880+03:00,A30000000000000000000000,,1,-62,"865,7",Speedwayr-15-32-c2,"4,577398671050753",
2025-07-25T14:04:36.1217690+03:00,A70000000000000000000000,,1,-64,"865,7",Speedwayr-15-32-c2,"0,1902136176978195",
2025-07-25T14:04:36.1346540+03:00,A30000000000000000000000,,1,-64,"865,7",Speedwayr-15-32-c2,"4,546719055293041",
2025-07-25T14:04:36.1367070+03:00,A60000000000000000000000,,1,-63,"865,7",Speedwayr-15-32-c2,"4,970097752749477",
2025-07-25T14:04:36.1389340+03:00,A70000000000000000000000,,1,-64,"865,7",Speedwayr-15-32-c2,"0,04295146206079795",
2025-07-25T14:04:36.1400010+03:00,A20000000000000000000000,,1,"-65,5","865,7",Speedwayr-15-32-c2,"2,2212041808584084",
2025-07-25T14:04:36.1435340+03:00,A40000000000000000000000,,1,-64,"865,7",Speedwayr-15-32-c2,"3,0802334220743677",
2025-07-25T14:04:36.1478690+03:00,A80000000000000000000000,,1,-65,"865,7",Speedwayr-15-32-c2,"4,779884135051658",
2025-07-25T14:04:36.1604340+03:00,A60000000000000000000000,,1,-63,"865,7",Speedwayr-15-32-c2,"4,773748211900116",
2025-07-25T14:04:36.1628830+03:00,A30000000000000000000000,,1,"-63,5","865,7",Speedwayr-15-32-c2,"4,589670517353839",
2025-07-25T14:04:36.1640040+03:00,A20000000000000000000000,,1,"-65,5","865,7",Speedwayr-15-32-c2,"2,184388641949153",
2025-07-25T14:04:36.1653460+03:00,A70000000000000000000000,,1,"-64,5","865,7",Speedwayr-15-32-c2,"0,2699806186678728",
2025-07-25T14:04:36.1674900+03:00,A40000000000000000000000,,1,-61,"865,7",Speedwayr-15-32-c2,"3,043417883165112",
2025-07-25T14:04:36.1842930+03:00,A80000000000000000000000,,1,-73,"865,7",Speedwayr-15-32-c2,"5,151107485719983",
2025-07-25T14:04:36.1919100+03:00,A70000000000000000000000,,1,"-63,5","865,7",Speedwayr-15-32-c2,"0,03681553890925539",
2025-07-25T14:04:36.1933530+03:00,A60000000000000000000000,,1,-64,"865,7",Speedwayr-15-32-c2,"4,749204519293945",
2025-07-25T14:04:36.1944040+03:00,A40000000000000000000000,,1,-66,"865,7",Speedwayr-15-32-c2,"3,153864499892878",
2025-07-25T14:04:36.1955540+03:00,A20000000000000000000000,,1,"-64,5","865,7",Speedwayr-15-32-c2,"2,0493983326152168",
2025-07-25T14:04:36.1974140+03:00,A30000000000000000000000,,1,"-62,5","865,7",Speedwayr-15-32-c2,"4,589670517353839",
2025-07-25T14:04:36.2184200+03:00,A20000000000000000000000,,1,-63,"865,7",Speedwayr-15-32-c2,"1,8653206380689396",
2025-07-25T14:04:36.2213680+03:00,A40000000000000000000000,,1,-66,"865,7",Speedwayr-15-32-c2,"3,129320807286708",
2025-07-25T14:04:36.2239200+03:00,A80000000000000000000000,,1,"-71,5","865,7",Speedwayr-15-32-c2,"5,006913291658733",
2025-07-25T14:04:36.2252630+03:00,A70000000000000000000000,,1,-64,"865,7",Speedwayr-15-32-c2,"0,2270291566070749",
2025-07-25T14:04:36.2273300+03:00,A30000000000000000000000,,1,"-63,5","865,7",Speedwayr-15-32-c2,"4,724660826687775",
2025-07-25T14:04:36.2288260+03:00,A60000000000000000000000,,1,-62,"865,7",Speedwayr-15-32-c2,"4,902602598082509",
2025-07-25T14:04:36.2418860+03:00,A30000000000000000000000,,1,"-63,5","865,7",Speedwayr-15-32-c2,"4,565126824747668",
2025-07-25T14:04:36.2443100+03:00,A60000000000000000000000,,1,"-61,5","865,7",Speedwayr-15-32-c2,"5,21553467881118",
2025-07-25T14:04:36.2491680+03:00,A70000000000000000000000,,1,-63,"865,7",Speedwayr-15-32-c2,"6,22182607566416",
2025-07-25T14:04:36.2502520+03:00,A20000000000000000000000,,1,"-65,5","865,7",Speedwayr-15-32-c2,"2,386874105950058",
2025-07-25T14:04:36.2523980+03:00,A40000000000000000000000,,1,"-66,5","865,7",Speedwayr-15-32-c2,"3,1354567304382504",
2025-07-25T14:04:36.2718580+03:00,A60000000000000000000000,,1,-63,"865,7",Speedwayr-15-32-c2,"4,76147636559703",
2025-07-25T14:04:36.2748580+03:00,A40000000000000000000000,,1,"-66,5","865,7",Speedwayr-15-32-c2,"3,0066023442558567",
2025-07-25T14:04:36.2771520+03:00,A30000000000000000000000,,1,-64,"865,7",Speedwayr-15-32-c2,"4,479223900626073",
2025-07-25T14:04:36.2782490+03:00,A70000000000000000000000,,1,-64,"865,7",Speedwayr-15-32-c2,"0,17794177139473438",
2025-07-25T14:04:36.2802380+03:00,A20000000000000000000000,,1,-65,"865,7",Speedwayr-15-32-c2,"2,030990563160589",
2025-07-25T14:04:36.2966720+03:00,A80000000000000000000000,,1,-71,"865,7",Speedwayr-15-32-c2,"5,105088062083414",
2025-07-25T14:04:36.3027240+03:00,A20000000000000000000000,,1,"-64,5","865,7",Speedwayr-15-32-c2,"1,932815792735908",
2025-07-25T14:04:36.3040180+03:00,A40000000000000000000000,,1,"-65,5","865,7",Speedwayr-15-32-c2,"3,104777114680538",
2025-07-25T14:04:36.3050700+03:00,A70000000000000000000000,,1,-64,"865,7",Speedwayr-15-32-c2,"0,1349903093339364",
2025-07-25T14:04:36.3087680+03:00,A60000000000000000000000,,1,-64,"865,7",Speedwayr-15-32-c2,"4,884194828627882",
2025-07-25T14:04:36.3101960+03:00,A30000000000000000000000,,1,"-63,5","865,7",Speedwayr-15-32-c2,"4,608078286808466",
2025-07-25T14:04:36.3148410+03:00,A80000000000000000000000,,1,"-71,5","865,7",Speedwayr-15-32-c2,"5,086680292628786",
2025-07-25T14:04:36.3291500+03:00,A70000000000000000000000,,1,-64,"865,7",Speedwayr-15-32-c2,"6,258641614573416",
2025-07-25T14:04:36.3310950+03:00,A40000000000000000000000,,1,-66,"865,7",Speedwayr-15-32-c2,"3,117048960983623",
2025-07-25T14:04:36.3321950+03:00,A20000000000000000000000,,1,"-64,5","865,7",Speedwayr-15-32-c2,"2,067806102069844",
2025-07-25T14:04:36.3335490+03:00,A60000000000000000000000,,1,-64,"865,7",Speedwayr-15-32-c2,"4,871922982324796",
2025-07-25T14:04:36.3346910+03:00,A30000000000000000000000,,1,-64,"865,7",Speedwayr-15-32-c2,"4,571262747899211",
2025-07-25T14:04:36.3579770+03:00,A80000000000000000000000,,1,-71,"865,7",Speedwayr-15-32-c2,"1,846912868614312",
2025-07-25T14:04:36.3627370+03:00,A70000000000000000000000,,1,-64,"865,7",Speedwayr-15-32-c2,"0,0859029241215959",
2025-07-25T14:04:36.3651460+03:00,A20000000000000000000000,,1,"-65,5","865,7",Speedwayr-15-32-c2,"2,0371264863121317",
2025-07-25T14:04:36.3682620+03:00,A60000000000000000000000,,1,"-63,5","865,7",Speedwayr-15-32-c2,"4,847379289718626",
2025-07-25T14:04:36.3708390+03:00,A30000000000000000000000,,1,-64,"865,7",Speedwayr-15-32-c2,"4,571262747899211",
2025-07-25T14:04:36.3724450+03:00,A40000000000000000000000,,1,-66,"865,7",Speedwayr-15-32-c2,"3,1784081924990484",
2025-07-25T14:04:36.3875700+03:00,A20000000000000000000000,,1,"-63,5","865,7",Speedwayr-15-32-c2,"2,067806102069844",
2025-07-25T14:04:36.3908210+03:00,A30000000000000000000000,,1,"-63,5","865,7",Speedwayr-15-32-c2,"4,595806440505381",
2025-07-25T14:04:36.3925030+03:00,A70000000000000000000000,,1,"-63,5","865,7",Speedwayr-15-32-c2,"0,09817477042468103",
2025-07-25T14:04:36.3938460+03:00,A60000000000000000000000,,1,"-63,5","865,7",Speedwayr-15-32-c2,"4,841243366567084",
2025-07-25T14:04:36.3949270+03:00,A40000000000000000000000,,1,"-65,5","865,7",Speedwayr-15-32-c2,"3,479068426924634",
2025-07-25T14:04:36.4048130+03:00,A80000000000000000000000,,1,"-72,5","865,7",Speedwayr-15-32-c2,"4,970097752749477",
2025-07-25T14:04:36.4184200+03:00,A30000000000000000000000,,1,"-62,5","865,7",Speedwayr-15-32-c2,"4,632621979414636",
2025-07-25T14:04:36.4204030+03:00,A60000000000000000000000,,1,"-63,5","865,7",Speedwayr-15-32-c2,"4,7307967498393175",
2025-07-25T14:04:36.4235800+03:00,A40000000000000000000000,,1,"-65,5","865,7",Speedwayr-15-32-c2,"2,9575149590435164",
2025-07-25T14:04:36.4246910+03:00,A20000000000000000000000,,1,"-64,5","865,7",Speedwayr-15-32-c2,"2,024854640009046",
2025-07-25T14:04:36.4275270+03:00,A70000000000000000000000,,1,-61,"865,7",Speedwayr-15-32-c2,"0,01227184630308513",
2025-07-25T14:04:36.4355510+03:00,A80000000000000000000000,,1,"-65,5","865,7",Speedwayr-15-32-c2,"5,6143696836614465",
2025-07-25T14:04:36.4484520+03:00,A20000000000000000000000,,1,"-64,5","865,7",Speedwayr-15-32-c2,"2,1230294104337273",
2025-07-25T14:04:36.4523160+03:00,A70000000000000000000000,,1,-64,"865,7",Speedwayr-15-32-c2,"0,39269908169872414",
2025-07-25T14:04:36.4537830+03:00,A40000000000000000000000,,1,"-64,5","865,7",Speedwayr-15-32-c2,"3,147728576741336",
2025-07-25T14:04:36.4551640+03:00,A30000000000000000000000,,1,"-63,5","865,7",Speedwayr-15-32-c2,"4,552854978444583",
2025-07-25T14:04:36.4562790+03:00,A60000000000000000000000,,1,"-63,5","865,7",Speedwayr-15-32-c2,"5,325981295538946",
2025-07-25T14:04:36.4627770+03:00,A80000000000000000000000,,1,-71,"865,7",Speedwayr-15-32-c2,"5,043728830567988",
2025-07-25T14:04:36.4758050+03:00,A20000000000000000000000,,1,"-64,5","865,7",Speedwayr-15-32-c2,"2,2948352586769194",
2025-07-25T14:04:36.4778160+03:00,A60000000000000000000000,,1,-64,"865,7",Speedwayr-15-32-c2,"4,608078286808466",
2025-07-25T14:04:36.4795370+03:00,A30000000000000000000000,,1,-64,"865,7",Speedwayr-15-32-c2,"4,71238898038469",
2025-07-25T14:04:36.4817700+03:00,A70000000000000000000000,,1,"-63,5","865,7",Speedwayr-15-32-c2,"0,3190680038802134",
2025-07-25T14:04:36.4846420+03:00,A40000000000000000000000,,1,-65,"865,7",Speedwayr-15-32-c2,"3,11091303783208",
2025-07-25T14:04:36.4926410+03:00,A80000000000000000000000,,1,"-69,5","865,7",Speedwayr-15-32-c2,"4,718524903536232",
2025-07-25T14:04:36.5088450+03:00,A30000000000000000000000,,1,"-62,5","865,7",Speedwayr-15-32-c2,"4,651029748869264",
2025-07-25T14:04:36.5099410+03:00,A60000000000000000000000,,1,"-64,5","865,7",Speedwayr-15-32-c2,"4,878058905476339",
2025-07-25T14:04:36.5110240+03:00,A70000000000000000000000,,1,-64,"865,7",Speedwayr-15-32-c2,"0,06135923151542565",
2025-07-25T14:04:36.5120970+03:00,A20000000000000000000000,,1,-65,"865,7",Speedwayr-15-32-c2,"2,0371264863121317",
2025-07-25T14:04:36.5387710+03:00,A70000000000000000000000,,1,-63,"865,7",Speedwayr-15-32-c2,"0,23316507975861744",
2025-07-25T14:04:36.5409820+03:00,A30000000000000000000000,,1,-64,"865,7",Speedwayr-15-32-c2,"4,779884135051658",
2025-07-25T14:04:36.5422530+03:00,A20000000000000000000000,,1,-64,"865,7",Speedwayr-15-32-c2,"2,1659808724945253",
2025-07-25T14:04:36.5438300+03:00,A40000000000000000000000,,1,"-65,5","865,7",Speedwayr-15-32-c2,"3,2520392703175593",
2025-07-25T14:04:36.5449610+03:00,A60000000000000000000000,,1,"-63,5","865,7",Speedwayr-15-32-c2,"4,859651136021712",
2025-07-25T14:04:36.5542550+03:00,A80000000000000000000000,,1,-71,"865,7",Speedwayr-15-32-c2,"4,841243366567084",
2025-07-25T14:04:36.5695870+03:00,A70000000000000000000000,,1,"-63,5","865,7",Speedwayr-15-32-c2,"0,0674951546669682",
2025-07-25T14:04:36.5707140+03:00,A60000000000000000000000,,1,"-64,5","865,7",Speedwayr-15-32-c2,"4,921010367537137",
2025-07-25T14:04:36.5725110+03:00,A20000000000000000000000,,1,-65,"865,7",Speedwayr-15-32-c2,"1,9634954084936207",
2025-07-25T14:04:36.5735910+03:00,A30000000000000000000000,,1,"-64,5","865,7",Speedwayr-15-32-c2,"4,718524903536232",
2025-07-25T14:04:36.5746900+03:00,A40000000000000000000000,,1,-66,"865,7",Speedwayr-15-32-c2,"3,172272269347506",
2025-07-25T14:04:36.5852950+03:00,A80000000000000000000000,,1,"-72,5","865,7",Speedwayr-15-32-c2,"1,9481556006147642",
2025-07-25T14:04:36.5905490+03:00,A60000000000000000000000,,1,"-63,5","865,7",Speedwayr-15-32-c2,"4,963961829597935",
2025-07-25T14:04:36.5933480+03:00,A20000000000000000000000,,1,-65,"865,7",Speedwayr-15-32-c2,"2,1046216409791",
2025-07-25T14:04:36.5946880+03:00,A70000000000000000000000,,1,-64,"865,7",Speedwayr-15-32-c2,"0,1718058482431918",
2025-07-25T14:04:36.5977260+03:00,A30000000000000000000000,,1,"-62,5","865,7",Speedwayr-15-32-c2,"4,9394181369917645",
2025-07-25T14:04:36.6004030+03:00,A40000000000000000000000,,1,"-66,5","865,7",Speedwayr-15-32-c2,"2,816388726558037",
2025-07-25T14:04:36.6183320+03:00,A60000000000000000000000,,1,-65,"865,7",Speedwayr-15-32-c2,"4,9394181369917645",
2025-07-25T14:04:36.6196710+03:00,A30000000000000000000000,,1,-64,"865,7",Speedwayr-15-32-c2,"4,773748211900116",
2025-07-25T14:04:36.6212820+03:00,A40000000000000000000000,,1,-65,"865,7",Speedwayr-15-32-c2,"3,160000423044421",
2025-07-25T14:04:36.6223220+03:00,A20000000000000000000000,,1,-65,"865,7",Speedwayr-15-32-c2,"2,055534255766759",
2025-07-25T14:04:36.6234320+03:00,A70000000000000000000000,,1,"-64,5","865,7",Speedwayr-15-32-c2,"0,11044661672776616",
2025-07-25T14:04:36.6344930+03:00,A80000000000000000000000,,1,"-72,5","865,7",Speedwayr-15-32-c2,"1,9972429858271048",
2025-07-25T14:04:36.6401490+03:00,A60000000000000000000000,,1,-65,"865,7",Speedwayr-15-32-c2,"4,884194828627882",
2025-07-25T14:04:36.6439590+03:00,A40000000000000000000000,,1,"-65,5","865,7",Speedwayr-15-32-c2,"3,3502140407422405",
2025-07-25T14:04:36.6450580+03:00,A80000000000000000000000,,1,-69,"865,7",Speedwayr-15-32-c2,"5,037592907416445",
2025-07-25T14:04:36.6464140+03:00,A20000000000000000000000,,1,-63,"865,7",Speedwayr-15-32-c2,"2,2212041808584084",
2025-07-25T14:04:36.6488880+03:00,A30000000000000000000000,,1,-63,"865,7",Speedwayr-15-32-c2,"4,608078286808466",
2025-07-25T14:04:36.6508270+03:00,A70000000000000000000000,,1,"-63,5","865,7",Speedwayr-15-32-c2,"0,0674951546669682",
2025-07-25T14:04:36.6657430+03:00,A40000000000000000000000,,1,"-65,5","865,7",Speedwayr-15-32-c2,"3,043417883165112",
2025-07-25T14:04:36.6678190+03:00,A20000000000000000000000,,1,-63,"865,7",Speedwayr-15-32-c2,"2,12916533358527",
2025-07-25T14:04:36.6700400+03:00,A60000000000000000000000,,1,-64,"865,7",Speedwayr-15-32-c2,"4,9394181369917645",
2025-07-25T14:04:36.6725600+03:00,A30000000000000000000000,,1,-63,"865,7",Speedwayr-15-32-c2,"4,97623367590102",
2025-07-25T14:04:36.6747050+03:00,A70000000000000000000000,,1,-64,"865,7",Speedwayr-15-32-c2,"0,2270291566070749",
2025-07-25T14:04:36.6844090+03:00,A80000000000000000000000,,1,"-72,5","865,7",Speedwayr-15-32-c2,"1,9573594853420782",
2025-07-25T14:04:36.6931450+03:00,A70000000000000000000000,,1,-64,"865,7",Speedwayr-15-32-c2,"0,20248546400090464",
2025-07-25T14:04:36.6942910+03:00,A80000000000000000000000,,1,-72,"865,7",Speedwayr-15-32-c2,"5,448699758569798",
2025-07-25T14:04:36.6962270+03:00,A40000000000000000000000,,1,-65,"865,7",Speedwayr-15-32-c2,"2,9329712664373457",
2025-07-25T14:04:36.6975780+03:00,A60000000000000000000000,,1,-62,"865,7",Speedwayr-15-32-c2,"4,945554060143307",
2025-07-25T14:04:36.7015290+03:00,A20000000000000000000000,,1,-65,"865,7",Speedwayr-15-32-c2,"2,1230294104337273",
2025-07-25T14:04:36.7052220+03:00,A30000000000000000000000,,1,-64,"865,7",Speedwayr-15-32-c2,"4,865787059173254",
2025-07-25T14:04:36.7188340+03:00,A60000000000000000000000,,1,"-63,5","865,7",Speedwayr-15-32-c2,"4,859651136021712",
2025-07-25T14:04:36.7212740+03:00,A70000000000000000000000,,1,"-63,5","865,7",Speedwayr-15-32-c2,"0,23930100291016002",
2025-07-25T14:04:36.7232930+03:00,A80000000000000000000000,,1,-72,"865,7",Speedwayr-15-32-c2,"5,3198453723874035",
2025-07-25T14:04:36.7246320+03:00,A20000000000000000000000,,1,-65,"865,7",Speedwayr-15-32-c2,"2,1966604882522383",
2025-07-25T14:04:36.7257160+03:00,A30000000000000000000000,,1,-64,"865,7",Speedwayr-15-32-c2,"4,767612288748572",
2025-07-25T14:04:36.7280480+03:00,A40000000000000000000000,,1,"-65,5","865,7",Speedwayr-15-32-c2,"3,4606606574700063",
2025-07-25T14:04:36.7415020+03:00,A60000000000000000000000,,1,-64,"865,7",Speedwayr-15-32-c2,"4,970097752749477",
2025-07-25T14:04:36.7433410+03:00,A20000000000000000000000,,1,"-65,5","865,7",Speedwayr-15-32-c2,"2,2518837966161214",
2025-07-25T14:04:36.7478290+03:00,A30000000000000000000000,,1,"-61,5","865,7",Speedwayr-15-32-c2,"4,896466674930966",
2025-07-25T14:04:36.7504950+03:00,A40000000000000000000000,,1,-66,"865,7",Speedwayr-15-32-c2,"3,6876898140770815",
2025-07-25T14:04:36.7519060+03:00,A70000000000000000000000,,1,-64,"865,7",Speedwayr-15-32-c2,"0,2086213871524472",
2025-07-25T14:04:36.7634810+03:00,A80000000000000000000000,,1,-72,"865,7",Speedwayr-15-32-c2,"2,021786678433275",
2025-07-25T14:04:36.7707440+03:00,A30000000000000000000000,,1,-63,"865,7",Speedwayr-15-32-c2,"4,847379289718626",
2025-07-25T14:04:36.7722630+03:00,A40000000000000000000000,,1,-66,"865,7",Speedwayr-15-32-c2,"3,4177091954092087",
2025-07-25T14:04:36.7733030+03:00,A20000000000000000000000,,1,"-65,5","865,7",Speedwayr-15-32-c2,"2,1966604882522383",
2025-07-25T14:04:36.7752650+03:00,A80000000000000000000000,,1,-67,"865,7",Speedwayr-15-32-c2,"5,3198453723874035",
2025-07-25T14:04:36.7771250+03:00,A60000000000000000000000,,1,"-62,5","865,7",Speedwayr-15-32-c2,"4,970097752749477",
2025-07-25T14:04:36.7794690+03:00,A70000000000000000000000,,1,-64,"865,7",Speedwayr-15-32-c2,"6,1420590746941075",
2025-07-25T14:04:36.7936630+03:00,A70000000000000000000000,,1,"-64,5","865,7",Speedwayr-15-32-c2,"0,3129320807286708",
2025-07-25T14:04:36.7950050+03:00,A30000000000000000000000,,1,-64,"865,7",Speedwayr-15-32-c2,"4,9394181369917645",
2025-07-25T14:04:36.7972090+03:00,A60000000000000000000000,,1,-64,"865,7",Speedwayr-15-32-c2,"5,129631754689584",
2025-07-25T14:04:36.8011990+03:00,A20000000000000000000000,,1,-63,"865,7",Speedwayr-15-32-c2,"2,1905245651006955",
2025-07-25T14:04:36.8022390+03:00,A40000000000000000000000,,1,-66,"865,7",Speedwayr-15-32-c2,"3,411573272257666",
2025-07-25T14:04:36.8235720+03:00,A60000000000000000000000,,1,"-63,5","865,7",Speedwayr-15-32-c2,"5,037592907416445",
2025-07-25T14:04:36.8250010+03:00,A30000000000000000000000,,1,-64,"865,7",Speedwayr-15-32-c2,"4,988505522204105",
2025-07-25T14:04:36.8279330+03:00,A20000000000000000000000,,1,"-63,5","865,7",Speedwayr-15-32-c2,"2,1537090261914402",
2025-07-25T14:04:36.8306070+03:00,A40000000000000000000000,,1,-66,"865,7",Speedwayr-15-32-c2,"3,380893656499953",
2025-07-25T14:04:36.8318910+03:00,A70000000000000000000000,,1,-63,"865,7",Speedwayr-15-32-c2,"0,37429131224409645",
2025-07-25T14:04:36.8438740+03:00,A80000000000000000000000,,1,-72,"865,7",Speedwayr-15-32-c2,"2,1659808724945253",
2025-07-25T14:04:36.8558560+03:00,A60000000000000000000000,,1,-63,"865,7",Speedwayr-15-32-c2,"5,037592907416445",
2025-07-25T14:04:36.8591730+03:00,A30000000000000000000000,,1,"-63,5","865,7",Speedwayr-15-32-c2,"4,896466674930966",
2025-07-25T14:04:36.8604710+03:00,A70000000000000000000000,,1,-64,"865,7",Speedwayr-15-32-c2,"0,6749515466696822",
2025-07-25T14:04:36.8615670+03:00,A20000000000000000000000,,1,-65,"865,7",Speedwayr-15-32-c2,"2,270291566070749",
2025-07-25T14:04:36.8630500+03:00,A40000000000000000000000,,1,-66,"865,7",Speedwayr-15-32-c2,"3,730641276137879",
2025-07-25T14:04:36.8780950+03:00,A30000000000000000000000,,1,-64,"865,7",Speedwayr-15-32-c2,"4,9394181369917645",
2025-07-25T14:04:36.8793340+03:00,A60000000000000000000000,,1,-64,"865,7",Speedwayr-15-32-c2,"5,049864753719531",
2025-07-25T14:04:36.8822680+03:00,A20000000000000000000000,,1,-64,"865,7",Speedwayr-15-32-c2,"2,2948352586769194",
2025-07-25T14:04:36.8834200+03:00,A40000000000000000000000,,1,-66,"865,7",Speedwayr-15-32-c2,"3,5588354278946874",
2025-07-25T14:04:36.8845700+03:00,A70000000000000000000000,,1,"-62,5","865,7",Speedwayr-15-32-c2,"0,2454369260617026",
2025-07-25T14:04:36.9054760+03:00,A60000000000000000000000,,1,-64,"865,7",Speedwayr-15-32-c2,"5,295301679781233",
2025-07-25T14:04:36.9094050+03:00,A20000000000000000000000,,1,-65,"865,7",Speedwayr-15-32-c2,"1,9573594853420782",
2025-07-25T14:04:36.9146170+03:00,A40000000000000000000000,,1,-67,"865,7",Speedwayr-15-32-c2,"3,448388811166921",
2025-07-25T14:04:36.9168060+03:00,A70000000000000000000000,,1,"-63,5","865,7",Speedwayr-15-32-c2,"0,4356505437595221",
2025-07-25T14:04:36.9184530+03:00,A30000000000000000000000,,1,"-63,5","865,7",Speedwayr-15-32-c2,"4,871922982324796",
2025-07-25T14:04:36.9347700+03:00,A80000000000000000000000,,1,-73,"865,7",Speedwayr-15-32-c2,"5,347457026569345",
2025-07-25T14:04:36.9414820+03:00,A70000000000000000000000,,1,-64,"865,7",Speedwayr-15-32-c2,"0,4479223900626072",
2025-07-25T14:04:36.9440190+03:00,A20000000000000000000000,,1,-65,"865,7",Speedwayr-15-32-c2,"2,2457478734645786",
2025-07-25T14:04:36.9454600+03:00,A60000000000000000000000,,1,-64,"865,7",Speedwayr-15-32-c2,"5,190990986205009",
2025-07-25T14:04:36.9470180+03:00,A30000000000000000000000,,1,"-62,5","865,7",Speedwayr-15-32-c2,"4,871922982324796",
2025-07-25T14:04:36.9707450+03:00,A80000000000000000000000,,1,-72,"865,7",Speedwayr-15-32-c2,"5,350524988145116",
2025-07-25T14:04:36.9787240+03:00,A60000000000000000000000,,1,-63,"865,7",Speedwayr-15-32-c2,"5,135767677841127",
2025-07-25T14:04:36.9798200+03:00,A40000000000000000000000,,1,-66,"865,7",Speedwayr-15-32-c2,"3,5833791205008576",
2025-07-25T14:04:36.9818520+03:00,A70000000000000000000000,,1,-64,"865,7",Speedwayr-15-32-c2,"0,4111068511533518",
2025-07-25T14:04:36.9833210+03:00,A30000000000000000000000,,1,"-63,5","865,7",Speedwayr-15-32-c2,"5,043728830567988",
2025-07-25T14:04:36.9849400+03:00,A20000000000000000000000,,1,-65,"865,7",Speedwayr-15-32-c2,"2,2886993355253766",
2025-07-25T14:04:37.0039450+03:00,A80000000000000000000000,,1,"-72,5","865,7",Speedwayr-15-32-c2,"5,5100589900852235",
2025-07-25T14:04:37.0102730+03:00,A40000000000000000000000,,1,-66,"865,7",Speedwayr-15-32-c2,"3,8717675086233583",
2025-07-25T14:04:37.0124540+03:00,A20000000000000000000000,,1,"-64,5","865,7",Speedwayr-15-32-c2,"2,2396119503130363",
2025-07-25T14:04:37.0135630+03:00,A30000000000000000000000,,1,-64,"865,7",Speedwayr-15-32-c2,"5,074408446325701",
2025-07-25T14:04:37.0166820+03:00,A60000000000000000000000,,1,"-63,5","865,7",Speedwayr-15-32-c2,"5,295301679781233",
2025-07-25T14:04:37.0180070+03:00,A70000000000000000000000,,1,"-63,5","865,7",Speedwayr-15-32-c2,"0,6135923151542565",
2025-07-25T14:04:37.0434410+03:00,A80000000000000000000000,,1,"-72,5","865,7",Speedwayr-15-32-c2,"2,2672236044949776",
2025-07-25T14:04:37.0508020+03:00,A70000000000000000000000,,1,"-62,5","865,7",Speedwayr-15-32-c2,"0,3988350048502667",
2025-07-25T14:04:37.0519300+03:00,A40000000000000000000000,,1,"-65,5","865,7",Speedwayr-15-32-c2,"3,552699504743145",
2025-07-25T14:04:37.0530440+03:00,A60000000000000000000000,,1,-64,"865,7",Speedwayr-15-32-c2,"5,405748296509",
2025-07-25T14:04:37.0553280+03:00,A20000000000000000000000,,1,"-63,5","865,7",Speedwayr-15-32-c2,"2,1905245651006955",
2025-07-25T14:04:37.0567090+03:00,A30000000000000000000000,,1,-64,"865,7",Speedwayr-15-32-c2,"5,123495831538041",
2025-07-25T14:04:37.0718250+03:00,A80000000000000000000000,,1,-73,"865,7",Speedwayr-15-32-c2,"2,2365439887372647",
2025-07-25T14:04:37.0766820+03:00,A20000000000000000000000,,1,"-64,5","865,7",Speedwayr-15-32-c2,"2,429825568010856",
2025-07-25T14:04:37.0780210+03:00,A70000000000000000000000,,1,-62,"865,7",Speedwayr-15-32-c2,"0,5583690067903734",
2025-07-25T14:04:37.0807150+03:00,A30000000000000000000000,,1,-63,"865,7",Speedwayr-15-32-c2,"5,123495831538041",
2025-07-25T14:04:37.0829250+03:00,A60000000000000000000000,,1,-64,"865,7",Speedwayr-15-32-c2,"5,418020142812084",
2025-07-25T14:04:37.0846290+03:00,A40000000000000000000000,,1,-66,"865,7",Speedwayr-15-32-c2,"3,663146121470911",
2025-07-25T14:04:37.1061190+03:00,A70000000000000000000000,,1,-64,"865,7",Speedwayr-15-32-c2,"0,4295146206079795",
2025-07-25T14:04:37.1072960+03:00,A20000000000000000000000,,1,"-64,5","865,7",Speedwayr-15-32-c2,"2,313243028131547",
2025-07-25T14:04:37.1086750+03:00,A30000000000000000000000,,1,-64,"865,7",Speedwayr-15-32-c2,"5,141903600992669",
2025-07-25T14:04:37.1107710+03:00,A60000000000000000000000,,1,"-63,5","865,7",Speedwayr-15-32-c2,"5,190990986205009",
2025-07-25T14:04:37.1122790+03:00,A40000000000000000000000,,1,"-65,5","865,7",Speedwayr-15-32-c2,"3,6079228131070282",
2025-07-25T14:04:37.1148790+03:00,A80000000000000000000000,,1,-69,"865,7",Speedwayr-15-32-c2,"5,737088146692298",
2025-07-25T14:04:37.1351430+03:00,A60000000000000000000000,,1,"-63,5","865,7",Speedwayr-15-32-c2,"5,368932757599744",
2025-07-25T14:04:37.1383390+03:00,A70000000000000000000000,,1,"-63,5","865,7",Speedwayr-15-32-c2,"0,42337869745643697",
2025-07-25T14:04:37.1400770+03:00,A20000000000000000000000,,1,"-64,5","865,7",Speedwayr-15-32-c2,"2,1537090261914402",
2025-07-25T14:04:37.1415330+03:00,A30000000000000000000000,,1,-64,"865,7",Speedwayr-15-32-c2,"5,031456984264903",
2025-07-25T14:04:37.1430600+03:00,A40000000000000000000000,,1,"-66,5","865,7",Speedwayr-15-32-c2,"3,6570101983193686",
2025-07-25T14:04:37.1615530+03:00,A80000000000000000000000,,1,"-72,5","865,7",Speedwayr-15-32-c2,"2,4697090684958822",
2025-07-25T14:04:37.1659510+03:00,A70000000000000000000000,,1,-63,"865,7",Speedwayr-15-32-c2,"0,5338253141842031",
2025-07-25T14:04:37.1685640+03:00,A60000000000000000000000,,1,-63,"865,7",Speedwayr-15-32-c2,"5,338253141842031",
2025-07-25T14:04:37.1722540+03:00,A30000000000000000000000,,1,-64,"865,7",Speedwayr-15-32-c2,"5,049864753719531",
2025-07-25T14:04:37.1742440+03:00,A20000000000000000000000,,1,"-65,5","865,7",Speedwayr-15-32-c2,"2,2027964114037806",
2025-07-25T14:04:37.1761670+03:00,A40000000000000000000000,,1,-66,"865,7",Speedwayr-15-32-c2,"3,761320891895592",
2025-07-25T14:04:37.1818220+03:00,A80000000000000000000000,,1,"-66,5","865,7",Speedwayr-15-32-c2,"5,602097837358362",
2025-07-25T14:04:37.1957260+03:00,A60000000000000000000000,,1,"-62,5","865,7",Speedwayr-15-32-c2,"5,117359908386499",
2025-07-25T14:04:37.1981660+03:00,A20000000000000000000000,,1,"-64,5","865,7",Speedwayr-15-32-c2,"2,2764274892222915",
2025-07-25T14:04:37.2006330+03:00,A40000000000000000000000,,1,"-66,5","865,7",Speedwayr-15-32-c2,"4,178563666200486",
2025-07-25T14:04:37.2017130+03:00,A70000000000000000000000,,1,"-63,5","865,7",Speedwayr-15-32-c2,"0,4908738521234052",
2025-07-25T14:04:37.2031040+03:00,A30000000000000000000000,,1,-64,"865,7",Speedwayr-15-32-c2,"5,080544369477243",
2025-07-25T14:04:37.2236460+03:00,A80000000000000000000000,,1,-73,"865,7",Speedwayr-15-32-c2,"5,568350260024878",
2025-07-25T14:04:37.2276550+03:00,A30000000000000000000000,,1,"-63,5","865,7",Speedwayr-15-32-c2,"4,743068596142402",
2025-07-25T14:04:37.2290780+03:00,A40000000000000000000000,,1,"-62,5","865,7",Speedwayr-15-32-c2,"3,816544200259475",
2025-07-25T14:04:37.2308750+03:00,A20000000000000000000000,,1,-64,"865,7",Speedwayr-15-32-c2,"2,1782527187976104",
2025-07-25T14:04:37.2345880+03:00,A70000000000000000000000,,1,-64,"865,7",Speedwayr-15-32-c2,"0,48473792897186263",
2025-07-25T14:04:37.2368490+03:00,A60000000000000000000000,,1,"-62,5","865,7",Speedwayr-15-32-c2,"5,154175447295755",
2025-07-25T14:04:37.2532080+03:00,A80000000000000000000000,,1,-72,"865,7",Speedwayr-15-32-c2,"2,3746022596469727",
2025-07-25T14:04:37.2567450+03:00,A60000000000000000000000,,1,"-63,5","865,7",Speedwayr-15-32-c2,"5,295301679781233",
2025-07-25T14:04:37.2594690+03:00,A30000000000000000000000,,1,"-64,5","865,7",Speedwayr-15-32-c2,"5,141903600992669",
2025-07-25T14:04:37.2616480+03:00,A70000000000000000000000,,1,"-64,5","865,7",Speedwayr-15-32-c2,"0,5031456984264903",
2025-07-25T14:04:37.2628760+03:00,A20000000000000000000000,,1,"-64,5","865,7",Speedwayr-15-32-c2,"2,2334760271614935",
2025-07-25T14:04:37.2639740+03:00,A40000000000000000000000,,1,"-66,5","865,7",Speedwayr-15-32-c2,"3,6140587362585705",
2025-07-25T14:04:37.2902890+03:00,A60000000000000000000000,,1,"-63,5","865,7",Speedwayr-15-32-c2,"5,283029833478148",
2025-07-25T14:04:37.2913880+03:00,A30000000000000000000000,,1,"-63,5","865,7",Speedwayr-15-32-c2,"5,080544369477243",
2025-07-25T14:04:37.2930800+03:00,A70000000000000000000000,,1,"-64,5","865,7",Speedwayr-15-32-c2,"0,4724660826687775",
2025-07-25T14:04:37.2941960+03:00,A20000000000000000000000,,1,"-65,5","865,7",Speedwayr-15-32-c2,"2,3009711818284617",
2025-07-25T14:04:37.2987210+03:00,A40000000000000000000000,,1,-67,"865,7",Speedwayr-15-32-c2,"3,7981364308048478",
2025-07-25T14:04:37.3035970+03:00,A80000000000000000000000,,1,-72,"865,7",Speedwayr-15-32-c2,"5,393476450205914",
2025-07-25T14:04:37.3180550+03:00,A30000000000000000000000,,1,-63,"865,7",Speedwayr-15-32-c2,"5,105088062083414",
2025-07-25T14:04:37.3194130+03:00,A20000000000000000000000,,1,-65,"865,7",Speedwayr-15-32-c2,"2,12916533358527",
2025-07-25T14:04:37.3216860+03:00,A60000000000000000000000,,1,-64,"865,7",Speedwayr-15-32-c2,"5,2768939103266055",
2025-07-25T14:04:37.3233860+03:00,A70000000000000000000000,,1,"-63,5","865,7",Speedwayr-15-32-c2,"0,34974761963792617",
2025-07-25T14:04:37.3245100+03:00,A40000000000000000000000,,1,"-65,5","865,7",Speedwayr-15-32-c2,"3,77972866135022",
2025-07-25T14:04:37.3320870+03:00,A80000000000000000000000,,1,-72,"865,7",Speedwayr-15-32-c2,"5,59902987578259",
2025-07-25T14:04:37.3400290+03:00,A30000000000000000000000,,1,-64,"865,7",Speedwayr-15-32-c2,"5,098952138931871",
2025-07-25T14:04:37.3416690+03:00,A40000000000000000000000,,1,-66,"865,7",Speedwayr-15-32-c2,"3,706097583531709",
2025-07-25T14:04:37.3449500+03:00,A20000000000000000000000,,1,-65,"865,7",Speedwayr-15-32-c2,"1,9512235621905356",
2025-07-25T14:04:37.3498310+03:00,A60000000000000000000000,,1,-62,"865,7",Speedwayr-15-32-c2,"5,197126909356553",
2025-07-25T14:04:37.3512570+03:00,A70000000000000000000000,,1,"-64,5","865,7",Speedwayr-15-32-c2,"0,619728238305799",
2025-07-25T14:04:37.3530290+03:00,A80000000000000000000000,,1,"-69,5","865,7",Speedwayr-15-32-c2,"5,66959299202533",
2025-07-25T14:04:37.3667260+03:00,A60000000000000000000000,,1,-63,"865,7",Speedwayr-15-32-c2,"5,313709449235861",
2025-07-25T14:04:37.3696710+03:00,A20000000000000000000000,,1,-64,"865,7",Speedwayr-15-32-c2,"2,12916533358527",
2025-07-25T14:04:37.3708850+03:00,A30000000000000000000000,,1,-64,"865,7",Speedwayr-15-32-c2,"4,884194828627882",
2025-07-25T14:04:37.3719090+03:00,A70000000000000000000000,,1,"-63,5","865,7",Speedwayr-15-32-c2,"0,37429131224409645",
2025-07-25T14:04:37.3729650+03:00,A40000000000000000000000,,1,-66,"865,7",Speedwayr-15-32-c2,"3,56497135104623",
2025-07-25T14:04:37.3812940+03:00,A80000000000000000000000,,1,"-71,5","865,7",Speedwayr-15-32-c2,"5,706408530934585",
2025-07-25T14:04:37.3947350+03:00,A60000000000000000000000,,1,"-63,5","865,7",Speedwayr-15-32-c2,"5,166447293598839",
2025-07-25T14:04:37.3974770+03:00,A20000000000000000000000,,1,"-63,5","865,7",Speedwayr-15-32-c2,"1,8775924843720249",
2025-07-25T14:04:37.3985720+03:00,A30000000000000000000000,,1,-64,"865,7",Speedwayr-15-32-c2,"5,098952138931871",
2025-07-25T14:04:37.4018930+03:00,A70000000000000000000000,,1,"-64,5","865,7",Speedwayr-15-32-c2,"0,4540583132141498",
2025-07-25T14:04:37.4029880+03:00,A40000000000000000000000,,1,"-66,5","865,7",Speedwayr-15-32-c2,"3,816544200259475",
2025-07-25T14:04:37.4333970+03:00,A80000000000000000000000,,1,"-72,5","865,7",Speedwayr-15-32-c2,"5,648117260994931",
2025-07-25T14:04:37.4367840+03:00,A70000000000000000000000,,1,-64,"865,7",Speedwayr-15-32-c2,"0,47860200582032003",
2025-07-25T14:04:37.4383520+03:00,A30000000000000000000000,,1,"-63,5","865,7",Speedwayr-15-32-c2,"5,092816215780329",
2025-07-25T14:04:37.4410300+03:00,A40000000000000000000000,,1,"-65,5","865,7",Speedwayr-15-32-c2,"3,847223816017188",
2025-07-25T14:04:37.4437670+03:00,A20000000000000000000000,,1,-64,"865,7",Speedwayr-15-32-c2,"1,859184714917397",
2025-07-25T14:04:37.4448130+03:00,A60000000000000000000000,,1,"-64,5","865,7",Speedwayr-15-32-c2,"5,074408446325701",
2025-07-25T14:04:37.4718330+03:00,A80000000000000000000000,,1,"-72,5","865,7",Speedwayr-15-32-c2,"5,583690067903734",
2025-07-25T14:04:37.4770560+03:00,A20000000000000000000000,,1,-64,"865,7",Speedwayr-15-32-c2,"2,012582793705961",
2025-07-25T14:04:37.4799150+03:00,A30000000000000000000000,,1,-64,"865,7",Speedwayr-15-32-c2,"4,841243366567084",
2025-07-25T14:04:37.4821890+03:00,A70000000000000000000000,,1,-64,"865,7",Speedwayr-15-32-c2,"0,3190680038802134",
2025-07-25T14:04:37.4847230+03:00,A60000000000000000000000,,1,-63,"865,7",Speedwayr-15-32-c2,"5,006913291658733",
2025-07-25T14:04:37.4886090+03:00,A40000000000000000000000,,1,"-65,5","865,7",Speedwayr-15-32-c2,"3,859495662320273",
2025-07-25T14:04:37.5056370+03:00,A80000000000000000000000,,1,"-64,5","865,7",Speedwayr-15-32-c2,"5,638913376267617",
2025-07-25T14:04:37.5228960+03:00,A40000000000000000000000,,1,"-65,5","865,7",Speedwayr-15-32-c2,"3,822680123411018",
2025-07-25T14:04:37.5239650+03:00,A20000000000000000000000,,1,-64,"865,7",Speedwayr-15-32-c2,"1,859184714917397",
2025-07-25T14:04:37.5255480+03:00,A30000000000000000000000,,1,"-63,5","865,7",Speedwayr-15-32-c2,"5,197126909356553",
2025-07-25T14:04:37.5277470+03:00,A60000000000000000000000,,1,"-64,5","865,7",Speedwayr-15-32-c2,"4,884194828627882",
2025-07-25T14:04:37.5525190+03:00,A80000000000000000000000,,1,-73,"865,7",Speedwayr-15-32-c2,"5,641981337843388",
2025-07-25T14:04:37.5580070+03:00,A20000000000000000000000,,1,"-62,5","865,7",Speedwayr-15-32-c2,"1,7548740213411735",
2025-07-25T14:04:37.5595850+03:00,A60000000000000000000000,,1,"-63,5","865,7",Speedwayr-15-32-c2,"4,970097752749477",
2025-07-25T14:04:37.5609230+03:00,A30000000000000000000000,,1,"-63,5","865,7",Speedwayr-15-32-c2,"4,908738521234052",
2025-07-25T14:04:37.5627140+03:00,A40000000000000000000000,,1,"-66,5","865,7",Speedwayr-15-32-c2,"3,466796580621549",
2025-07-25T14:04:37.5637680+03:00,A70000000000000000000000,,1,-64,"865,7",Speedwayr-15-32-c2,"0,34974761963792617",
2025-07-25T14:04:37.5715810+03:00,A80000000000000000000000,,1,-73,"865,7",Speedwayr-15-32-c2,"5,522330836388308",
2025-07-25T14:04:37.5843780+03:00,A60000000000000000000000,,1,-63,"865,7",Speedwayr-15-32-c2,"4,902602598082509",
2025-07-25T14:04:37.5860170+03:00,A20000000000000000000000,,1,-62,"865,7",Speedwayr-15-32-c2,"1,705786636128833",
2025-07-25T14:04:37.5886810+03:00,A70000000000000000000000,,1,-64,"865,7",Speedwayr-15-32-c2,"0,22089323345553233",
2025-07-25T14:04:37.5901220+03:00,A30000000000000000000000,,1,"-63,5","865,7",Speedwayr-15-32-c2,"4,914874444385594",
2025-07-25T14:04:37.5917170+03:00,A40000000000000000000000,,1,"-66,5","865,7",Speedwayr-15-32-c2,"3,749049045592507",
2025-07-25T14:04:37.6148090+03:00,A60000000000000000000000,,1,-62,"865,7",Speedwayr-15-32-c2,"5,00077736850719",
2025-07-25T14:04:37.6172810+03:00,A40000000000000000000000,,1,-64,"865,7",Speedwayr-15-32-c2,"3,767456815047135",
2025-07-25T14:04:37.6200600+03:00,A20000000000000000000000,,1,-63,"865,7",Speedwayr-15-32-c2,"1,7426021750380885",
2025-07-25T14:04:37.6226790+03:00,A30000000000000000000000,,1,-64,"865,7",Speedwayr-15-32-c2,"5,135767677841127",
2025-07-25T14:04:37.6278970+03:00,A70000000000000000000000,,1,"-63,5","865,7",Speedwayr-15-32-c2,"0,3620194659410113",
2025-07-25T14:04:37.6639120+03:00,A80000000000000000000000,,1,"-73,5","865,7",Speedwayr-15-32-c2,"2,334718759161946",
2025-07-25T14:04:37.6674530+03:00,A60000000000000000000000,,1,-64,"865,7",Speedwayr-15-32-c2,"4,638757902566179",
2025-07-25T14:04:37.6693580+03:00,A40000000000000000000000,,1,"-64,5","865,7",Speedwayr-15-32-c2,"3,77972866135022",
2025-07-25T14:04:37.6711760+03:00,A30000000000000000000000,,1,-64,"865,7",Speedwayr-15-32-c2,"4,853515212870168",
2025-07-25T14:04:37.6738560+03:00,A20000000000000000000000,,1,-63,"865,7",Speedwayr-15-32-c2,"1,662835174068035",
2025-07-25T14:04:37.6792140+03:00,A70000000000000000000000,,1,"-62,5","865,7",Speedwayr-15-32-c2,"0,2454369260617026",
2025-07-25T14:04:37.6829890+03:00,A80000000000000000000000,,1,-70,"865,7",Speedwayr-15-32-c2,"5,64504929941916",
2025-07-25T14:04:37.6997020+03:00,A20000000000000000000000,,1,"-61,5","865,7",Speedwayr-15-32-c2,"1,6444274046134073",
2025-07-25T14:04:37.7024110+03:00,A60000000000000000000000,,1,"-63,5","865,7",Speedwayr-15-32-c2,"4,841243366567084",
2025-07-25T14:04:37.7040410+03:00,A40000000000000000000000,,1,-66,"865,7",Speedwayr-15-32-c2,"4,031301510563465",
2025-07-25T14:04:37.7052080+03:00,A30000000000000000000000,,1,"-63,5","865,7",Speedwayr-15-32-c2,"4,97623367590102",
2025-07-25T14:04:37.7094020+03:00,A70000000000000000000000,,1,-65,"865,7",Speedwayr-15-32-c2,"0,4049709280018093",
2025-07-25T14:04:37.7231810+03:00,A80000000000000000000000,,1,"-73,5","865,7",Speedwayr-15-32-c2,"2,5862916083751912",
2025-07-25T14:04:37.7317990+03:00,A30000000000000000000000,,1,"-63,5","865,7",Speedwayr-15-32-c2,"4,853515212870168",
2025-07-25T14:04:37.7335070+03:00,A60000000000000000000000,,1,"-64,5","865,7",Speedwayr-15-32-c2,"4,81056375080937",
2025-07-25T14:04:37.7346040+03:00,A20000000000000000000000,,1,"-63,5","865,7",Speedwayr-15-32-c2,"1,6689710972195777",
2025-07-25T14:04:37.7359310+03:00,A70000000000000000000000,,1,"-63,5","865,7",Speedwayr-15-32-c2,"0,3436116964863836",
2025-07-25T14:04:37.7384670+03:00,A40000000000000000000000,,1,-65,"865,7",Speedwayr-15-32-c2,"3,8533597391687304",
2025-07-25T14:04:37.7613470+03:00,A80000000000000000000000,,1,-73,"865,7",Speedwayr-15-32-c2,"2,5464081078901644",
2025-07-25T14:04:37.7670600+03:00,A20000000000000000000000,,1,-63,"865,7",Speedwayr-15-32-c2,"1,5585244804918115",
2025-07-25T14:04:37.7694650+03:00,A60000000000000000000000,,1,"-62,5","865,7",Speedwayr-15-32-c2,"4,92714629068868",
2025-07-25T14:04:37.7708260+03:00,A30000000000000000000000,,1,"-63,5","865,7",Speedwayr-15-32-c2,"4,9394181369917645",
2025-07-25T14:04:37.7718660+03:00,A40000000000000000000000,,1,"-64,5","865,7",Speedwayr-15-32-c2,"3,8533597391687304",
2025-07-25T14:04:37.7732770+03:00,A70000000000000000000000,,1,-64,"865,7",Speedwayr-15-32-c2,"0,34974761963792617",
2025-07-25T14:04:37.7929570+03:00,A80000000000000000000000,,1,"-72,5","865,7",Speedwayr-15-32-c2,"5,641981337843388",
2025-07-25T14:04:37.7994340+03:00,A30000000000000000000000,,1,-63,"865,7",Speedwayr-15-32-c2,"4,92714629068868",
2025-07-25T14:04:37.8005040+03:00,A60000000000000000000000,,1,"-63,5","865,7",Speedwayr-15-32-c2,"4,914874444385594",
2025-07-25T14:04:37.8018270+03:00,A20000000000000000000000,,1,-64,"865,7",Speedwayr-15-32-c2,"1,5462526341887264",
2025-07-25T14:04:37.8031370+03:00,A40000000000000000000000,,1,-66,"865,7",Speedwayr-15-32-c2,"3,933126740138784",
2025-07-25T14:04:37.8042190+03:00,A70000000000000000000000,,1,-64,"865,7",Speedwayr-15-32-c2,"0,2945243112740431",
2025-07-25T14:04:37.8140580+03:00,A80000000000000000000000,,1,-73,"865,7",Speedwayr-15-32-c2,"5,59902987578259",
2025-07-25T14:04:37.8220340+03:00,A30000000000000000000000,,1,-64,"865,7",Speedwayr-15-32-c2,"4,97623367590102",
2025-07-25T14:04:37.8232200+03:00,A20000000000000000000000,,1,-64,"865,7",Speedwayr-15-32-c2,"1,5953400194010667",
2025-07-25T14:04:37.8303960+03:00,A60000000000000000000000,,1,"-63,5","865,7",Speedwayr-15-32-c2,"4,988505522204105",
2025-07-25T14:04:37.8318640+03:00,A40000000000000000000000,,1,-65,"865,7",Speedwayr-15-32-c2,"3,56497135104623",
2025-07-25T14:04:37.8328910+03:00,A70000000000000000000000,,1,-64,"865,7",Speedwayr-15-32-c2,"0,1595340019401067",
2025-07-25T14:04:37.8522570+03:00,A80000000000000000000000,,1,-72,"865,7",Speedwayr-15-32-c2,"5,589825991055276",
2025-07-25T14:04:37.8565760+03:00,A40000000000000000000000,,1,-64,"865,7",Speedwayr-15-32-c2,"3,8288160465625602",
2025-07-25T14:04:37.8592410+03:00,A70000000000000000000000,,1,-64,"865,7",Speedwayr-15-32-c2,"0,3129320807286708",
2025-07-25T14:04:37.8623640+03:00,A80000000000000000000000,,1,-70,"865,7",Speedwayr-15-32-c2,"5,583690067903734",
2025-07-25T14:04:37.8634620+03:00,A20000000000000000000000,,1,-63,"865,7",Speedwayr-15-32-c2,"1,6505633277649499",
2025-07-25T14:04:37.8657830+03:00,A60000000000000000000000,,1,"-64,5","865,7",Speedwayr-15-32-c2,"4,945554060143307",
2025-07-25T14:04:37.8668220+03:00,A30000000000000000000000,,1,"-62,5","865,7",Speedwayr-15-32-c2,"4,847379289718626",
2025-07-25T14:04:37.8816580+03:00,A20000000000000000000000,,1,"-62,5","865,7",Speedwayr-15-32-c2,"1,5707963267948966",
2025-07-25T14:04:37.8827840+03:00,A60000000000000000000000,,1,-64,"865,7",Speedwayr-15-32-c2,"5,056000676871073",
2025-07-25T14:04:37.8838570+03:00,A70000000000000000000000,,1,-64,"865,7",Speedwayr-15-32-c2,"0,37429131224409645",
2025-07-25T14:04:37.8883290+03:00,A30000000000000000000000,,1,"-62,5","865,7",Speedwayr-15-32-c2,"4,970097752749477",
2025-07-25T14:04:37.8915950+03:00,A40000000000000000000000,,1,-66,"865,7",Speedwayr-15-32-c2,"3,7429131224409646",
2025-07-25T14:04:37.8936160+03:00,A80000000000000000000000,,1,"-72,5","865,7",Speedwayr-15-32-c2,"5,829126993965437",
2025-07-25T14:04:37.9089140+03:00,A30000000000000000000000,,1,-63,"865,7",Speedwayr-15-32-c2,"5,031456984264903",
2025-07-25T14:04:37.9113080+03:00,A20000000000000000000000,,1,"-63,5","865,7",Speedwayr-15-32-c2,"1,8285050991596843",
2025-07-25T14:04:37.9137150+03:00,A70000000000000000000000,,1,-64,"865,7",Speedwayr-15-32-c2,"0,48473792897186263",
2025-07-25T14:04:37.9169080+03:00,A60000000000000000000000,,1,"-62,5","865,7",Speedwayr-15-32-c2,"5,074408446325701",
2025-07-25T14:04:37.9205480+03:00,A40000000000000000000000,,1,"-65,5","865,7",Speedwayr-15-32-c2,"3,785864584501762",
2025-07-25T14:04:37.9241140+03:00,A80000000000000000000000,,1,"-70,5","865,7",Speedwayr-15-32-c2,"5,602097837358362",
2025-07-25T14:04:37.9386020+03:00,A60000000000000000000000,,1,-63,"865,7",Speedwayr-15-32-c2,"5,227806525114265",
2025-07-25T14:04:37.9397710+03:00,A30000000000000000000000,,1,"-63,5","865,7",Speedwayr-15-32-c2,"5,21553467881118",
2025-07-25T14:04:37.9411150+03:00,A40000000000000000000000,,1,-66,"865,7",Speedwayr-15-32-c2,"3,767456815047135",
2025-07-25T14:04:37.9440740+03:00,A70000000000000000000000,,1,"-64,5","865,7",Speedwayr-15-32-c2,"0,4172427743048944",
2025-07-25T14:04:37.9456430+03:00,A20000000000000000000000,,1,"-62,5","865,7",Speedwayr-15-32-c2,"1,7426021750380885",
2025-07-25T14:04:37.9710660+03:00,A80000000000000000000000,,1,"-71,5","865,7",Speedwayr-15-32-c2,"2,4942527611020524",
2025-07-25T14:04:37.9758800+03:00,A40000000000000000000000,,1,-66,"865,7",Speedwayr-15-32-c2,"3,7122335066832517",
2025-07-25T14:04:37.9770340+03:00,A60000000000000000000000,,1,"-63,5","865,7",Speedwayr-15-32-c2,"5,111223985234957",
2025-07-25T14:04:37.9791850+03:00,A70000000000000000000000,,1,-63,"865,7",Speedwayr-15-32-c2,"0,5092816215780329",
2025-07-25T14:04:37.9834370+03:00,A20000000000000000000000,,1,-63,"865,7",Speedwayr-15-32-c2,"1,8407769454627694",
2025-07-25T14:04:37.9848900+03:00,A30000000000000000000000,,1,-62,"865,7",Speedwayr-15-32-c2,"4,994641445355648",
2025-07-25T14:04:37.9926910+03:00,A80000000000000000000000,,1,-72,"865,7",Speedwayr-15-32-c2,"2,543340146314393",
2025-07-25T14:04:38.0012690+03:00,A40000000000000000000000,,1,"-66,5","865,7",Speedwayr-15-32-c2,"3,724505352986337",
2025-07-25T14:04:38.0039720+03:00,A70000000000000000000000,,1,"-64,5","865,7",Speedwayr-15-32-c2,"0,4970097752749477",
2025-07-25T14:04:38.0053960+03:00,A20000000000000000000000,,1,"-61,5","865,7",Speedwayr-15-32-c2,"1,7794177139473437",
2025-07-25T14:04:38.0067330+03:00,A30000000000000000000000,,1,-63,"865,7",Speedwayr-15-32-c2,"5,00077736850719",
2025-07-25T14:04:38.0083390+03:00,A60000000000000000000000,,1,"-62,5","865,7",Speedwayr-15-32-c2,"5,117359908386499",
2025-07-25T14:04:38.0115660+03:00,A80000000000000000000000,,1,"-71,5","865,7",Speedwayr-15-32-c2,"5,589825991055276",
2025-07-25T14:04:38.0243670+03:00,A40000000000000000000000,,1,"-66,5","865,7",Speedwayr-15-32-c2,"3,6570101983193686",
2025-07-25T14:04:38.0284940+03:00,A20000000000000000000000,,1,"-61,5","865,7",Speedwayr-15-32-c2,"1,9205439464328227",
2025-07-25T14:04:38.0295800+03:00,A70000000000000000000000,,1,-64,"865,7",Speedwayr-15-32-c2,"0,5154175447295755",
2025-07-25T14:04:38.0307070+03:00,A60000000000000000000000,,1,"-63,5","865,7",Speedwayr-15-32-c2,"5,190990986205009",
2025-07-25T14:04:38.0335070+03:00,A30000000000000000000000,,1,-64,"865,7",Speedwayr-15-32-c2,"4,9823695990525625",
2025-07-25T14:04:38.0527070+03:00,A80000000000000000000000,,1,"-72,5","865,7",Speedwayr-15-32-c2,"5,559146375297564",
2025-07-25T14:04:38.0583200+03:00,A30000000000000000000000,,1,-64,"865,7",Speedwayr-15-32-c2,"4,890330751779424",
2025-07-25T14:04:38.0607170+03:00,A70000000000000000000000,,1,-64,"865,7",Speedwayr-15-32-c2,"0,6933593161243098",
2025-07-25T14:04:38.0627260+03:00,A60000000000000000000000,,1,-62,"865,7",Speedwayr-15-32-c2,"5,43029198911517",
2025-07-25T14:04:38.0641790+03:00,A40000000000000000000000,,1,"-65,5","865,7",Speedwayr-15-32-c2,"3,724505352986337",
2025-07-25T14:04:38.0659510+03:00,A20000000000000000000000,,1,"-63,5","865,7",Speedwayr-15-32-c2,"1,8346410223112268",
2025-07-25T14:04:38.0831670+03:00,A80000000000000000000000,,1,"-71,5","865,7",Speedwayr-15-32-c2,"2,4942527611020524",
2025-07-25T14:04:38.0880390+03:00,A30000000000000000000000,,1,"-63,5","865,7",Speedwayr-15-32-c2,"4,988505522204105",
2025-07-25T14:04:38.0914520+03:00,A40000000000000000000000,,1,-65,"865,7",Speedwayr-15-32-c2,"3,6815538909255388",
2025-07-25T14:04:38.0931320+03:00,A70000000000000000000000,,1,"-63,5","865,7",Speedwayr-15-32-c2,"0,5583690067903734",
2025-07-25T14:04:38.0951800+03:00,A20000000000000000000000,,1,"-62,5","865,7",Speedwayr-15-32-c2,"1,8346410223112268",
2025-07-25T14:04:38.0963030+03:00,A60000000000000000000000,,1,"-63,5","865,7",Speedwayr-15-32-c2,"5,387340527054372",
2025-07-25T14:04:38.1155910+03:00,A20000000000000000000000,,1,"-63,5","865,7",Speedwayr-15-32-c2,"2,0800779483729293",
2025-07-25T14:04:38.1171570+03:00,A70000000000000000000000,,1,"-62,5","865,7",Speedwayr-15-32-c2,"0,5645049299419159",
2025-07-25T14:04:38.1198250+03:00,A30000000000000000000000,,1,"-63,5","865,7",Speedwayr-15-32-c2,"5,031456984264903",
2025-07-25T14:04:38.1208920+03:00,A40000000000000000000000,,1,-66,"865,7",Speedwayr-15-32-c2,"3,80427235395639",
2025-07-25T14:04:38.1222610+03:00,A60000000000000000000000,,1,-63,"865,7",Speedwayr-15-32-c2,"5,356660911296659",
2025-07-25T14:04:38.1525310+03:00,A60000000000000000000000,,1,-64,"865,7",Speedwayr-15-32-c2,"5,43029198911517",
2025-07-25T14:04:38.1563380+03:00,A70000000000000000000000,,1,-63,"865,7",Speedwayr-15-32-c2,"0,6872233929727672",
2025-07-25T14:04:38.1580610+03:00,A30000000000000000000000,,1,-64,"865,7",Speedwayr-15-32-c2,"4,945554060143307",
2025-07-25T14:04:38.1591170+03:00,A20000000000000000000000,,1,-64,"865,7",Speedwayr-15-32-c2,"1,521708941582556",
2025-07-25T14:04:38.1607690+03:00,A40000000000000000000000,,1,"-65,5","865,7",Speedwayr-15-32-c2,"3,5342917352885173",
2025-07-25T14:04:38.1629480+03:00,A80000000000000000000000,,1,"-69,5","865,7",Speedwayr-15-32-c2,"5,700272607783043",
2025-07-25T14:04:38.1765250+03:00,A40000000000000000000000,,1,-66,"865,7",Speedwayr-15-32-c2,"3,785864584501762",
2025-07-25T14:04:38.1778620+03:00,A30000000000000000000000,,1,-63,"865,7",Speedwayr-15-32-c2,"4,76147636559703",
2025-07-25T14:04:38.1813780+03:00,A70000000000000000000000,,1,"-63,5","865,7",Speedwayr-15-32-c2,"0,5645049299419159",
2025-07-25T14:04:38.1825000+03:00,A20000000000000000000000,,1,"-62,5","865,7",Speedwayr-15-32-c2,"2,018718716857504",
2025-07-25T14:04:38.1848520+03:00,A60000000000000000000000,,1,"-62,5","865,7",Speedwayr-15-32-c2,"5,344389064993574",
2025-07-25T14:04:38.1937450+03:00,A80000000000000000000000,,1,-72,"865,7",Speedwayr-15-32-c2,"5,589825991055276",
2025-07-25T14:04:38.2014160+03:00,A60000000000000000000000,,1,"-63,5","865,7",Speedwayr-15-32-c2,"5,460971604872882",
2025-07-25T14:04:38.2034920+03:00,A80000000000000000000000,,1,-72,"865,7",Speedwayr-15-32-c2,"5,743224069843841",
2025-07-25T14:04:38.2045740+03:00,A30000000000000000000000,,1,-62,"865,7",Speedwayr-15-32-c2,"5,031456984264903",
2025-07-25T14:04:38.2091220+03:00,A70000000000000000000000,,1,-63,"865,7",Speedwayr-15-32-c2,"0,5460971604872883",
2025-07-25T14:04:38.2113510+03:00,A40000000000000000000000,,1,"-66,5","865,7",Speedwayr-15-32-c2,"3,785864584501762",
2025-07-25T14:04:38.2146740+03:00,A20000000000000000000000,,1,"-63,5","865,7",Speedwayr-15-32-c2,"1,9512235621905356",
2025-07-25T14:04:38.2286240+03:00,A60000000000000000000000,,1,-63,"865,7",Speedwayr-15-32-c2,"5,522330836388308",
2025-07-25T14:04:38.2322980+03:00,A40000000000000000000000,,1,-67,"865,7",Speedwayr-15-32-c2,"3,706097583531709",
2025-07-25T14:04:38.2342550+03:00,A70000000000000000000000,,1,"-63,5","865,7",Speedwayr-15-32-c2,"0,6442719309119693",
2025-07-25T14:04:38.2365240+03:00,A30000000000000000000000,,1,-64,"865,7",Speedwayr-15-32-c2,"5,2339424482658075",
2025-07-25T14:04:38.2391840+03:00,A20000000000000000000000,,1,-63,"865,7",Speedwayr-15-32-c2,"1,7855536370988863",
2025-07-25T14:04:38.2416820+03:00,A80000000000000000000000,,1,-70,"865,7",Speedwayr-15-32-c2,"5,681864838328415",
2025-07-25T14:04:38.2545620+03:00,A30000000000000000000000,,1,"-62,5","865,7",Speedwayr-15-32-c2,"4,957825906446392",
2025-07-25T14:04:38.2578040+03:00,A20000000000000000000000,,1,"-62,5","865,7",Speedwayr-15-32-c2,"2,12916533358527",
2025-07-25T14:04:38.2607080+03:00,A40000000000000000000000,,1,-65,"865,7",Speedwayr-15-32-c2,"3,773592738198677",
2025-07-25T14:04:38.2625410+03:00,A60000000000000000000000,,1,"-63,5","865,7",Speedwayr-15-32-c2,"5,47937937432751",
2025-07-25T14:04:38.2638230+03:00,A70000000000000000000000,,1,-64,"865,7",Speedwayr-15-32-c2,"0,6749515466696822",
2025-07-25T14:04:38.2694050+03:00,A80000000000000000000000,,1,"-72,5","865,7",Speedwayr-15-32-c2,"5,583690067903734",
2025-07-25T14:04:38.2842000+03:00,A40000000000000000000000,,1,"-65,5","865,7",Speedwayr-15-32-c2,"3,6447383520162835",
2025-07-25T14:04:38.2864480+03:00,A70000000000000000000000,,1,-64,"865,7",Speedwayr-15-32-c2,"0,6258641614573416",
2025-07-25T14:04:38.2877980+03:00,A20000000000000000000000,,1,"-62,5","865,7",Speedwayr-15-32-c2,"2,2027964114037806",
2025-07-25T14:04:38.2914340+03:00,A60000000000000000000000,,1,-64,"865,7",Speedwayr-15-32-c2,"5,485515297479052",
2025-07-25T14:04:38.2925310+03:00,A30000000000000000000000,,1,"-64,5","865,7",Speedwayr-15-32-c2,"5,111223985234957",
2025-07-25T14:04:38.3013120+03:00,A80000000000000000000000,,1,-71,"865,7",Speedwayr-15-32-c2,"5,436427912266712",
2025-07-25T14:04:38.3153370+03:00,A20000000000000000000000,,1,-62,"865,7",Speedwayr-15-32-c2,"2,073942025221387",
2025-07-25T14:04:38.3175180+03:00,A60000000000000000000000,,1,-63,"865,7",Speedwayr-15-32-c2,"5,473243451175968",
2025-07-25T14:04:38.3191100+03:00,A70000000000000000000000,,1,-64,"865,7",Speedwayr-15-32-c2,"0,6872233929727672",
2025-07-25T14:04:38.3213060+03:00,A30000000000000000000000,,1,-64,"865,7",Speedwayr-15-32-c2,"5,086680292628786",
2025-07-25T14:04:38.3226480+03:00,A80000000000000000000000,,1,"-70,5","865,7",Speedwayr-15-32-c2,"5,700272607783043",
2025-07-25T14:04:38.3237570+03:00,A40000000000000000000000,,1,"-66,5","865,7",Speedwayr-15-32-c2,"3,724505352986337",
2025-07-25T14:04:38.3366650+03:00,A20000000000000000000000,,1,"-63,5","865,7",Speedwayr-15-32-c2,"2,325514874434632",
2025-07-25T14:04:38.3380460+03:00,A60000000000000000000000,,1,"-63,5","865,7",Speedwayr-15-32-c2,"5,5100589900852235",
2025-07-25T14:04:38.3425190+03:00,A40000000000000000000000,,1,"-65,5","865,7",Speedwayr-15-32-c2,"3,6201946594101133",
2025-07-25T14:04:38.3436430+03:00,A30000000000000000000000,,1,-64,"865,7",Speedwayr-15-32-c2,"5,0253210611133605",
2025-07-25T14:04:38.3469590+03:00,A70000000000000000000000,,1,-61,"865,7",Speedwayr-15-32-c2,"0,7240389318820226",
2025-07-25T14:04:38.3611250+03:00,A80000000000000000000000,,1,"-70,5","865,7",Speedwayr-15-32-c2,"5,663457068873787",
2025-07-25T14:04:38.3750050+03:00,A30000000000000000000000,,1,"-62,5","865,7",Speedwayr-15-32-c2,"5,111223985234957",
2025-07-25T14:04:38.3787110+03:00,A40000000000000000000000,,1,"-65,5","865,7",Speedwayr-15-32-c2,"3,7981364308048478",
2025-07-25T14:04:38.3798360+03:00,A20000000000000000000000,,1,-63,"865,7",Speedwayr-15-32-c2,"2,1905245651006955",
2025-07-25T14:04:38.3809920+03:00,A60000000000000000000000,,1,"-63,5","865,7",Speedwayr-15-32-c2,"5,381204603902829",
2025-07-25T14:04:38.3824740+03:00,A70000000000000000000000,,1,-64,"865,7",Speedwayr-15-32-c2,"0,6872233929727672",
2025-07-25T14:04:38.3929570+03:00,A80000000000000000000000,,1,-72,"865,7",Speedwayr-15-32-c2,"5,534602682691394",
2025-07-25T14:04:38.4075870+03:00,A30000000000000000000000,,1,"-61,5","865,7",Speedwayr-15-32-c2,"4,9394181369917645",
2025-07-25T14:04:38.4094060+03:00,A40000000000000000000000,,1,-66,"865,7",Speedwayr-15-32-c2,"3,6079228131070282",
2025-07-25T14:04:38.4104570+03:00,A70000000000000000000000,,1,"-63,5","865,7",Speedwayr-15-32-c2,"0,6749515466696822",
2025-07-25T14:04:38.4120140+03:00,A20000000000000000000000,,1,"-63,5","865,7",Speedwayr-15-32-c2,"2,282563412373834",
2025-07-25T14:04:38.4134230+03:00,A60000000000000000000000,,1,"-64,5","865,7",Speedwayr-15-32-c2,"5,534602682691394",
2025-07-25T14:04:38.4320690+03:00,A80000000000000000000000,,1,"-71,5","865,7",Speedwayr-15-32-c2,"5,71868037723767",
2025-07-25T14:04:38.4376760+03:00,A40000000000000000000000,,1,-64,"865,7",Speedwayr-15-32-c2,"3,5158839658338894",
2025-07-25T14:04:38.4402350+03:00,A70000000000000000000000,,1,"-63,5","865,7",Speedwayr-15-32-c2,"0,6565437772150544",
2025-07-25T14:04:38.4415940+03:00,A30000000000000000000000,,1,-64,"865,7",Speedwayr-15-32-c2,"5,074408446325701",
2025-07-25T14:04:38.4426940+03:00,A20000000000000000000000,,1,"-63,5","865,7",Speedwayr-15-32-c2,"2,12916533358527",
2025-07-25T14:04:38.4441750+03:00,A60000000000000000000000,,1,-64,"865,7",Speedwayr-15-32-c2,"5,516194913236766",
2025-07-25T14:04:38.4720670+03:00,A80000000000000000000000,,1,"-71,5","865,7",Speedwayr-15-32-c2,"5,629709491540303",
2025-07-25T14:04:38.4761350+03:00,A30000000000000000000000,,1,-64,"865,7",Speedwayr-15-32-c2,"5,368932757599744",
2025-07-25T14:04:38.4800690+03:00,A70000000000000000000000,,1,-64,"865,7",Speedwayr-15-32-c2,"0,6381360077604268",
2025-07-25T14:04:38.4829440+03:00,A40000000000000000000000,,1,"-64,5","865,7",Speedwayr-15-32-c2,"3,749049045592507",
2025-07-25T14:04:38.4841570+03:00,A60000000000000000000000,,1,-64,"865,7",Speedwayr-15-32-c2,"5,4671075280244255",
2025-07-25T14:04:38.4856690+03:00,A20000000000000000000000,,1,-64,"865,7",Speedwayr-15-32-c2,"2,1475731030398975",
2025-07-25T14:04:38.5007090+03:00,A80000000000000000000000,,1,-72,"865,7",Speedwayr-15-32-c2,"5,4149521812363135",
2025-07-25T14:04:38.5071210+03:00,A30000000000000000000000,,1,-64,"865,7",Speedwayr-15-32-c2,"4,76147636559703",
2025-07-25T14:04:38.5084740+03:00,A20000000000000000000000,,1,"-63,5","865,7",Speedwayr-15-32-c2,"2,1475731030398975",
2025-07-25T14:04:38.5098140+03:00,A70000000000000000000000,,1,-64,"865,7",Speedwayr-15-32-c2,"0,7915340865489908",
2025-07-25T14:04:38.5109400+03:00,A60000000000000000000000,,1,"-64,5","865,7",Speedwayr-15-32-c2,"5,387340527054372",
2025-07-25T14:04:38.5122640+03:00,A40000000000000000000000,,1,-65,"865,7",Speedwayr-15-32-c2,"3,6692820446224537",
2025-07-25T14:04:38.5137350+03:00,A80000000000000000000000,,1,-71,"865,7",Speedwayr-15-32-c2,"5,577554144752192",
2025-07-25T14:04:38.5296990+03:00,A30000000000000000000000,,1,-64,"865,7",Speedwayr-15-32-c2,"5,313709449235861",
2025-07-25T14:04:38.5307960+03:00,A60000000000000000000000,,1,-64,"865,7",Speedwayr-15-32-c2,"5,608233760509904",
2025-07-25T14:04:38.5325740+03:00,A70000000000000000000000,,1,-64,"865,7",Speedwayr-15-32-c2,"0,619728238305799",
2025-07-25T14:04:38.5343530+03:00,A20000000000000000000000,,1,-63,"865,7",Speedwayr-15-32-c2,"2,227340104009951",
2025-07-25T14:04:38.5385350+03:00,A40000000000000000000000,,1,"-64,5","865,7",Speedwayr-15-32-c2,"3,6754179677739964",
2025-07-25T14:04:38.5524160+03:00,A80000000000000000000000,,1,-72,"865,7",Speedwayr-15-32-c2,"2,478912953223196",
2025-07-25T14:04:38.5590530+03:00,A70000000000000000000000,,1,"-63,5","865,7",Speedwayr-15-32-c2,"0,5092816215780329",
2025-07-25T14:04:38.5619200+03:00,A30000000000000000000000,,1,-63,"865,7",Speedwayr-15-32-c2,"5,080544369477243",
2025-07-25T14:04:38.5633370+03:00,A80000000000000000000000,,1,"-72,5","865,7",Speedwayr-15-32-c2,"5,589825991055276",
2025-07-25T14:04:38.5647050+03:00,A60000000000000000000000,,1,"-64,5","865,7",Speedwayr-15-32-c2,"5,5284667595398505",
2025-07-25T14:04:38.5675980+03:00,A20000000000000000000000,,1,"-62,5","865,7",Speedwayr-15-32-c2,"2,1353012567368124",
2025-07-25T14:04:38.5694900+03:00,A40000000000000000000000,,1,"-65,5","865,7",Speedwayr-15-32-c2,"3,6692820446224537",
2025-07-25T14:04:38.5831490+03:00,A40000000000000000000000,,1,"-65,5","865,7",Speedwayr-15-32-c2,"3,6017868899554855",
2025-07-25T14:04:38.5849040+03:00,A30000000000000000000000,,1,-64,"865,7",Speedwayr-15-32-c2,"5,031456984264903",
2025-07-25T14:04:38.5859880+03:00,A20000000000000000000000,,1,"-63,5","865,7",Speedwayr-15-32-c2,"2,1475731030398975",
2025-07-25T14:04:38.5871730+03:00,A60000000000000000000000,,1,"-63,5","865,7",Speedwayr-15-32-c2,"5,47937937432751",
2025-07-25T14:04:38.5895270+03:00,A70000000000000000000000,,1,-64,"865,7",Speedwayr-15-32-c2,"0,6933593161243098",
2025-07-25T14:04:38.6112110+03:00,A20000000000000000000000,,1,"-63,5","865,7",Speedwayr-15-32-c2,"2,2518837966161214",
2025-07-25T14:04:38.6128450+03:00,A60000000000000000000000,,1,-64,"865,7",Speedwayr-15-32-c2,"5,387340527054372",
2025-07-25T14:04:38.6166010+03:00,A30000000000000000000000,,1,-64,"865,7",Speedwayr-15-32-c2,"5,184855063053467",
2025-07-25T14:04:38.6181240+03:00,A40000000000000000000000,,1,-62,"865,7",Speedwayr-15-32-c2,"3,6140587362585705",
2025-07-25T14:04:38.6191910+03:00,A70000000000000000000000,,1,"-63,5","865,7",Speedwayr-15-32-c2,"0,6810874698212247",
2025-07-25T14:04:38.6407970+03:00,A70000000000000000000000,,1,-63,"865,7",Speedwayr-15-32-c2,"0,6810874698212247",
2025-07-25T14:04:38.6419390+03:00,A60000000000000000000000,,1,"-64,5","865,7",Speedwayr-15-32-c2,"5,460971604872882",
2025-07-25T14:04:38.6430350+03:00,A40000000000000000000000,,1,"-65,5","865,7",Speedwayr-15-32-c2,"3,6079228131070282",
2025-07-25T14:04:38.6452200+03:00,A20000000000000000000000,,1,-64,"865,7",Speedwayr-15-32-c2,"1,6566992509164924",
2025-07-25T14:04:38.6463320+03:00,A30000000000000000000000,,1,"-63,5","865,7",Speedwayr-15-32-c2,"5,227806525114265",
2025-07-25T14:04:38.6505440+03:00,A80000000000000000000000,,1,-69,"865,7",Speedwayr-15-32-c2,"5,497787143782138",
2025-07-25T14:04:38.6627750+03:00,A60000000000000000000000,,1,-64,"865,7",Speedwayr-15-32-c2,"5,350524988145116",
2025-07-25T14:04:38.6641300+03:00,A70000000000000000000000,,1,"-63,5","865,7",Speedwayr-15-32-c2,"0,662679700366597",
2025-07-25T14:04:38.6652010+03:00,A20000000000000000000000,,1,"-60,5","865,7",Speedwayr-15-32-c2,"2,1230294104337273",
2025-07-25T14:04:38.6665400+03:00,A30000000000000000000000,,1,"-61,5","865,7",Speedwayr-15-32-c2,"5,098952138931871",
2025-07-25T14:04:38.6699210+03:00,A40000000000000000000000,,1,"-65,5","865,7",Speedwayr-15-32-c2,"3,7122335066832517",
2025-07-25T14:04:38.6834050+03:00,A80000000000000000000000,,1,-72,"865,7",Speedwayr-15-32-c2,"5,261554102447749",
2025-07-25T14:04:38.6927550+03:00,A70000000000000000000000,,1,-64,"865,7",Speedwayr-15-32-c2,"0,5890486225480862",
2025-07-25T14:04:38.6965430+03:00,A60000000000000000000000,,1,-63,"865,7",Speedwayr-15-32-c2,"5,3198453723874035",
2025-07-25T14:04:38.6988570+03:00,A20000000000000000000000,,1,-64,"865,7",Speedwayr-15-32-c2,"2,1659808724945253",
2025-07-25T14:04:38.7005710+03:00,A80000000000000000000000,,1,-67,"865,7",Speedwayr-15-32-c2,"5,559146375297564",
2025-07-25T14:04:38.7016540+03:00,A30000000000000000000000,,1,-64,"865,7",Speedwayr-15-32-c2,"5,006913291658733",
2025-07-25T14:04:38.7033080+03:00,A40000000000000000000000,,1,-64,"865,7",Speedwayr-15-32-c2,"3,5281558121369745",
2025-07-25T14:04:38.7188500+03:00,A60000000000000000000000,,1,-63,"865,7",Speedwayr-15-32-c2,"5,344389064993574",
2025-07-25T14:04:38.7201760+03:00,A20000000000000000000000,,1,-63,"865,7",Speedwayr-15-32-c2,"2,2334760271614935",
2025-07-25T14:04:38.7212450+03:00,A30000000000000000000000,,1,-64,"865,7",Speedwayr-15-32-c2,"5,105088062083414",
2025-07-25T14:04:38.7226150+03:00,A40000000000000000000000,,1,"-64,5","865,7",Speedwayr-15-32-c2,"3,552699504743145",
2025-07-25T14:04:38.7254650+03:00,A70000000000000000000000,,1,"-63,5","865,7",Speedwayr-15-32-c2,"0,5767767762450011",
2025-07-25T14:04:38.7355020+03:00,A80000000000000000000000,,1,-71,"865,7",Speedwayr-15-32-c2,"2,2733595276465204",
2025-07-25T14:04:38.7419510+03:00,A30000000000000000000000,,1,-64,"865,7",Speedwayr-15-32-c2,"5,092816215780329",
2025-07-25T14:04:38.7466190+03:00,A60000000000000000000000,,1,"-63,5","865,7",Speedwayr-15-32-c2,"5,393476450205914",
2025-07-25T14:04:38.7494530+03:00,A20000000000000000000000,,1,"-62,5","865,7",Speedwayr-15-32-c2,"2,1537090261914402",
2025-07-25T14:04:38.7505670+03:00,A70000000000000000000000,,1,"-63,5","865,7",Speedwayr-15-32-c2,"0,5092816215780329",
2025-07-25T14:04:38.7531040+03:00,A40000000000000000000000,,1,-66,"865,7",Speedwayr-15-32-c2,"3,5833791205008576",
2025-07-25T14:04:38.7648840+03:00,A80000000000000000000000,,1,"-70,5","865,7",Speedwayr-15-32-c2,"2,1567769877672114",
2025-07-25T14:04:38.7738300+03:00,A40000000000000000000000,,1,-65,"865,7",Speedwayr-15-32-c2,"3,497476196379262",
2025-07-25T14:04:38.7758580+03:00,A70000000000000000000000,,1,"-61,5","865,7",Speedwayr-15-32-c2,"0,47860200582032003",
2025-07-25T14:04:38.7769170+03:00,A30000000000000000000000,,1,-63,"865,7",Speedwayr-15-32-c2,"5,123495831538041",
2025-07-25T14:04:38.7782860+03:00,A20000000000000000000000,,1,"-63,5","865,7",Speedwayr-15-32-c2,"2,227340104009951",
2025-07-25T14:04:38.7803110+03:00,A60000000000000000000000,,1,-64,"865,7",Speedwayr-15-32-c2,"5,3627968344482015",
2025-07-25T14:04:38.7827110+03:00,A80000000000000000000000,,1,"-71,5","865,7",Speedwayr-15-32-c2,"5,221670601962723",
2025-07-25T14:04:38.7956230+03:00,A20000000000000000000000,,1,"-63,5","865,7",Speedwayr-15-32-c2,"2,086213871524472",
2025-07-25T14:04:38.7996780+03:00,A60000000000000000000000,,1,-61,"865,7",Speedwayr-15-32-c2,"5,270757987175063",
2025-07-25T14:04:38.8012220+03:00,A80000000000000000000000,,1,"-70,5","865,7",Speedwayr-15-32-c2,"5,436427912266712",
2025-07-25T14:04:38.8023330+03:00,A70000000000000000000000,,1,"-63,5","865,7",Speedwayr-15-32-c2,"0,4479223900626072",
2025-07-25T14:04:38.8034500+03:00,A30000000000000000000000,,1,-64,"865,7",Speedwayr-15-32-c2,"5,50392306693368",
2025-07-25T14:04:38.8209380+03:00,A70000000000000000000000,,1,-64,"865,7",Speedwayr-15-32-c2,"0,5031456984264903",
2025-07-25T14:04:38.8226200+03:00,A60000000000000000000000,,1,"-63,5","865,7",Speedwayr-15-32-c2,"5,289165756629691",
2025-07-25T14:04:38.8242150+03:00,A20000000000000000000000,,1,"-63,5","865,7",Speedwayr-15-32-c2,"2,110757564130642",
2025-07-25T14:04:38.8253830+03:00,A30000000000000000000000,,1,"-62,5","865,7",Speedwayr-15-32-c2,"5,049864753719531",
2025-07-25T14:04:38.8303170+03:00,A40000000000000000000000,,1,"-65,5","865,7",Speedwayr-15-32-c2,"3,466796580621549",
2025-07-25T14:04:38.8431690+03:00,A80000000000000000000000,,1,-72,"865,7",Speedwayr-15-32-c2,"1,8377089838869982",
2025-07-25T14:04:38.8488480+03:00,A20000000000000000000000,,1,-64,"865,7",Speedwayr-15-32-c2,"2,172116795646068",
2025-07-25T14:04:38.8512680+03:00,A30000000000000000000000,,1,"-64,5","865,7",Speedwayr-15-32-c2,"5,019185137961818",
2025-07-25T14:04:38.8549250+03:00,A70000000000000000000000,,1,-62,"865,7",Speedwayr-15-32-c2,"0,4479223900626072",
2025-07-25T14:04:38.8569890+03:00,A40000000000000000000000,,1,"-64,5","865,7",Speedwayr-15-32-c2,"3,5465635815916023",
2025-07-25T14:04:38.8583000+03:00,A60000000000000000000000,,1,"-62,5","865,7",Speedwayr-15-32-c2,"5,270757987175063",
2025-07-25T14:04:38.8623930+03:00,A80000000000000000000000,,1,-72,"865,7",Speedwayr-15-32-c2,"5,037592907416445",
2025-07-25T14:04:38.8762910+03:00,A40000000000000000000000,,1,-65,"865,7",Speedwayr-15-32-c2,"3,356349963893783",
2025-07-25T14:04:38.8784290+03:00,A20000000000000000000000,,1,"-63,5","865,7",Speedwayr-15-32-c2,"2,1353012567368124",
2025-07-25T14:04:38.8800980+03:00,A70000000000000000000000,,1,-64,"865,7",Speedwayr-15-32-c2,"0,4172427743048944",
2025-07-25T14:04:38.8814370+03:00,A30000000000000000000000,,1,"-64,5","865,7",Speedwayr-15-32-c2,"5,019185137961818",
2025-07-25T14:04:38.8835720+03:00,A60000000000000000000000,,1,-64,"865,7",Speedwayr-15-32-c2,"5,117359908386499",
2025-07-25T14:04:38.9045050+03:00,A80000000000000000000000,,1,"-70,5","865,7",Speedwayr-15-32-c2,"1,7916895602504288",
2025-07-25T14:04:38.9120890+03:00,A40000000000000000000000,,1,"-65,5","865,7",Speedwayr-15-32-c2,"3,3072625786814425",
2025-07-25T14:04:38.9134580+03:00,A60000000000000000000000,,1,-64,"865,7",Speedwayr-15-32-c2,"5,117359908386499",
2025-07-25T14:04:38.9159320+03:00,A30000000000000000000000,,1,"-64,5","865,7",Speedwayr-15-32-c2,"4,853515212870168",
2025-07-25T14:04:38.9192270+03:00,A20000000000000000000000,,1,-63,"865,7",Speedwayr-15-32-c2,"2,1905245651006955",
2025-07-25T14:04:38.9206950+03:00,A70000000000000000000000,,1,"-63,5","865,7",Speedwayr-15-32-c2,"0,25157284921324513",
2025-07-25T14:04:38.9411970+03:00,A80000000000000000000000,,1,"-72,5","865,7",Speedwayr-15-32-c2,"4,908738521234052",
2025-07-25T14:04:38.9458870+03:00,A30000000000000000000000,,1,"-64,5","865,7",Speedwayr-15-32-c2,"4,970097752749477",
2025-07-25T14:04:38.9475170+03:00,A20000000000000000000000,,1,-62,"865,7",Speedwayr-15-32-c2,"2,1905245651006955",
2025-07-25T14:04:38.9494260+03:00,A70000000000000000000000,,1,"-63,5","865,7",Speedwayr-15-32-c2,"0,1902136176978195",
2025-07-25T14:04:38.9514480+03:00,A40000000000000000000000,,1,"-65,5","865,7",Speedwayr-15-32-c2,"3,442252888015379",
2025-07-25T14:04:38.9525490+03:00,A60000000000000000000000,,1,"-63,5","865,7",Speedwayr-15-32-c2,"5,031456984264903",
2025-07-25T14:04:38.9621070+03:00,A80000000000000000000000,,1,"-71,5","865,7",Speedwayr-15-32-c2,"5,307573526084319",
2025-07-25T14:04:38.9759070+03:00,A60000000000000000000000,,1,"-62,5","865,7",Speedwayr-15-32-c2,"5,098952138931871",
2025-07-25T14:04:38.9783550+03:00,A30000000000000000000000,,1,-64,"865,7",Speedwayr-15-32-c2,"4,933282213840222",
2025-07-25T14:04:38.9794690+03:00,A70000000000000000000000,,1,"-63,5","865,7",Speedwayr-15-32-c2,"0,04295146206079795",
2025-07-25T14:04:38.9807580+03:00,A20000000000000000000000,,1,"-63,5","865,7",Speedwayr-15-32-c2,"2,1230294104337273",
2025-07-25T14:04:38.9818860+03:00,A40000000000000000000000,,1,"-65,5","865,7",Speedwayr-15-32-c2,"3,466796580621549",
2025-07-25T14:04:38.9939390+03:00,A80000000000000000000000,,1,"-72,5","865,7",Speedwayr-15-32-c2,"1,662835174068035",
2025-07-25T14:04:39.0006880+03:00,A20000000000000000000000,,1,-63,"865,7",Speedwayr-15-32-c2,"2,0064468705544187",
2025-07-25T14:04:39.0022390+03:00,A40000000000000000000000,,1,-65,"865,7",Speedwayr-15-32-c2,"3,2459033471660166",
2025-07-25T14:04:39.0034170+03:00,A70000000000000000000000,,1,"-62,5","865,7",Speedwayr-15-32-c2,"0,14726215563702155",
2025-07-25T14:04:39.0045320+03:00,A60000000000000000000000,,1,-64,"865,7",Speedwayr-15-32-c2,"5,105088062083414",
2025-07-25T14:04:39.0073350+03:00,A30000000000000000000000,,1,"-62,5","865,7",Speedwayr-15-32-c2,"4,908738521234052",
2025-07-25T14:04:39.0134190+03:00,A80000000000000000000000,,1,-73,"865,7",Speedwayr-15-32-c2,"4,7860200582032",
2025-07-25T14:04:39.0256440+03:00,A30000000000000000000000,,1,"-64,5","865,7",Speedwayr-15-32-c2,"4,7307967498393175",
2025-07-25T14:04:39.0272570+03:00,A60000000000000000000000,,1,"-63,5","865,7",Speedwayr-15-32-c2,"4,988505522204105",
2025-07-25T14:04:39.0302950+03:00,A70000000000000000000000,,1,-64,"865,7",Speedwayr-15-32-c2,"0,18407769454627693",
2025-07-25T14:04:39.0314040+03:00,A20000000000000000000000,,1,"-63,5","865,7",Speedwayr-15-32-c2,"2,024854640009046",
2025-07-25T14:04:39.0333700+03:00,A40000000000000000000000,,1,-65,"865,7",Speedwayr-15-32-c2,"3,2765829629237295",
2025-07-25T14:04:39.0432090+03:00,A80000000000000000000000,,1,-68,"865,7",Speedwayr-15-32-c2,"4,890330751779424",
2025-07-25T14:04:39.0555620+03:00,A20000000000000000000000,,1,"-61,5","865,7",Speedwayr-15-32-c2,"1,9082721001297376",
2025-07-25T14:04:39.0579830+03:00,A40000000000000000000000,,1,"-65,5","865,7",Speedwayr-15-32-c2,"3,2888548092268146",
2025-07-25T14:04:39.0591550+03:00,A60000000000000000000000,,1,"-63,5","865,7",Speedwayr-15-32-c2,"5,129631754689584",
2025-07-25T14:04:39.0612450+03:00,A30000000000000000000000,,1,-64,"865,7",Speedwayr-15-32-c2,"4,749204519293945",
2025-07-25T14:04:39.0628390+03:00,A70000000000000000000000,,1,-64,"865,7",Speedwayr-15-32-c2,"0,11658253987930872",
2025-07-25T14:04:39.0828460+03:00,A30000000000000000000000,,1,-64,"865,7",Speedwayr-15-32-c2,"4,76147636559703",
2025-07-25T14:04:39.0871850+03:00,A70000000000000000000000,,1,-65,"865,7",Speedwayr-15-32-c2,"0,28225246497095796",
2025-07-25T14:04:39.0892540+03:00,A20000000000000000000000,,1,"-63,5","865,7",Speedwayr-15-32-c2,"1,7426021750380885",
2025-07-25T14:04:39.0915040+03:00,A60000000000000000000000,,1,"-63,5","865,7",Speedwayr-15-32-c2,"5,013049214810275",
2025-07-25T14:04:39.0951770+03:00,A40000000000000000000000,,1,-65,"865,7",Speedwayr-15-32-c2,"3,184544115650591",
2025-07-25T14:04:39.1114620+03:00,A80000000000000000000000,,1,"-71,5","865,7",Speedwayr-15-32-c2,"4,8013598660820564",
2025-07-25T14:04:39.1188990+03:00,A20000000000000000000000,,1,"-61,5","865,7",Speedwayr-15-32-c2,"1,8960002538266525",
2025-07-25T14:04:39.1200410+03:00,A60000000000000000000000,,1,"-63,5","865,7",Speedwayr-15-32-c2,"4,963961829597935",
2025-07-25T14:04:39.1211380+03:00,A30000000000000000000000,,1,-64,"865,7",Speedwayr-15-32-c2,"4,718524903536232",
2025-07-25T14:04:39.1232310+03:00,A40000000000000000000000,,1,"-65,5","865,7",Speedwayr-15-32-c2,"3,2459033471660166",
2025-07-25T14:04:39.1255980+03:00,A70000000000000000000000,,1,-64,"865,7",Speedwayr-15-32-c2,"6,215690152512618",
2025-07-25T14:04:39.1368450+03:00,A80000000000000000000000,,1,-71,"865,7",Speedwayr-15-32-c2,"1,6382914814618648",
2025-07-25T14:04:39.1446130+03:00,A40000000000000000000000,,1,-63,"865,7",Speedwayr-15-32-c2,"3,3318062712876126",
2025-07-25T14:04:39.1473700+03:00,A70000000000000000000000,,1,"-64,5","865,7",Speedwayr-15-32-c2,"6,17273869045182",
2025-07-25T14:04:39.1488820+03:00,A60000000000000000000000,,1,"-63,5","865,7",Speedwayr-15-32-c2,"4,847379289718626",
2025-07-25T14:04:39.1508350+03:00,A30000000000000000000000,,1,"-64,5","865,7",Speedwayr-15-32-c2,"4,614214209960009",
2025-07-25T14:04:39.1519170+03:00,A20000000000000000000000,,1,"-63,5","865,7",Speedwayr-15-32-c2,"1,8407769454627694",
2025-07-25T14:04:39.1646020+03:00,A80000000000000000000000,,1,"-70,5","865,7",Speedwayr-15-32-c2,"4,884194828627882",
2025-07-25T14:04:39.1718220+03:00,A60000000000000000000000,,1,"-63,5","865,7",Speedwayr-15-32-c2,"4,878058905476339",
2025-07-25T14:04:39.1733350+03:00,A70000000000000000000000,,1,-64,"865,7",Speedwayr-15-32-c2,"0,1227184630308513",
2025-07-25T14:04:39.1751980+03:00,A20000000000000000000000,,1,-61,"865,7",Speedwayr-15-32-c2,"1,7855536370988863",
2025-07-25T14:04:39.1776050+03:00,A30000000000000000000000,,1,"-61,5","865,7",Speedwayr-15-32-c2,"4,657165672020807",
2025-07-25T14:04:39.1805250+03:00,A40000000000000000000000,,1,-66,"865,7",Speedwayr-15-32-c2,"3,11091303783208",
2025-07-25T14:04:39.1827030+03:00,A80000000000000000000000,,1,"-70,5","865,7",Speedwayr-15-32-c2,"4,7307967498393175",
2025-07-25T14:04:39.1949580+03:00,A20000000000000000000000,,1,"-61,5","865,7",Speedwayr-15-32-c2,"1,9634954084936207",
2025-07-25T14:04:39.1967390+03:00,A30000000000000000000000,,1,"-62,5","865,7",Speedwayr-15-32-c2,"4,503767593232243",
2025-07-25T14:04:39.2018590+03:00,A60000000000000000000000,,1,"-63,5","865,7",Speedwayr-15-32-c2,"4,779884135051658",
2025-07-25T14:04:39.2029530+03:00,A70000000000000000000000,,1,"-64,5","865,7",Speedwayr-15-32-c2,"6,277049384028044",
2025-07-25T14:04:39.2051070+03:00,A40000000000000000000000,,1,-65,"865,7",Speedwayr-15-32-c2,"3,1354567304382504",
2025-07-25T14:04:39.2183500+03:00,A80000000000000000000000,,1,"-71,5","865,7",Speedwayr-15-32-c2,"1,718058482431918",
2025-07-25T14:04:39.2231290+03:00,A30000000000000000000000,,1,"-64,5","865,7",Speedwayr-15-32-c2,"4,491495746929157",
2025-07-25T14:04:39.2282950+03:00,A70000000000000000000000,,1,-64,"865,7",Speedwayr-15-32-c2,"0,28838838812250056",
2025-07-25T14:04:39.2295460+03:00,A20000000000000000000000,,1,"-62,5","865,7",Speedwayr-15-32-c2,"1,7916895602504288",
2025-07-25T14:04:39.2308830+03:00,A40000000000000000000000,,1,"-65,5","865,7",Speedwayr-15-32-c2,"3,2949907323783574",
2025-07-25T14:04:39.2320110+03:00,A60000000000000000000000,,1,-64,"865,7",Speedwayr-15-32-c2,"4,804427827657828",
2025-07-25T14:04:39.2528540+03:00,A40000000000000000000000,,1,"-65,5","865,7",Speedwayr-15-32-c2,"3,160000423044421",
2025-07-25T14:04:39.2542090+03:00,A20000000000000000000000,,1,-63,"865,7",Speedwayr-15-32-c2,"1,6689710972195777",
2025-07-25T14:04:39.2560560+03:00,A30000000000000000000000,,1,-64,"865,7",Speedwayr-15-32-c2,"4,97623367590102",
2025-07-25T14:04:39.2579030+03:00,A60000000000000000000000,,1,"-63,5","865,7",Speedwayr-15-32-c2,"4,743068596142402",
2025-07-25T14:04:39.2598460+03:00,A70000000000000000000000,,1,"-63,5","865,7",Speedwayr-15-32-c2,"0,006135923151542565",
2025-07-25T14:04:39.2713370+03:00,A80000000000000000000000,,1,-70,"865,7",Speedwayr-15-32-c2,"4,583534594202296",
2025-07-25T14:04:39.2846120+03:00,A20000000000000000000000,,1,-63,"865,7",Speedwayr-15-32-c2,"1,6321555583103222",
2025-07-25T14:04:39.2866230+03:00,A60000000000000000000000,,1,"-63,5","865,7",Speedwayr-15-32-c2,"4,890330751779424",
2025-07-25T14:04:39.2896940+03:00,A70000000000000000000000,,1,-64,"865,7",Speedwayr-15-32-c2,"0,018407769454627694",
2025-07-25T14:04:39.2910590+03:00,A30000000000000000000000,,1,"-64,5","865,7",Speedwayr-15-32-c2,"4,552854978444583",
2025-07-25T14:04:39.2949440+03:00,A40000000000000000000000,,1,"-65,5","865,7",Speedwayr-15-32-c2,"3,104777114680538",
2025-07-25T14:04:39.3016090+03:00,A80000000000000000000000,,1,"-72,5","865,7",Speedwayr-15-32-c2,"1,5615924420675826",
2025-07-25T14:04:39.3120170+03:00,A40000000000000000000000,,1,-65,"865,7",Speedwayr-15-32-c2,"3,172272269347506",
2025-07-25T14:04:39.3144270+03:00,A70000000000000000000000,,1,-64,"865,7",Speedwayr-15-32-c2,0,
2025-07-25T14:04:39.3193390+03:00,A60000000000000000000000,,1,-64,"865,7",Speedwayr-15-32-c2,"4,743068596142402",
2025-07-25T14:04:39.3207160+03:00,A30000000000000000000000,,1,"-64,5","865,7",Speedwayr-15-32-c2,"4,460816131171445",
2025-07-25T14:04:39.3217950+03:00,A20000000000000000000000,,1,"-62,5","865,7",Speedwayr-15-32-c2,"1,6751070203711202",
2025-07-25T14:04:39.3387890+03:00,A40000000000000000000000,,1,-64,"865,7",Speedwayr-15-32-c2,"3,074097498922825",
2025-07-25T14:04:39.3407770+03:00,A70000000000000000000000,,1,"-64,5","865,7",Speedwayr-15-32-c2,"6,2034183062095325",
2025-07-25T14:04:39.3432990+03:00,A30000000000000000000000,,1,"-64,5","865,7",Speedwayr-15-32-c2,"4,4976316700806995",
2025-07-25T14:04:39.3469990+03:00,A60000000000000000000000,,1,-64,"865,7",Speedwayr-15-32-c2,"4,828971520263998",
2025-07-25T14:04:39.3480860+03:00,A20000000000000000000000,,1,-63,"865,7",Speedwayr-15-32-c2,"1,5707963267948966",
2025-07-25T14:04:39.3511020+03:00,A80000000000000000000000,,1,-71,"865,7",Speedwayr-15-32-c2,"4,871922982324796",
2025-07-25T14:04:39.3632680+03:00,A70000000000000000000000,,1,"-63,5","865,7",Speedwayr-15-32-c2,"6,154330920997192",
2025-07-25T14:04:39.3679120+03:00,A30000000000000000000000,,1,"-61,5","865,7",Speedwayr-15-32-c2,"4,534447208989955",
2025-07-25T14:04:39.3693960+03:00,A20000000000000000000000,,1,"-62,5","865,7",Speedwayr-15-32-c2,"1,6014759425526093",
2025-07-25T14:04:39.3705090+03:00,A40000000000000000000000,,1,"-64,5","865,7",Speedwayr-15-32-c2,"3,0372819600135696",
2025-07-25T14:04:39.3718340+03:00,A60000000000000000000000,,1,"-63,5","865,7",Speedwayr-15-32-c2,"4,583534594202296",
2025-07-25T14:04:39.3819760+03:00,A80000000000000000000000,,1,-71,"865,7",Speedwayr-15-32-c2,"4,693981210930062",
2025-07-25T14:04:39.3967030+03:00,A20000000000000000000000,,1,-64,"865,7",Speedwayr-15-32-c2,"1,6505633277649499",
2025-07-25T14:04:39.3986280+03:00,A70000000000000000000000,,1,-64,"865,7",Speedwayr-15-32-c2,"6,240233845118788",
2025-07-25T14:04:39.4020820+03:00,A40000000000000000000000,,1,"-65,5","865,7",Speedwayr-15-32-c2,"3,0372819600135696",
2025-07-25T14:04:39.4037930+03:00,A60000000000000000000000,,1,"-64,5","865,7",Speedwayr-15-32-c2,"4,675573441475434",
2025-07-25T14:04:39.4050860+03:00,A30000000000000000000000,,1,"-63,5","865,7",Speedwayr-15-32-c2,"4,417864669110647",
2025-07-25T14:04:39.4177640+03:00,A70000000000000000000000,,1,"-63,5","865,7",Speedwayr-15-32-c2,"6,1420590746941075",
2025-07-25T14:04:39.4194180+03:00,A60000000000000000000000,,1,-63,"865,7",Speedwayr-15-32-c2,"4,73693267299086",
2025-07-25T14:04:39.4207710+03:00,A20000000000000000000000,,1,-63,"865,7",Speedwayr-15-32-c2,"1,6996507129772904",
2025-07-25T14:04:39.4251510+03:00,A30000000000000000000000,,1,"-63,5","865,7",Speedwayr-15-32-c2,"4,479223900626073",
2025-07-25T14:04:39.4283600+03:00,A40000000000000000000000,,1,"-63,5","865,7",Speedwayr-15-32-c2,"3,0372819600135696",
2025-07-25T14:04:39.4305300+03:00,A80000000000000000000000,,1,-72,"865,7",Speedwayr-15-32-c2,"4,331961744989051",
2025-07-25T14:04:39.4443700+03:00,A60000000000000000000000,,1,-63,"865,7",Speedwayr-15-32-c2,"5,074408446325701",
2025-07-25T14:04:39.4457510+03:00,A70000000000000000000000,,1,"-62,5","865,7",Speedwayr-15-32-c2,"6,117515382087937",
2025-07-25T14:04:39.4481770+03:00,A30000000000000000000000,,1,"-63,5","865,7",Speedwayr-15-32-c2,"4,669437518323892",
2025-07-25T14:04:39.4500890+03:00,A20000000000000000000000,,1,"-63,5","865,7",Speedwayr-15-32-c2,"1,564660403643354",
2025-07-25T14:04:39.4522400+03:00,A40000000000000000000000,,1,-65,"865,7",Speedwayr-15-32-c2,"3,055689729468197",
2025-07-25T14:04:39.4575530+03:00,A80000000000000000000000,,1,"-70,5","865,7",Speedwayr-15-32-c2,"5,117359908386499",
2025-07-25T14:04:39.4715700+03:00,A40000000000000000000000,,1,-65,"865,7",Speedwayr-15-32-c2,"2,859340188618835",
2025-07-25T14:04:39.4734990+03:00,A80000000000000000000000,,1,-72,"865,7",Speedwayr-15-32-c2,"4,368777283898306",
2025-07-25T14:04:39.4746100+03:00,A30000000000000000000000,,1,-63,"865,7",Speedwayr-15-32-c2,"4,522175362686871",
2025-07-25T14:04:39.4761860+03:00,A20000000000000000000000,,1,"-60,5","865,7",Speedwayr-15-32-c2,"1,662835174068035",
2025-07-25T14:04:39.4772990+03:00,A60000000000000000000000,,1,"-62,5","865,7",Speedwayr-15-32-c2,"4,681709364626977",
2025-07-25T14:04:39.4789640+03:00,A70000000000000000000000,,1,"-63,5","865,7",Speedwayr-15-32-c2,"6,086835766330224",
2025-07-25T14:04:39.4937310+03:00,A70000000000000000000000,,1,"-62,5","865,7",Speedwayr-15-32-c2,"6,277049384028044",
2025-07-25T14:04:39.4962720+03:00,A30000000000000000000000,,1,-64,"865,7",Speedwayr-15-32-c2,"4,473087977474529",
2025-07-25T14:04:39.4988080+03:00,A20000000000000000000000,,1,"-62,5","865,7",Speedwayr-15-32-c2,"1,5830681730979816",
2025-07-25T14:04:39.5005480+03:00,A40000000000000000000000,,1,"-64,5","865,7",Speedwayr-15-32-c2,"3,08636934522591",
2025-07-25T14:04:39.5016590+03:00,A60000000000000000000000,,1,"-64,5","865,7",Speedwayr-15-32-c2,"4,700117134081604",
2025-07-25T14:04:39.5029050+03:00,A80000000000000000000000,,1,"-71,5","865,7",Speedwayr-15-32-c2,"4,405592822807561",
2025-07-25T14:04:39.5151950+03:00,A60000000000000000000000,,1,"-62,5","865,7",Speedwayr-15-32-c2,"4,681709364626977",
2025-07-25T14:04:39.5167470+03:00,A70000000000000000000000,,1,"-64,5","865,7",Speedwayr-15-32-c2,"6,086835766330224",
2025-07-25T14:04:39.5188950+03:00,A40000000000000000000000,,1,"-65,5","865,7",Speedwayr-15-32-c2,"3,117048960983623",
2025-07-25T14:04:39.5209770+03:00,A30000000000000000000000,,1,"-63,5","865,7",Speedwayr-15-32-c2,"4,626486056263094",
2025-07-25T14:04:39.5230870+03:00,A20000000000000000000000,,1,-64,"865,7",Speedwayr-15-32-c2,"1,6321555583103222",
2025-07-25T14:04:39.5442160+03:00,A80000000000000000000000,,1,"-71,5","865,7",Speedwayr-15-32-c2,"4,678641403051206",
2025-07-25T14:04:39.5490590+03:00,A60000000000000000000000,,1,"-64,5","865,7",Speedwayr-15-32-c2,"4,8351074434155406",
2025-07-25T14:04:39.5509410+03:00,A30000000000000000000000,,1,-64,"865,7",Speedwayr-15-32-c2,"4,417864669110647",
2025-07-25T14:04:39.5533470+03:00,A40000000000000000000000,,1,"-65,5","865,7",Speedwayr-15-32-c2,"2,945243112740431",
2025-07-25T14:04:39.5550830+03:00,A20000000000000000000000,,1,"-60,5","865,7",Speedwayr-15-32-c2,"1,5401167110371838",
2025-07-25T14:04:39.5568440+03:00,A70000000000000000000000,,1,-64,"865,7",Speedwayr-15-32-c2,"6,1850105367549055",
2025-07-25T14:04:39.5608920+03:00,A80000000000000000000000,,1,"-72,5","865,7",Speedwayr-15-32-c2,"4,767612288748572",
2025-07-25T14:04:39.5734640+03:00,A40000000000000000000000,,1,-64,"865,7",Speedwayr-15-32-c2,"3,08636934522591",
2025-07-25T14:04:39.5765730+03:00,A20000000000000000000000,,1,-62,"865,7",Speedwayr-15-32-c2,"1,662835174068035",
2025-07-25T14:04:39.5802480+03:00,A70000000000000000000000,,1,-62,"865,7",Speedwayr-15-32-c2,"6,062292073724054",
2025-07-25T14:04:39.5817970+03:00,A60000000000000000000000,,1,-64,"865,7",Speedwayr-15-32-c2,"4,651029748869264",
2025-07-25T14:04:39.5831660+03:00,A30000000000000000000000,,1,-63,"865,7",Speedwayr-15-32-c2,"4,473087977474529",
2025-07-25T14:04:39.5924220+03:00,A80000000000000000000000,,1,-71,"865,7",Speedwayr-15-32-c2,"4,546719055293041",
2025-07-25T14:04:39.6065640+03:00,A70000000000000000000000,,1,"-63,5","865,7",Speedwayr-15-32-c2,"6,056156150572511",
2025-07-25T14:04:39.6076200+03:00,A30000000000000000000000,,1,-62,"865,7",Speedwayr-15-32-c2,"4,571262747899211",
2025-07-25T14:04:39.6096290+03:00,A20000000000000000000000,,1,"-63,5","865,7",Speedwayr-15-32-c2,"1,736466251886546",
2025-07-25T14:04:39.6112280+03:00,A60000000000000000000000,,1,-64,"865,7",Speedwayr-15-32-c2,"4,417864669110647",
2025-07-25T14:04:39.6183810+03:00,A40000000000000000000000,,1,"-65,5","865,7",Speedwayr-15-32-c2,"3,055689729468197",
2025-07-25T14:04:39.6218280+03:00,A80000000000000000000000,,1,-70,"865,7",Speedwayr-15-32-c2,"4,804427827657828",
2025-07-25T14:04:39.6349650+03:00,A70000000000000000000000,,1,"-62,5","865,7",Speedwayr-15-32-c2,"6,129787228391022",
2025-07-25T14:04:39.6366790+03:00,A30000000000000000000000,,1,"-62,5","865,7",Speedwayr-15-32-c2,"4,503767593232243",
2025-07-25T14:04:39.6396780+03:00,A20000000000000000000000,,1,"-62,5","865,7",Speedwayr-15-32-c2,"1,7303303287350031",
2025-07-25T14:04:39.6418500+03:00,A60000000000000000000000,,1,"-63,5","865,7",Speedwayr-15-32-c2,"4,6878452877785195",
2025-07-25T14:04:39.6432750+03:00,A40000000000000000000000,,1,-65,"865,7",Speedwayr-15-32-c2,"3,1231848841351653",
2025-07-25T14:04:39.6541870+03:00,A80000000000000000000000,,1,"-70,5","865,7",Speedwayr-15-32-c2,"4,509903516383785",
2025-07-25T14:04:39.6691320+03:00,A60000000000000000000000,,1,-64,"865,7",Speedwayr-15-32-c2,"4,724660826687775",
2025-07-25T14:04:39.6703060+03:00,A20000000000000000000000,,1,-63,"865,7",Speedwayr-15-32-c2,"1,7732817907958012",
2025-07-25T14:04:39.6716170+03:00,A40000000000000000000000,,1,-65,"865,7",Speedwayr-15-32-c2,"3,0495538063166547",
2025-07-25T14:04:39.6729450+03:00,A80000000000000000000000,,1,"-70,5","865,7",Speedwayr-15-32-c2,"4,399456899656019",
2025-07-25T14:04:39.6745110+03:00,A30000000000000000000000,,1,-63,"865,7",Speedwayr-15-32-c2,"4,528311285838413",
2025-07-25T14:04:39.7846640+03:00,A70000000000000000000000,,1,-62,"865,7",Speedwayr-15-32-c2,"6,252505691421874",
2025-07-25T14:04:39.7986390+03:00,A60000000000000000000000,,1,-63,"865,7",Speedwayr-15-32-c2,"4,878058905476339",
2025-07-25T14:04:39.8003770+03:00,A40000000000000000000000,,1,"-65,5","865,7",Speedwayr-15-32-c2,"3,129320807286708",
2025-07-25T14:04:39.8019530+03:00,A30000000000000000000000,,1,"-64,5","865,7",Speedwayr-15-32-c2,"4,638757902566179",
2025-07-25T14:04:39.8030640+03:00,A20000000000000000000000,,1,-62,"865,7",Speedwayr-15-32-c2,"1,6198837120072371",
2025-07-25T14:04:39.8050610+03:00,A70000000000000000000000,,1,-64,"865,7",Speedwayr-15-32-c2,"6,277049384028044",
2025-07-25T14:04:39.8123390+03:00,A80000000000000000000000,,1,"-68,5","865,7",Speedwayr-15-32-c2,"4,540583132141498",
2025-07-25T14:04:39.8248810+03:00,A20000000000000000000000,,1,-63,"865,7",Speedwayr-15-32-c2,"1,9512235621905356",
2025-07-25T14:04:39.8270180+03:00,A40000000000000000000000,,1,-63,"865,7",Speedwayr-15-32-c2,"3,1906800388021335",
2025-07-25T14:04:39.8294250+03:00,A30000000000000000000000,,1,-64,"865,7",Speedwayr-15-32-c2,"4,577398671050753",
2025-07-25T14:04:39.8305460+03:00,A70000000000000000000000,,1,-63,"865,7",Speedwayr-15-32-c2,"0,006135923151542565",
2025-07-25T14:04:39.8324610+03:00,A60000000000000000000000,,1,-63,"865,7",Speedwayr-15-32-c2,"4,957825906446392",
2025-07-25T14:04:39.8406940+03:00,A80000000000000000000000,,1,-71,"865,7",Speedwayr-15-32-c2,"4,577398671050753",
2025-07-25T14:04:39.8542280+03:00,A40000000000000000000000,,1,-64,"865,7",Speedwayr-15-32-c2,"3,411573272257666",
2025-07-25T14:04:39.8569710+03:00,A20000000000000000000000,,1,"-61,5","865,7",Speedwayr-15-32-c2,"1,9696313316451632",
2025-07-25T14:04:39.8584350+03:00,A60000000000000000000000,,1,-64,"865,7",Speedwayr-15-32-c2,"4,97623367590102",
2025-07-25T14:04:39.8595520+03:00,A70000000000000000000000,,1,"-62,5","865,7",Speedwayr-15-32-c2,"0,04908738521234052",
2025-07-25T14:04:39.8605770+03:00,A30000000000000000000000,,1,"-64,5","865,7",Speedwayr-15-32-c2,"4,693981210930062",
2025-07-25T14:04:39.8726250+03:00,A80000000000000000000000,,1,"-72,5","865,7",Speedwayr-15-32-c2,"4,626486056263094",
2025-07-25T14:04:39.8874150+03:00,A20000000000000000000000,,1,"-63,5","865,7",Speedwayr-15-32-c2,"1,748738098189631",
2025-07-25T14:04:39.8888540+03:00,A40000000000000000000000,,1,"-65,5","865,7",Speedwayr-15-32-c2,"3,2520392703175593",
2025-07-25T14:04:39.8913330+03:00,A60000000000000000000000,,1,"-61,5","865,7",Speedwayr-15-32-c2,"4,914874444385594",
2025-07-25T14:04:39.8933720+03:00,A80000000000000000000000,,1,"-72,5","865,7",Speedwayr-15-32-c2,"4,381049130201391",
2025-07-25T14:04:39.8944380+03:00,A30000000000000000000000,,1,"-64,5","865,7",Speedwayr-15-32-c2,"4,773748211900116",
2025-07-25T14:04:39.8955610+03:00,A70000000000000000000000,,1,"-63,5","865,7",Speedwayr-15-32-c2,"0,030679615757712823",
2025-07-25T14:04:39.9101170+03:00,A30000000000000000000000,,1,"-64,5","865,7",Speedwayr-15-32-c2,"4,663301595172349",
2025-07-25T14:04:39.9132480+03:00,A70000000000000000000000,,1,-64,"865,7",Speedwayr-15-32-c2,"6,19728238305799",
2025-07-25T14:04:39.9144730+03:00,A20000000000000000000000,,1,"-61,5","865,7",Speedwayr-15-32-c2,"2,116893487282185",
2025-07-25T14:04:39.9173290+03:00,A60000000000000000000000,,1,-63,"865,7",Speedwayr-15-32-c2,"4,896466674930966",
2025-07-25T14:04:39.9184250+03:00,A40000000000000000000000,,1,-65,"865,7",Speedwayr-15-32-c2,"3,3440781175906977",
2025-07-25T14:04:39.9308770+03:00,A80000000000000000000000,,1,"-72,5","865,7",Speedwayr-15-32-c2,"1,714990520856147",
2025-07-25T14:04:39.9383400+03:00,A30000000000000000000000,,1,"-64,5","865,7",Speedwayr-15-32-c2,"4,767612288748572",
2025-07-25T14:04:39.9400080+03:00,A60000000000000000000000,,1,"-63,5","865,7",Speedwayr-15-32-c2,"5,037592907416445",
2025-07-25T14:04:39.9421890+03:00,A40000000000000000000000,,1,"-64,5","865,7",Speedwayr-15-32-c2,"3,2949907323783574",
2025-07-25T14:04:39.9441660+03:00,A20000000000000000000000,,1,"-61,5","865,7",Speedwayr-15-32-c2,"1,8775924843720249",
2025-07-25T14:04:39.9463590+03:00,A70000000000000000000000,,1,"-62,5","865,7",Speedwayr-15-32-c2,"0,18407769454627693",
2025-07-25T14:04:39.9697830+03:00,A80000000000000000000000,,1,"-70,5","865,7",Speedwayr-15-32-c2,"1,6229516735830083",
2025-07-25T14:04:39.9728190+03:00,A60000000000000000000000,,1,-64,"865,7",Speedwayr-15-32-c2,"5,105088062083414",
2025-07-25T14:04:39.9748570+03:00,A30000000000000000000000,,1,-63,"865,7",Speedwayr-15-32-c2,"4,804427827657828",
2025-07-25T14:04:39.9795430+03:00,A40000000000000000000000,,1,-65,"865,7",Speedwayr-15-32-c2,"3,3747577333484107",
2025-07-25T14:04:39.9816770+03:00,A70000000000000000000000,,1,-64,"865,7",Speedwayr-15-32-c2,"0,09203884727313846",
2025-07-25T14:04:39.9833180+03:00,A20000000000000000000000,,1,-64,"865,7",Speedwayr-15-32-c2,"2,012582793705961",
2025-07-25T14:04:39.9953410+03:00,A80000000000000000000000,,1,"-70,5","865,7",Speedwayr-15-32-c2,"1,6106798272799232",
2025-07-25T14:04:39.9986010+03:00,A30000000000000000000000,,1,-65,"865,7",Speedwayr-15-32-c2,"4,81056375080937",
2025-07-25T14:04:40.0006530+03:00,A70000000000000000000000,,1,"-63,5","865,7",Speedwayr-15-32-c2,"6,240233845118788",
2025-07-25T14:04:40.0029160+03:00,A80000000000000000000000,,1,-71,"865,7",Speedwayr-15-32-c2,"4,970097752749477",
2025-07-25T14:04:40.0042690+03:00,A60000000000000000000000,,1,"-63,5","865,7",Speedwayr-15-32-c2,"4,73693267299086",
2025-07-25T14:04:40.0064720+03:00,A40000000000000000000000,,1,"-65,5","865,7",Speedwayr-15-32-c2,"3,227495577711389",
2025-07-25T14:04:40.0125830+03:00,A20000000000000000000000,,1,"-64,5","865,7",Speedwayr-15-32-c2,"1,9880391010997909",
2025-07-25T14:04:40.0285970+03:00,A40000000000000000000000,,1,"-65,5","865,7",Speedwayr-15-32-c2,"3,3011266555298997",
2025-07-25T14:04:40.0300880+03:00,A20000000000000000000000,,1,"-63,5","865,7",Speedwayr-15-32-c2,"2,030990563160589",
2025-07-25T14:04:40.0311740+03:00,A60000000000000000000000,,1,-62,"865,7",Speedwayr-15-32-c2,"4,914874444385594",
2025-07-25T14:04:40.0331310+03:00,A70000000000000000000000,,1,"-63,5","865,7",Speedwayr-15-32-c2,"0,0859029241215959",
2025-07-25T14:04:40.0346070+03:00,A30000000000000000000000,,1,"-63,5","865,7",Speedwayr-15-32-c2,"4,804427827657828",
2025-07-25T14:04:40.0512160+03:00,A80000000000000000000000,,1,-72,"865,7",Speedwayr-15-32-c2,"1,5892040962495242",
2025-07-25T14:04:40.0584070+03:00,A70000000000000000000000,,1,-64,"865,7",Speedwayr-15-32-c2,"0,2761165418194154",
2025-07-25T14:04:40.0611900+03:00,A60000000000000000000000,,1,"-63,5","865,7",Speedwayr-15-32-c2,"4,8351074434155406",
2025-07-25T14:04:40.0631560+03:00,A40000000000000000000000,,1,"-65,5","865,7",Speedwayr-15-32-c2,"3,6017868899554855",
2025-07-25T14:04:40.0653580+03:00,A30000000000000000000000,,1,-64,"865,7",Speedwayr-15-32-c2,"4,718524903536232",
2025-07-25T14:04:40.0664390+03:00,A20000000000000000000000,,1,-63,"865,7",Speedwayr-15-32-c2,"2,067806102069844",
2025-07-25T14:04:40.0808950+03:00,A80000000000000000000000,,1,-71,"865,7",Speedwayr-15-32-c2,"4,657165672020807",
2025-07-25T14:04:40.0934650+03:00,A70000000000000000000000,,1,"-61,5","865,7",Speedwayr-15-32-c2,"0,19634954084936207",
2025-07-25T14:04:40.0957250+03:00,A60000000000000000000000,,1,"-61,5","865,7",Speedwayr-15-32-c2,"5,135767677841127",
2025-07-25T14:04:40.0979730+03:00,A30000000000000000000000,,1,"-64,5","865,7",Speedwayr-15-32-c2,"4,743068596142402",
2025-07-25T14:04:40.0999560+03:00,A80000000000000000000000,,1,-72,"865,7",Speedwayr-15-32-c2,"4,7860200582032",
2025-07-25T14:04:40.1010250+03:00,A40000000000000000000000,,1,"-64,5","865,7",Speedwayr-15-32-c2,"3,3072625786814425",
2025-07-25T14:04:40.1024040+03:00,A20000000000000000000000,,1,"-62,5","865,7",Speedwayr-15-32-c2,"2,055534255766759",
2025-07-25T14:04:40.1202090+03:00,A70000000000000000000000,,1,-64,"865,7",Speedwayr-15-32-c2,"0,07976700097005335",
2025-07-25T14:04:40.1212630+03:00,A30000000000000000000000,,1,"-63,5","865,7",Speedwayr-15-32-c2,"4,749204519293945",
2025-07-25T14:04:40.1234340+03:00,A60000000000000000000000,,1,-64,"865,7",Speedwayr-15-32-c2,"5,074408446325701",
2025-07-25T14:04:40.1260760+03:00,A20000000000000000000000,,1,"-62,5","865,7",Speedwayr-15-32-c2,"2,061670178918302",
2025-07-25T14:04:40.1282020+03:00,A40000000000000000000000,,1,-65,"865,7",Speedwayr-15-32-c2,"2,9943304979527716",
2025-07-25T14:04:40.1499900+03:00,A80000000000000000000000,,1,-72,"865,7",Speedwayr-15-32-c2,"1,5707963267948966",
2025-07-25T14:04:40.1534960+03:00,A70000000000000000000000,,1,"-62,5","865,7",Speedwayr-15-32-c2,"0,25157284921324513",
2025-07-25T14:04:40.1570380+03:00,A30000000000000000000000,,1,-65,"865,7",Speedwayr-15-32-c2,"4,6878452877785195",
2025-07-25T14:04:40.1581600+03:00,A20000000000000000000000,,1,-61,"865,7",Speedwayr-15-32-c2,"2,067806102069844",
2025-07-25T14:04:40.1598530+03:00,A60000000000000000000000,,1,-63,"865,7",Speedwayr-15-32-c2,"4,95168998329485",
2025-07-25T14:04:40.1618220+03:00,A40000000000000000000000,,1,"-65,5","865,7",Speedwayr-15-32-c2,"3,356349963893783",
2025-07-25T14:04:40.1710020+03:00,A80000000000000000000000,,1,"-72,5","865,7",Speedwayr-15-32-c2,"5,043728830567988",
2025-07-25T14:04:40.1839880+03:00,A20000000000000000000000,,1,"-62,5","865,7",Speedwayr-15-32-c2,"2,067806102069844",
2025-07-25T14:04:40.1872240+03:00,A40000000000000000000000,,1,"-65,5","865,7",Speedwayr-15-32-c2,"3,172272269347506",
2025-07-25T14:04:40.1894490+03:00,A30000000000000000000000,,1,-65,"865,7",Speedwayr-15-32-c2,"4,767612288748572",
2025-07-25T14:04:40.1905310+03:00,A70000000000000000000000,,1,-62,"865,7",Speedwayr-15-32-c2,"0,4356505437595221",
2025-07-25T14:04:40.1916550+03:00,A60000000000000000000000,,1,-63,"865,7",Speedwayr-15-32-c2,"5,154175447295755",
2025-07-25T14:04:40.2058080+03:00,A80000000000000000000000,,1,-70,"865,7",Speedwayr-15-32-c2,"1,6720390587953489",
2025-07-25T14:04:40.2137310+03:00,A20000000000000000000000,,1,"-63,5","865,7",Speedwayr-15-32-c2,"1,9819031779482483",
2025-07-25T14:04:40.2148530+03:00,A60000000000000000000000,,1,-64,"865,7",Speedwayr-15-32-c2,"5,111223985234957",
2025-07-25T14:04:40.2159550+03:00,A70000000000000000000000,,1,"-63,5","865,7",Speedwayr-15-32-c2,"0,20248546400090464",
2025-07-25T14:04:40.2194670+03:00,A30000000000000000000000,,1,-65,"865,7",Speedwayr-15-32-c2,"4,804427827657828",
2025-07-25T14:04:40.2205860+03:00,A40000000000000000000000,,1,"-64,5","865,7",Speedwayr-15-32-c2,"3,129320807286708",
2025-07-25T14:04:40.2317860+03:00,A80000000000000000000000,,1,-68,"865,7",Speedwayr-15-32-c2,"4,871922982324796",
2025-07-25T14:04:40.2445140+03:00,A70000000000000000000000,,1,-64,"865,7",Speedwayr-15-32-c2,"0,16566992509164924",
2025-07-25T14:04:40.2462960+03:00,A30000000000000000000000,,1,"-64,5","865,7",Speedwayr-15-32-c2,"4,595806440505381",
2025-07-25T14:04:40.2476800+03:00,A60000000000000000000000,,1,"-63,5","865,7",Speedwayr-15-32-c2,"5,246214294568893",
2025-07-25T14:04:40.2493000+03:00,A40000000000000000000000,,1,-65,"865,7",Speedwayr-15-32-c2,"3,3072625786814425",
2025-07-25T14:04:40.2542990+03:00,A20000000000000000000000,,1,-62,"865,7",Speedwayr-15-32-c2,"2,012582793705961",
2025-07-25T14:04:40.2634170+03:00,A80000000000000000000000,,1,-73,"865,7",Speedwayr-15-32-c2,"1,8377089838869982",
2025-07-25T14:04:40.2712920+03:00,A40000000000000000000000,,1,"-64,5","865,7",Speedwayr-15-32-c2,"3,2643111166206444",
2025-07-25T14:04:40.2723770+03:00,A30000000000000000000000,,1,-65,"865,7",Speedwayr-15-32-c2,"4,73693267299086",
2025-07-25T14:04:40.2764290+03:00,A70000000000000000000000,,1,"-63,5","865,7",Speedwayr-15-32-c2,"0,14726215563702155",
2025-07-25T14:04:40.2777120+03:00,A20000000000000000000000,,1,"-63,5","865,7",Speedwayr-15-32-c2,"1,9941750242513334",
2025-07-25T14:04:40.2792950+03:00,A60000000000000000000000,,1,-62,"865,7",Speedwayr-15-32-c2,"5,1725832167503825",
2025-07-25T14:04:40.2952900+03:00,A80000000000000000000000,,1,"-70,5","865,7",Speedwayr-15-32-c2,"4,924078329112908",
2025-07-25T14:04:40.3021810+03:00,A70000000000000000000000,,1,"-63,5","865,7",Speedwayr-15-32-c2,"0,3620194659410113",
2025-07-25T14:04:40.3032930+03:00,A60000000000000000000000,,1,"-61,5","865,7",Speedwayr-15-32-c2,"5,043728830567988",
2025-07-25T14:04:40.3048300+03:00,A20000000000000000000000,,1,-64,"865,7",Speedwayr-15-32-c2,"2,067806102069844",
2025-07-25T14:04:40.3067470+03:00,A40000000000000000000000,,1,"-64,5","865,7",Speedwayr-15-32-c2,"3,1784081924990484",
2025-07-25T14:04:40.3078020+03:00,A30000000000000000000000,,1,"-62,5","865,7",Speedwayr-15-32-c2,"4,743068596142402",
2025-07-25T14:04:40.3209310+03:00,A60000000000000000000000,,1,-63,"865,7",Speedwayr-15-32-c2,"5,006913291658733",
2025-07-25T14:04:40.3288190+03:00,A20000000000000000000000,,1,-64,"865,7",Speedwayr-15-32-c2,"2,018718716857504",
2025-07-25T14:04:40.3307570+03:00,A70000000000000000000000,,1,-64,"865,7",Speedwayr-15-32-c2,"0,25157284921324513",
2025-07-25T14:04:40.3324720+03:00,A80000000000000000000000,,1,-71,"865,7",Speedwayr-15-32-c2,"4,902602598082509",
2025-07-25T14:04:40.3346760+03:00,A30000000000000000000000,,1,"-64,5","865,7",Speedwayr-15-32-c2,"4,878058905476339",
2025-07-25T14:04:40.3366540+03:00,A40000000000000000000000,,1,-65,"865,7",Speedwayr-15-32-c2,"3,2520392703175593",
2025-07-25T14:04:40.3499300+03:00,A40000000000000000000000,,1,"-65,5","865,7",Speedwayr-15-32-c2,"3,3072625786814425",
2025-07-25T14:04:40.3516860+03:00,A30000000000000000000000,,1,"-64,5","865,7",Speedwayr-15-32-c2,"4,71238898038469",
2025-07-25T14:04:40.3545350+03:00,A60000000000000000000000,,1,"-62,5","865,7",Speedwayr-15-32-c2,"5,092816215780329",
2025-07-25T14:04:40.3560160+03:00,A70000000000000000000000,,1,-64,"865,7",Speedwayr-15-32-c2,"0,1718058482431918",
2025-07-25T14:04:40.3573560+03:00,A20000000000000000000000,,1,-64,"865,7",Speedwayr-15-32-c2,"1,9512235621905356",
2025-07-25T14:04:40.3618770+03:00,A80000000000000000000000,,1,"-70,5","865,7",Speedwayr-15-32-c2,"4,534447208989955",
2025-07-25T14:04:40.3741000+03:00,A20000000000000000000000,,1,"-62,5","865,7",Speedwayr-15-32-c2,"1,9634954084936207",
2025-07-25T14:04:40.3754530+03:00,A40000000000000000000000,,1,-65,"865,7",Speedwayr-15-32-c2,"3,117048960983623",
2025-07-25T14:04:40.3796940+03:00,A70000000000000000000000,,1,"-64,5","865,7",Speedwayr-15-32-c2,"0,1349903093339364",
2025-07-25T14:04:40.3809930+03:00,A60000000000000000000000,,1,-64,"865,7",Speedwayr-15-32-c2,"4,95168998329485",
2025-07-25T14:04:40.3820740+03:00,A30000000000000000000000,,1,"-64,5","865,7",Speedwayr-15-32-c2,"4,706253057233147",
2025-07-25T14:04:40.3904490+03:00,A80000000000000000000000,,1,"-70,5","865,7",Speedwayr-15-32-c2,"5,013049214810275",
2025-07-25T14:04:40.4029250+03:00,A40000000000000000000000,,1,"-64,5","865,7",Speedwayr-15-32-c2,"3,043417883165112",
2025-07-25T14:04:40.4052770+03:00,A30000000000000000000000,,1,"-64,5","865,7",Speedwayr-15-32-c2,"4,970097752749477",
2025-07-25T14:04:40.4082920+03:00,A60000000000000000000000,,1,"-63,5","865,7",Speedwayr-15-32-c2,"5,129631754689584",
2025-07-25T14:04:40.4097600+03:00,A70000000000000000000000,,1,-64,"865,7",Speedwayr-15-32-c2,"0,18407769454627693",
2025-07-25T14:04:40.4117040+03:00,A20000000000000000000000,,1,-64,"865,7",Speedwayr-15-32-c2,"2,1537090261914402",
2025-07-25T14:04:40.4216690+03:00,A80000000000000000000000,,1,"-69,5","865,7",Speedwayr-15-32-c2,"4,589670517353839",
2025-07-25T14:04:40.4341550+03:00,A30000000000000000000000,,1,"-63,5","865,7",Speedwayr-15-32-c2,"4,651029748869264",
2025-07-25T14:04:40.4369180+03:00,A20000000000000000000000,,1,-63,"865,7",Speedwayr-15-32-c2,"2,12916533358527",
2025-07-25T14:04:40.4380450+03:00,A60000000000000000000000,,1,-63,"865,7",Speedwayr-15-32-c2,"5,006913291658733",
2025-07-25T14:04:40.4416020+03:00,A70000000000000000000000,,1,-64,"865,7",Speedwayr-15-32-c2,"0,14112623248547898",
2025-07-25T14:04:40.4430440+03:00,A40000000000000000000000,,1,-65,"865,7",Speedwayr-15-32-c2,"3,1231848841351653",
2025-07-25T14:04:40.4492450+03:00,A80000000000000000000000,,1,"-65,5","865,7",Speedwayr-15-32-c2,"4,755340442445488",
2025-07-25T14:04:40.4636640+03:00,A60000000000000000000000,,1,"-61,5","865,7",Speedwayr-15-32-c2,"4,970097752749477",
2025-07-25T14:04:40.4649880+03:00,A30000000000000000000000,,1,"-61,5","865,7",Speedwayr-15-32-c2,"4,743068596142402",
2025-07-25T14:04:40.4682290+03:00,A40000000000000000000000,,1,"-65,5","865,7",Speedwayr-15-32-c2,"3,2029518851052186",
2025-07-25T14:04:40.4722010+03:00,A70000000000000000000000,,1,"-63,5","865,7",Speedwayr-15-32-c2,"0,1043106935762236",
2025-07-25T14:04:40.4743700+03:00,A20000000000000000000000,,1,"-62,5","865,7",Speedwayr-15-32-c2,"1,9880391010997909",
2025-07-25T14:04:40.4824990+03:00,A80000000000000000000000,,1,-72,"865,7",Speedwayr-15-32-c2,"4,9302142522644505",
2025-07-25T14:04:40.4909820+03:00,A70000000000000000000000,,1,"-63,5","865,7",Speedwayr-15-32-c2,"0,21475731030398976",
2025-07-25T14:04:40.4929930+03:00,A60000000000000000000000,,1,"-63,5","865,7",Speedwayr-15-32-c2,"5,043728830567988",
2025-07-25T14:04:40.4955380+03:00,A30000000000000000000000,,1,"-64,5","865,7",Speedwayr-15-32-c2,"4,608078286808466",
2025-07-25T14:04:40.4974710+03:00,A20000000000000000000000,,1,"-62,5","865,7",Speedwayr-15-32-c2,"2,000310947402876",
2025-07-25T14:04:40.5004940+03:00,A40000000000000000000000,,1,"-65,5","865,7",Speedwayr-15-32-c2,"2,8654761117703775",
2025-07-25T14:04:40.5127400+03:00,A80000000000000000000000,,1,-72,"865,7",Speedwayr-15-32-c2,"4,896466674930966",
2025-07-25T14:04:40.5188690+03:00,A40000000000000000000000,,1,"-64,5","865,7",Speedwayr-15-32-c2,"3,4054373491061236",
2025-07-25T14:04:40.5221480+03:00,A60000000000000000000000,,1,"-63,5","865,7",Speedwayr-15-32-c2,"5,006913291658733",
2025-07-25T14:04:40.5239370+03:00,A20000000000000000000000,,1,"-62,5","865,7",Speedwayr-15-32-c2,"2,4175537217077703",
2025-07-25T14:04:40.5288420+03:00,A70000000000000000000000,,1,"-64,5","865,7",Speedwayr-15-32-c2,"0,2454369260617026",
2025-07-25T14:04:40.5312700+03:00,A30000000000000000000000,,1,-64,"865,7",Speedwayr-15-32-c2,"4,522175362686871",
2025-07-25T14:04:40.5393670+03:00,A80000000000000000000000,,1,-71,"865,7",Speedwayr-15-32-c2,"1,911340061705509",
2025-07-25T14:04:40.5495920+03:00,A70000000000000000000000,,1,"-63,5","865,7",Speedwayr-15-32-c2,"0,2454369260617026",
2025-07-25T14:04:40.5546220+03:00,A60000000000000000000000,,1,"-63,5","865,7",Speedwayr-15-32-c2,"5,092816215780329",
2025-07-25T14:04:40.5566300+03:00,A40000000000000000000000,,1,-65,"865,7",Speedwayr-15-32-c2,"3,4606606574700063",
2025-07-25T14:04:40.5577300+03:00,A20000000000000000000000,,1,-64,"865,7",Speedwayr-15-32-c2,"2,1046216409791",
2025-07-25T14:04:40.5590850+03:00,A30000000000000000000000,,1,"-64,5","865,7",Speedwayr-15-32-c2,"5,00077736850719",
2025-07-25T14:04:40.5625400+03:00,A80000000000000000000000,,1,-71,"865,7",Speedwayr-15-32-c2,"5,117359908386499",
2025-07-25T14:04:40.5770950+03:00,A70000000000000000000000,,1,-62,"865,7",Speedwayr-15-32-c2,"0,1902136176978195",
2025-07-25T14:04:40.5781660+03:00,A30000000000000000000000,,1,"-63,5","865,7",Speedwayr-15-32-c2,"4,884194828627882",
2025-07-25T14:04:40.5825280+03:00,A40000000000000000000000,,1,"-65,5","865,7",Speedwayr-15-32-c2,"3,117048960983623",
2025-07-25T14:04:40.5845540+03:00,A60000000000000000000000,,1,-63,"865,7",Speedwayr-15-32-c2,"5,019185137961818",
2025-07-25T14:04:40.5857210+03:00,A20000000000000000000000,,1,-63,"865,7",Speedwayr-15-32-c2,"2,012582793705961",
2025-07-25T14:04:40.5908150+03:00,A80000000000000000000000,,1,-70,"865,7",Speedwayr-15-32-c2,"5,0682725231741586",
2025-07-25T14:04:40.6047270+03:00,A30000000000000000000000,,1,-64,"865,7",Speedwayr-15-32-c2,"4,724660826687775",
2025-07-25T14:04:40.6085860+03:00,A40000000000000000000000,,1,"-64,5","865,7",Speedwayr-15-32-c2,"3,160000423044421",
2025-07-25T14:04:40.6103890+03:00,A20000000000000000000000,,1,"-63,5","865,7",Speedwayr-15-32-c2,"2,0064468705544187",
2025-07-25T14:04:40.6125000+03:00,A70000000000000000000000,,1,-63,"865,7",Speedwayr-15-32-c2,"0,1902136176978195",
2025-07-25T14:04:40.6159920+03:00,A60000000000000000000000,,1,"-63,5","865,7",Speedwayr-15-32-c2,"5,013049214810275",
2025-07-25T14:04:40.6390550+03:00,A70000000000000000000000,,1,-63,"865,7",Speedwayr-15-32-c2,"0,16566992509164924",
2025-07-25T14:04:40.6415350+03:00,A20000000000000000000000,,1,-63,"865,7",Speedwayr-15-32-c2,"1,9573594853420782",
2025-07-25T14:04:40.6437820+03:00,A40000000000000000000000,,1,"-63,5","865,7",Speedwayr-15-32-c2,"3,2643111166206444",
2025-07-25T14:04:40.6448840+03:00,A30000000000000000000000,,1,"-64,5","865,7",Speedwayr-15-32-c2,"5,013049214810275",
2025-07-25T14:04:40.6462390+03:00,A60000000000000000000000,,1,"-63,5","865,7",Speedwayr-15-32-c2,"5,074408446325701",
2025-07-25T14:04:40.6508960+03:00,A80000000000000000000000,,1,-72,"865,7",Speedwayr-15-32-c2,"4,97623367590102",
2025-07-25T14:04:40.6633970+03:00,A40000000000000000000000,,1,"-63,5","865,7",Speedwayr-15-32-c2,"3,2213596545598464",
2025-07-25T14:04:40.6653510+03:00,A20000000000000000000000,,1,"-62,5","865,7",Speedwayr-15-32-c2,"1,9696313316451632",
2025-07-25T14:04:40.6680990+03:00,A70000000000000000000000,,1,-63,"865,7",Speedwayr-15-32-c2,"0,12885438618239387",
2025-07-25T14:04:40.6695570+03:00,A30000000000000000000000,,1,"-64,5","865,7",Speedwayr-15-32-c2,"4,669437518323892",
2025-07-25T14:04:40.6706920+03:00,A60000000000000000000000,,1,"-63,5","865,7",Speedwayr-15-32-c2,"5,062136600022616",
2025-07-25T14:04:40.6822950+03:00,A80000000000000000000000,,1,-70,"865,7",Speedwayr-15-32-c2,"4,76147636559703",
2025-07-25T14:04:40.6952470+03:00,A30000000000000000000000,,1,-63,"865,7",Speedwayr-15-32-c2,"4,693981210930062",
2025-07-25T14:04:40.6981420+03:00,A70000000000000000000000,,1,-64,"865,7",Speedwayr-15-32-c2,"0,2454369260617026",
2025-07-25T14:04:40.6992990+03:00,A60000000000000000000000,,1,-63,"865,7",Speedwayr-15-32-c2,"5,0682725231741586",
2025-07-25T14:04:40.7023360+03:00,A40000000000000000000000,,1,"-65,5","865,7",Speedwayr-15-32-c2,"3,2336315008629315",
2025-07-25T14:04:40.7039740+03:00,A20000000000000000000000,,1,"-62,5","865,7",Speedwayr-15-32-c2,"2,110757564130642",
2025-07-25T14:04:40.7100720+03:00,A80000000000000000000000,,1,"-72,5","865,7",Speedwayr-15-32-c2,"4,933282213840222",
2025-07-25T14:04:40.7221660+03:00,A40000000000000000000000,,1,"-65,5","865,7",Speedwayr-15-32-c2,"3,2459033471660166",
2025-07-25T14:04:40.7259880+03:00,A30000000000000000000000,,1,-64,"865,7",Speedwayr-15-32-c2,"4,76147636559703",
2025-07-25T14:04:40.7270930+03:00,A20000000000000000000000,,1,"-62,5","865,7",Speedwayr-15-32-c2,"2,141437179888355",
2025-07-25T14:04:40.7292680+03:00,A60000000000000000000000,,1,"-62,5","865,7",Speedwayr-15-32-c2,"4,988505522204105",
2025-07-25T14:04:40.7307610+03:00,A70000000000000000000000,,1,-64,"865,7",Speedwayr-15-32-c2,"0,14112623248547898",
2025-07-25T14:04:40.7578990+03:00,A80000000000000000000000,,1,-71,"865,7",Speedwayr-15-32-c2,"1,782485675523115",
2025-07-25T14:04:40.7613780+03:00,A40000000000000000000000,,1,"-65,5","865,7",Speedwayr-15-32-c2,"3,2336315008629315",
2025-07-25T14:04:40.7646580+03:00,A60000000000000000000000,,1,-61,"865,7",Speedwayr-15-32-c2,"4,853515212870168",
2025-07-25T14:04:40.7668390+03:00,A20000000000000000000000,,1,-64,"865,7",Speedwayr-15-32-c2,"2,1230294104337273",
2025-07-25T14:04:40.7697000+03:00,A30000000000000000000000,,1,-65,"865,7",Speedwayr-15-32-c2,"4,706253057233147",
2025-07-25T14:04:40.7708260+03:00,A70000000000000000000000,,1,-63,"865,7",Speedwayr-15-32-c2,"0,1902136176978195",
2025-07-25T14:04:40.7845800+03:00,A80000000000000000000000,,1,-70,"865,7",Speedwayr-15-32-c2,"1,6659031356438063",
2025-07-25T14:04:40.7912810+03:00,A20000000000000000000000,,1,"-62,5","865,7",Speedwayr-15-32-c2,"2,0493983326152168",
2025-07-25T14:04:40.7923800+03:00,A30000000000000000000000,,1,"-64,5","865,7",Speedwayr-15-32-c2,"4,675573441475434",
2025-07-25T14:04:40.7937210+03:00,A60000000000000000000000,,1,"-63,5","865,7",Speedwayr-15-32-c2,"4,779884135051658",
2025-07-25T14:04:40.7973750+03:00,A70000000000000000000000,,1,-64,"865,7",Speedwayr-15-32-c2,"0,11658253987930872",
2025-07-25T14:04:40.8008230+03:00,A40000000000000000000000,,1,"-64,5","865,7",Speedwayr-15-32-c2,"3,160000423044421",
2025-07-25T14:04:40.8077740+03:00,A80000000000000000000000,,1,"-71,5","865,7",Speedwayr-15-32-c2,"4,865787059173254",
2025-07-25T14:04:40.8194190+03:00,A20000000000000000000000,,1,"-62,5","865,7",Speedwayr-15-32-c2,"1,932815792735908",
2025-07-25T14:04:40.8205050+03:00,A70000000000000000000000,,1,"-63,5","865,7",Speedwayr-15-32-c2,"0,11044661672776616",
2025-07-25T14:04:40.8215740+03:00,A30000000000000000000000,,1,-64,"865,7",Speedwayr-15-32-c2,"4,6448938257177215",
2025-07-25T14:04:40.8293040+03:00,A60000000000000000000000,,1,"-63,5","865,7",Speedwayr-15-32-c2,"4,988505522204105",
2025-07-25T14:04:40.8308240+03:00,A40000000000000000000000,,1,"-64,5","865,7",Speedwayr-15-32-c2,"3,2213596545598464",
2025-07-25T14:04:40.8419120+03:00,A80000000000000000000000,,1,-72,"865,7",Speedwayr-15-32-c2,"1,7027186745530618",
2025-07-25T14:04:40.8497370+03:00,A40000000000000000000000,,1,-65,"865,7",Speedwayr-15-32-c2,"3,1354567304382504",
2025-07-25T14:04:40.8508370+03:00,A20000000000000000000000,,1,-64,"865,7",Speedwayr-15-32-c2,"1,9266798695843652",
2025-07-25T14:04:40.8530830+03:00,A60000000000000000000000,,1,"-62,5","865,7",Speedwayr-15-32-c2,"4,908738521234052",
2025-07-25T14:04:40.8554970+03:00,A30000000000000000000000,,1,"-64,5","865,7",Speedwayr-15-32-c2,"4,798291904506286",
2025-07-25T14:04:40.8571180+03:00,A70000000000000000000000,,1,-62,"865,7",Speedwayr-15-32-c2,"0,1595340019401067",
2025-07-25T14:04:40.8824860+03:00,A80000000000000000000000,,1,"-71,5","865,7",Speedwayr-15-32-c2,"1,7119225592803755",
2025-07-25T14:04:40.8880720+03:00,A60000000000000000000000,,1,"-62,5","865,7",Speedwayr-15-32-c2,"4,847379289718626",
2025-07-25T14:04:40.8898640+03:00,A70000000000000000000000,,1,"-63,5","865,7",Speedwayr-15-32-c2,"0,15339807878856412",
2025-07-25T14:04:40.8909630+03:00,A20000000000000000000000,,1,"-63,5","865,7",Speedwayr-15-32-c2,"2,000310947402876",
2025-07-25T14:04:40.8941900+03:00,A40000000000000000000000,,1,-64,"865,7",Speedwayr-15-32-c2,"3,0925052683774528",
2025-07-25T14:04:40.8955000+03:00,A30000000000000000000000,,1,"-63,5","865,7",Speedwayr-15-32-c2,"4,6448938257177215",
2025-07-25T14:04:40.8973830+03:00,A80000000000000000000000,,1,-72,"865,7",Speedwayr-15-32-c2,"4,154019973594316",
2025-07-25T14:04:40.9109820+03:00,A20000000000000000000000,,1,"-63,5","865,7",Speedwayr-15-32-c2,"2,000310947402876",
2025-07-25T14:04:40.9121620+03:00,A60000000000000000000000,,1,-63,"865,7",Speedwayr-15-32-c2,"5,00077736850719",
2025-07-25T14:04:40.9154350+03:00,A40000000000000000000000,,1,"-65,5","865,7",Speedwayr-15-32-c2,"3,1906800388021335",
2025-07-25T14:04:40.9167930+03:00,A80000000000000000000000,,1,-71,"865,7",Speedwayr-15-32-c2,"4,724660826687775",
2025-07-25T14:04:40.9178740+03:00,A30000000000000000000000,,1,"-64,5","865,7",Speedwayr-15-32-c2,"4,71238898038469",
2025-07-25T14:04:40.9192430+03:00,A70000000000000000000000,,1,"-64,5","865,7",Speedwayr-15-32-c2,"0,11044661672776616",
2025-07-25T14:04:40.9348410+03:00,A70000000000000000000000,,1,"-63,5","865,7",Speedwayr-15-32-c2,"0,15339807878856412",
2025-07-25T14:04:40.9379220+03:00,A60000000000000000000000,,1,"-63,5","865,7",Speedwayr-15-32-c2,"4,902602598082509",
2025-07-25T14:04:40.9407780+03:00,A20000000000000000000000,,1,"-63,5","865,7",Speedwayr-15-32-c2,"2,0371264863121317",
2025-07-25T14:04:40.9423450+03:00,A80000000000000000000000,,1,-69,"865,7",Speedwayr-15-32-c2,"4,743068596142402",
2025-07-25T14:04:40.9434280+03:00,A40000000000000000000000,,1,"-61,5","865,7",Speedwayr-15-32-c2,"3,117048960983623",
2025-07-25T14:04:40.9447960+03:00,A30000000000000000000000,,1,"-64,5","865,7",Speedwayr-15-32-c2,"4,663301595172349",
2025-07-25T14:04:40.9583710+03:00,A20000000000000000000000,,1,"-62,5","865,7",Speedwayr-15-32-c2,"1,7916895602504288",
2025-07-25T14:04:40.9598210+03:00,A30000000000000000000000,,1,"-63,5","865,7",Speedwayr-15-32-c2,"4,706253057233147",
2025-07-25T14:04:40.9617700+03:00,A60000000000000000000000,,1,-63,"865,7",Speedwayr-15-32-c2,"5,141903600992669",
2025-07-25T14:04:40.9641560+03:00,A70000000000000000000000,,1,-63,"865,7",Speedwayr-15-32-c2,"0,1902136176978195",
2025-07-25T14:04:40.9710140+03:00,A80000000000000000000000,,1,-70,"865,7",Speedwayr-15-32-c2,"4,601942363656923",
2025-07-25T14:04:40.9834830+03:00,A20000000000000000000000,,1,"-63,5","865,7",Speedwayr-15-32-c2,"2,0371264863121317",
2025-07-25T14:04:40.9859380+03:00,A30000000000000000000000,,1,"-62,5","865,7",Speedwayr-15-32-c2,"4,71238898038469",
2025-07-25T14:04:40.9910100+03:00,A40000000000000000000000,,1,-65,"865,7",Speedwayr-15-32-c2,"3,1906800388021335",
2025-07-25T14:04:40.9930240+03:00,A60000000000000000000000,,1,"-63,5","865,7",Speedwayr-15-32-c2,"4,822835597112456",
2025-07-25T14:04:40.9956820+03:00,A70000000000000000000000,,1,"-63,5","865,7",Speedwayr-15-32-c2,"0,2761165418194154",
2025-07-25T14:04:41.0008480+03:00,A80000000000000000000000,,1,-67,"865,7",Speedwayr-15-32-c2,"4,822835597112456",
2025-07-25T14:04:41.0132290+03:00,A70000000000000000000000,,1,"-62,5","865,7",Speedwayr-15-32-c2,"6,209554229361076",
2025-07-25T14:04:41.0170920+03:00,A40000000000000000000000,,1,"-64,5","865,7",Speedwayr-15-32-c2,"3,1661363461959633",
2025-07-25T14:04:41.0184600+03:00,A60000000000000000000000,,1,"-62,5","865,7",Speedwayr-15-32-c2,"4,9394181369917645",
2025-07-25T14:04:41.0195300+03:00,A20000000000000000000000,,1,-63,"865,7",Speedwayr-15-32-c2,"1,9941750242513334",
2025-07-25T14:04:41.0206150+03:00,A30000000000000000000000,,1,-64,"865,7",Speedwayr-15-32-c2,"4,657165672020807",
2025-07-25T14:04:41.0293560+03:00,A80000000000000000000000,,1,-71,"865,7",Speedwayr-15-32-c2,"4,963961829597935",
2025-07-25T14:04:41.0420710+03:00,A60000000000000000000000,,1,"-63,5","865,7",Speedwayr-15-32-c2,"5,00077736850719",
2025-07-25T14:04:41.0458700+03:00,A70000000000000000000000,,1,-63,"865,7",Speedwayr-15-32-c2,"0,22089323345553233",
2025-07-25T14:04:41.0478680+03:00,A20000000000000000000000,,1,"-63,5","865,7",Speedwayr-15-32-c2,"2,110757564130642",
2025-07-25T14:04:41.0502030+03:00,A30000000000000000000000,,1,-65,"865,7",Speedwayr-15-32-c2,"4,804427827657828",
2025-07-25T14:04:41.0517270+03:00,A40000000000000000000000,,1,"-64,5","865,7",Speedwayr-15-32-c2,"3,098641191528995",
2025-07-25T14:04:41.0694740+03:00,A80000000000000000000000,,1,-71,"865,7",Speedwayr-15-32-c2,"1,8285050991596843",
2025-07-25T14:04:41.0744560+03:00,A70000000000000000000000,,1,-64,"865,7",Speedwayr-15-32-c2,"0,3620194659410113",
2025-07-25T14:04:41.0760240+03:00,A30000000000000000000000,,1,"-64,5","865,7",Speedwayr-15-32-c2,"4,779884135051658",
2025-07-25T14:04:41.0776170+03:00,A60000000000000000000000,,1,-63,"865,7",Speedwayr-15-32-c2,"5,037592907416445",
2025-07-25T14:04:41.0794260+03:00,A40000000000000000000000,,1,-64,"865,7",Speedwayr-15-32-c2,"3,2090878082567613",
2025-07-25T14:04:41.0804840+03:00,A20000000000000000000000,,1,"-63,5","865,7",Speedwayr-15-32-c2,"2,0064468705544187",
2025-07-25T14:04:41.0928210+03:00,A80000000000000000000000,,1,-71,"865,7",Speedwayr-15-32-c2,"4,706253057233147",
2025-07-25T14:04:41.1059100+03:00,A60000000000000000000000,,1,-61,"865,7",Speedwayr-15-32-c2,"5,405748296509",
2025-07-25T14:04:41.1085990+03:00,A20000000000000000000000,,1,-64,"865,7",Speedwayr-15-32-c2,"1,9880391010997909",
2025-07-25T14:04:41.1100350+03:00,A70000000000000000000000,,1,-64,"865,7",Speedwayr-15-32-c2,"0,1595340019401067",
2025-07-25T14:04:41.1113620+03:00,A30000000000000000000000,,1,-65,"865,7",Speedwayr-15-32-c2,"4,779884135051658",
2025-07-25T14:04:41.1198020+03:00,A40000000000000000000000,,1,"-64,5","865,7",Speedwayr-15-32-c2,"3,2090878082567613",
2025-07-25T14:04:41.1225650+03:00,A80000000000000000000000,,1,"-71,5","865,7",Speedwayr-15-32-c2,"4,4976316700806995",
2025-07-25T14:04:41.1349640+03:00,A60000000000000000000000,,1,-62,"865,7",Speedwayr-15-32-c2,"5,141903600992669",
2025-07-25T14:04:41.1373560+03:00,A40000000000000000000000,,1,-64,"865,7",Speedwayr-15-32-c2,"3,074097498922825",
2025-07-25T14:04:41.1384930+03:00,A30000000000000000000000,,1,"-63,5","865,7",Speedwayr-15-32-c2,"4,804427827657828",
2025-07-25T14:04:41.1411970+03:00,A20000000000000000000000,,1,-64,"865,7",Speedwayr-15-32-c2,"2,000310947402876",
2025-07-25T14:04:41.1480370+03:00,A70000000000000000000000,,1,"-63,5","865,7",Speedwayr-15-32-c2,"0,1595340019401067",
2025-07-25T14:04:41.1635880+03:00,A30000000000000000000000,,1,-63,"865,7",Speedwayr-15-32-c2,"4,804427827657828",
2025-07-25T14:04:41.1668350+03:00,A70000000000000000000000,,1,-64,"865,7",Speedwayr-15-32-c2,"0,1349903093339364",
2025-07-25T14:04:41.1686050+03:00,A60000000000000000000000,,1,"-63,5","865,7",Speedwayr-15-32-c2,"5,332117218690489",
2025-07-25T14:04:41.1696700+03:00,A40000000000000000000000,,1,-65,"865,7",Speedwayr-15-32-c2,"3,2765829629237295",
2025-07-25T14:04:41.1709810+03:00,A20000000000000000000000,,1,"-63,5","865,7",Speedwayr-15-32-c2,"2,1598449493429825",
2025-07-25T14:04:41.1863460+03:00,A60000000000000000000000,,1,"-62,5","865,7",Speedwayr-15-32-c2,"4,847379289718626",
2025-07-25T14:04:41.1882710+03:00,A40000000000000000000000,,1,-65,"865,7",Speedwayr-15-32-c2,"3,429981041712294",
2025-07-25T14:04:41.1899750+03:00,A70000000000000000000000,,1,"-63,5","865,7",Speedwayr-15-32-c2,"0,17794177139473438",
2025-07-25T14:04:41.1932620+03:00,A20000000000000000000000,,1,-62,"865,7",Speedwayr-15-32-c2,"1,932815792735908",
2025-07-25T14:04:41.1943450+03:00,A30000000000000000000000,,1,"-64,5","865,7",Speedwayr-15-32-c2,"4,657165672020807",
2025-07-25T14:04:41.2130080+03:00,A80000000000000000000000,,1,"-72,5","865,7",Speedwayr-15-32-c2,"1,7548740213411735",
2025-07-25T14:04:41.2165430+03:00,A60000000000000000000000,,1,-63,"865,7",Speedwayr-15-32-c2,"4,9823695990525625",
2025-07-25T14:04:41.2184810+03:00,A40000000000000000000000,,1,"-65,5","865,7",Speedwayr-15-32-c2,"3,3318062712876126",
2025-07-25T14:04:41.2202890+03:00,A70000000000000000000000,,1,"-62,5","865,7",Speedwayr-15-32-c2,"0,04295146206079795",
2025-07-25T14:04:41.2224560+03:00,A30000000000000000000000,,1,"-64,5","865,7",Speedwayr-15-32-c2,"4,822835597112456",
2025-07-25T14:04:41.2244090+03:00,A20000000000000000000000,,1,-63,"865,7",Speedwayr-15-32-c2,"2,073942025221387",
2025-07-25T14:04:41.2380660+03:00,A80000000000000000000000,,1,"-71,5","865,7",Speedwayr-15-32-c2,"1,8315730607354554",
2025-07-25T14:04:41.2436440+03:00,A60000000000000000000000,,1,-61,"865,7",Speedwayr-15-32-c2,"4,988505522204105",
2025-07-25T14:04:41.2447290+03:00,A70000000000000000000000,,1,-63,"865,7",Speedwayr-15-32-c2,"0,15339807878856412",
2025-07-25T14:04:41.2486160+03:00,A20000000000000000000000,,1,-62,"865,7",Speedwayr-15-32-c2,"2,098485717827557",
2025-07-25T14:04:41.2497280+03:00,A40000000000000000000000,,1,"-65,5","865,7",Speedwayr-15-32-c2,"3,11091303783208",
2025-07-25T14:04:41.2512660+03:00,A30000000000000000000000,,1,"-64,5","865,7",Speedwayr-15-32-c2,"4,73693267299086",
2025-07-25T14:04:41.2729760+03:00,A80000000000000000000000,,1,-72,"865,7",Speedwayr-15-32-c2,"4,911806482809823",
2025-07-25T14:04:41.2782750+03:00,A60000000000000000000000,,1,-64,"865,7",Speedwayr-15-32-c2,"5,2768939103266055",
2025-07-25T14:04:41.2811020+03:00,A40000000000000000000000,,1,-65,"865,7",Speedwayr-15-32-c2,"3,368621810196868",
2025-07-25T14:04:41.2822290+03:00,A70000000000000000000000,,1,"-63,5","865,7",Speedwayr-15-32-c2,"0,1902136176978195",
2025-07-25T14:04:41.2832980+03:00,A30000000000000000000000,,1,"-63,5","865,7",Speedwayr-15-32-c2,"4,896466674930966",
2025-07-25T14:04:41.2844690+03:00,A20000000000000000000000,,1,"-61,5","865,7",Speedwayr-15-32-c2,"2,110757564130642",
2025-07-25T14:04:41.2909070+03:00,A80000000000000000000000,,1,"-71,5","865,7",Speedwayr-15-32-c2,"5,086680292628786",
2025-07-25T14:04:41.3075680+03:00,A70000000000000000000000,,1,"-63,5","865,7",Speedwayr-15-32-c2,"0,2086213871524472",
2025-07-25T14:04:41.3086670+03:00,A20000000000000000000000,,1,-64,"865,7",Speedwayr-15-32-c2,"2,141437179888355",
2025-07-25T14:04:41.3110690+03:00,A40000000000000000000000,,1,"-64,5","865,7",Speedwayr-15-32-c2,"3,3624858870453256",
2025-07-25T14:04:41.3121960+03:00,A60000000000000000000000,,1,"-63,5","865,7",Speedwayr-15-32-c2,"4,963961829597935",
2025-07-25T14:04:41.3135810+03:00,A30000000000000000000000,,1,-64,"865,7",Speedwayr-15-32-c2,"4,816699673960914",
2025-07-25T14:04:41.3206070+03:00,A80000000000000000000000,,1,-73,"865,7",Speedwayr-15-32-c2,"4,485359823777615",
2025-07-25T14:04:41.3338770+03:00,A60000000000000000000000,,1,"-62,5","865,7",Speedwayr-15-32-c2,"4,921010367537137",
2025-07-25T14:04:41.3368980+03:00,A70000000000000000000000,,1,"-64,5","865,7",Speedwayr-15-32-c2,"0,20248546400090464",
2025-07-25T14:04:41.3404160+03:00,A20000000000000000000000,,1,"-62,5","865,7",Speedwayr-15-32-c2,"2,12916533358527",
2025-07-25T14:04:41.3415010+03:00,A40000000000000000000000,,1,"-65,5","865,7",Speedwayr-15-32-c2,"3,3195344249845276",
2025-07-25T14:04:41.3427270+03:00,A30000000000000000000000,,1,-65,"865,7",Speedwayr-15-32-c2,"4,878058905476339",
2025-07-25T14:04:41.3508970+03:00,A80000000000000000000000,,1,"-72,5","865,7",Speedwayr-15-32-c2,"4,859651136021712",
2025-07-25T14:04:41.3583190+03:00,A70000000000000000000000,,1,-64,"865,7",Speedwayr-15-32-c2,"0,16566992509164924",
2025-07-25T14:04:41.3599590+03:00,A30000000000000000000000,,1,-64,"865,7",Speedwayr-15-32-c2,"4,921010367537137",
2025-07-25T14:04:41.3655690+03:00,A60000000000000000000000,,1,"-61,5","865,7",Speedwayr-15-32-c2,"5,049864753719531",
2025-07-25T14:04:41.3678740+03:00,A40000000000000000000000,,1,-65,"865,7",Speedwayr-15-32-c2,"3,368621810196868",
2025-07-25T14:04:41.3692400+03:00,A20000000000000000000000,,1,"-62,5","865,7",Speedwayr-15-32-c2,"2,110757564130642",
2025-07-25T14:04:41.3839360+03:00,A80000000000000000000000,,1,"-70,5","865,7",Speedwayr-15-32-c2,"1,8100973297050567",
2025-07-25T14:04:41.3887850+03:00,A20000000000000000000000,,1,"-62,5","865,7",Speedwayr-15-32-c2,"2,1475731030398975",
2025-07-25T14:04:41.3914490+03:00,A60000000000000000000000,,1,-62,"865,7",Speedwayr-15-32-c2,"4,957825906446392",
2025-07-25T14:04:41.3933610+03:00,A70000000000000000000000,,1,"-63,5","865,7",Speedwayr-15-32-c2,"0,23316507975861744",
2025-07-25T14:04:41.3944890+03:00,A40000000000000000000000,,1,-63,"865,7",Speedwayr-15-32-c2,"3,2888548092268146",
2025-07-25T14:04:41.3967410+03:00,A30000000000000000000000,,1,-65,"865,7",Speedwayr-15-32-c2,"5,283029833478148",
2025-07-25T14:04:41.3994490+03:00,A80000000000000000000000,,1,-73,"865,7",Speedwayr-15-32-c2,"5,6143696836614465",
2025-07-25T14:04:41.4121410+03:00,A30000000000000000000000,,1,"-64,5","865,7",Speedwayr-15-32-c2,"4,884194828627882",
2025-07-25T14:04:41.4149270+03:00,A70000000000000000000000,,1,"-63,5","865,7",Speedwayr-15-32-c2,"0,3865631585471816",
2025-07-25T14:04:41.4166390+03:00,A20000000000000000000000,,1,-64,"865,7",Speedwayr-15-32-c2,"2,337786720737717",
2025-07-25T14:04:41.4182620+03:00,A60000000000000000000000,,1,-63,"865,7",Speedwayr-15-32-c2,"4,957825906446392",
2025-07-25T14:04:41.4210510+03:00,A40000000000000000000000,,1,-65,"865,7",Speedwayr-15-32-c2,"3,436116964863836",
2025-07-25T14:04:41.4370830+03:00,A80000000000000000000000,,1,-71,"865,7",Speedwayr-15-32-c2,"1,573864288370668",
2025-07-25T14:04:41.4417640+03:00,A30000000000000000000000,,1,-64,"865,7",Speedwayr-15-32-c2,"4,914874444385594",
2025-07-25T14:04:41.4450090+03:00,A40000000000000000000000,,1,"-64,5","865,7",Speedwayr-15-32-c2,"3,5956509668039427",
2025-07-25T14:04:41.4472170+03:00,A70000000000000000000000,,1,"-63,5","865,7",Speedwayr-15-32-c2,"0,19634954084936207",
2025-07-25T14:04:41.4494050+03:00,A20000000000000000000000,,1,"-63,5","865,7",Speedwayr-15-32-c2,"2,270291566070749",
2025-07-25T14:04:41.4535680+03:00,A60000000000000000000000,,1,-62,"865,7",Speedwayr-15-32-c2,"4,7307967498393175",
2025-07-25T14:04:41.4592290+03:00,A80000000000000000000000,,1,"-72,5","865,7",Speedwayr-15-32-c2,"4,871922982324796",
2025-07-25T14:04:41.4727810+03:00,A60000000000000000000000,,1,-64,"865,7",Speedwayr-15-32-c2,"4,859651136021712",
2025-07-25T14:04:41.4745770+03:00,A70000000000000000000000,,1,"-63,5","865,7",Speedwayr-15-32-c2,"0,5460971604872883",
2025-07-25T14:04:41.4763980+03:00,A40000000000000000000000,,1,"-65,5","865,7",Speedwayr-15-32-c2,"3,313398501832985",
2025-07-25T14:04:41.4776990+03:00,A30000000000000000000000,,1,"-63,5","865,7",Speedwayr-15-32-c2,"4,945554060143307",
2025-07-25T14:04:41.4790550+03:00,A20000000000000000000000,,1,"-63,5","865,7",Speedwayr-15-32-c2,"2,2089323345553233",
2025-07-25T14:04:41.4996700+03:00,A80000000000000000000000,,1,-72,"865,7",Speedwayr-15-32-c2,"4,942486098567536",
2025-07-25T14:04:41.5038090+03:00,A70000000000000000000000,,1,-63,"865,7",Speedwayr-15-32-c2,"0,1595340019401067",
2025-07-25T14:04:41.5065360+03:00,A60000000000000000000000,,1,"-63,5","865,7",Speedwayr-15-32-c2,"5,056000676871073",
2025-07-25T14:04:41.5091870+03:00,A20000000000000000000000,,1,"-63,5","865,7",Speedwayr-15-32-c2,"2,227340104009951",
2025-07-25T14:04:41.5113280+03:00,A40000000000000000000000,,1,-64,"865,7",Speedwayr-15-32-c2,"3,3195344249845276",
2025-07-25T14:04:41.5123980+03:00,A30000000000000000000000,,1,"-64,5","865,7",Speedwayr-15-32-c2,"4,963961829597935",
2025-07-25T14:04:41.5349540+03:00,A80000000000000000000000,,1,-71,"865,7",Speedwayr-15-32-c2,"1,9082721001297376",
2025-07-25T14:04:41.5421730+03:00,A40000000000000000000000,,1,-65,"865,7",Speedwayr-15-32-c2,"3,448388811166921",
2025-07-25T14:04:41.5441250+03:00,A30000000000000000000000,,1,-64,"865,7",Speedwayr-15-32-c2,"4,921010367537137",
2025-07-25T14:04:41.5463470+03:00,A70000000000000000000000,,1,-63,"865,7",Speedwayr-15-32-c2,"0,21475731030398976",
2025-07-25T14:04:41.5477160+03:00,A60000000000000000000000,,1,"-64,5","865,7",Speedwayr-15-32-c2,"4,908738521234052",
2025-07-25T14:04:41.5497210+03:00,A20000000000000000000000,,1,"-62,5","865,7",Speedwayr-15-32-c2,"2,227340104009951",
2025-07-25T14:04:41.5689030+03:00,A60000000000000000000000,,1,-63,"865,7",Speedwayr-15-32-c2,"4,994641445355648",
2025-07-25T14:04:41.5708790+03:00,A40000000000000000000000,,1,"-63,5","865,7",Speedwayr-15-32-c2,"3,472932503773092",
2025-07-25T14:04:41.5720340+03:00,A20000000000000000000000,,1,"-62,5","865,7",Speedwayr-15-32-c2,"2,2396119503130363",
2025-07-25T14:04:41.5744680+03:00,A70000000000000000000000,,1,-64,"865,7",Speedwayr-15-32-c2,"0,1902136176978195",
2025-07-25T14:04:41.5757780+03:00,A30000000000000000000000,,1,-65,"865,7",Speedwayr-15-32-c2,"4,871922982324796",
2025-07-25T14:04:41.5805010+03:00,A80000000000000000000000,,1,"-69,5","865,7",Speedwayr-15-32-c2,"5,0253210611133605",
2025-07-25T14:04:41.5944830+03:00,A70000000000000000000000,,1,-64,"865,7",Speedwayr-15-32-c2,"0,2638446955163303",
2025-07-25T14:04:41.5960490+03:00,A40000000000000000000000,,1,-65,"865,7",Speedwayr-15-32-c2,"3,5036121195308043",
2025-07-25T14:04:41.5993130+03:00,A30000000000000000000000,,1,"-65,5","865,7",Speedwayr-15-32-c2,"4,988505522204105",
2025-07-25T14:04:41.6004500+03:00,A20000000000000000000000,,1,-62,"865,7",Speedwayr-15-32-c2,"2,2089323345553233",
2025-07-25T14:04:41.6016070+03:00,A60000000000000000000000,,1,"-63,5","865,7",Speedwayr-15-32-c2,"4,970097752749477",
2025-07-25T14:04:41.6141760+03:00,A80000000000000000000000,,1,"-71,5","865,7",Speedwayr-15-32-c2,"1,8346410223112268",
2025-07-25T14:04:41.6204340+03:00,A70000000000000000000000,,1,-64,"865,7",Speedwayr-15-32-c2,"0,2638446955163303",
2025-07-25T14:04:41.6217310+03:00,A40000000000000000000000,,1,"-64,5","865,7",Speedwayr-15-32-c2,"3,356349963893783",
2025-07-25T14:04:41.6228160+03:00,A60000000000000000000000,,1,-64,"865,7",Speedwayr-15-32-c2,"5,160311370447297",
2025-07-25T14:04:41.6255410+03:00,A20000000000000000000000,,1,-62,"865,7",Speedwayr-15-32-c2,"2,1475731030398975",
2025-07-25T14:04:41.6266120+03:00,A30000000000000000000000,,1,"-64,5","865,7",Speedwayr-15-32-c2,"4,8351074434155406",
2025-07-25T14:04:41.6357710+03:00,A80000000000000000000000,,1,"-71,5","865,7",Speedwayr-15-32-c2,"5,117359908386499",
2025-07-25T14:04:41.6463760+03:00,A70000000000000000000000,,1,-64,"865,7",Speedwayr-15-32-c2,"0,09817477042468103",
2025-07-25T14:04:41.6475040+03:00,A20000000000000000000000,,1,-63,"865,7",Speedwayr-15-32-c2,"2,141437179888355",
2025-07-25T14:04:41.6488580+03:00,A30000000000000000000000,,1,"-64,5","865,7",Speedwayr-15-32-c2,"4,7307967498393175",
2025-07-25T14:04:41.6501820+03:00,A40000000000000000000000,,1,-65,"865,7",Speedwayr-15-32-c2,"3,3624858870453256",
2025-07-25T14:04:41.6538740+03:00,A60000000000000000000000,,1,"-64,5","865,7",Speedwayr-15-32-c2,"4,669437518323892",
2025-07-25T14:04:41.6682340+03:00,A80000000000000000000000,,1,-72,"865,7",Speedwayr-15-32-c2,"1,9082721001297376",
2025-07-25T14:04:41.6752100+03:00,A60000000000000000000000,,1,"-62,5","865,7",Speedwayr-15-32-c2,"4,97623367590102",
2025-07-25T14:04:41.6779150+03:00,A40000000000000000000000,,1,-65,"865,7",Speedwayr-15-32-c2,"3,4054373491061236",
2025-07-25T14:04:41.6790280+03:00,A20000000000000000000000,,1,"-62,5","865,7",Speedwayr-15-32-c2,"2,1598449493429825",
2025-07-25T14:04:41.6819330+03:00,A70000000000000000000000,,1,"-63,5","865,7",Speedwayr-15-32-c2,"0,25770877236478773",
2025-07-25T14:04:41.6845570+03:00,A30000000000000000000000,,1,"-63,5","865,7",Speedwayr-15-32-c2,"4,743068596142402",
2025-07-25T14:04:41.6919600+03:00,A80000000000000000000000,,1,"-69,5","865,7",Speedwayr-15-32-c2,"4,454680208019902",
2025-07-25T14:04:41.7084950+03:00,A20000000000000000000000,,1,-63,"865,7",Speedwayr-15-32-c2,"2,110757564130642",
2025-07-25T14:04:41.7108130+03:00,A60000000000000000000000,,1,"-63,5","865,7",Speedwayr-15-32-c2,"4,988505522204105",
2025-07-25T14:04:41.7137440+03:00,A80000000000000000000000,,1,-70,"865,7",Speedwayr-15-32-c2,"5,835262917116979",
2025-07-25T14:04:41.7148690+03:00,A30000000000000000000000,,1,-62,"865,7",Speedwayr-15-32-c2,"4,933282213840222",
2025-07-25T14:04:41.7210550+03:00,A40000000000000000000000,,1,-64,"865,7",Speedwayr-15-32-c2,"3,6754179677739964",
2025-07-25T14:04:41.7235040+03:00,A70000000000000000000000,,1,"-63,5","865,7",Speedwayr-15-32-c2,"0,1595340019401067",
2025-07-25T14:04:41.7394430+03:00,A60000000000000000000000,,1,-63,"865,7",Speedwayr-15-32-c2,"4,963961829597935",
2025-07-25T14:04:41.7405510+03:00,A20000000000000000000000,,1,"-62,5","865,7",Speedwayr-15-32-c2,"2,12916533358527",
2025-07-25T14:04:41.7416480+03:00,A70000000000000000000000,,1,"-63,5","865,7",Speedwayr-15-32-c2,"0,2945243112740431",
2025-07-25T14:04:41.7427010+03:00,A30000000000000000000000,,1,-63,"865,7",Speedwayr-15-32-c2,"4,933282213840222",
2025-07-25T14:04:41.7466200+03:00,A40000000000000000000000,,1,"-64,5","865,7",Speedwayr-15-32-c2,"3,485204350076177",
2025-07-25T14:04:41.7582840+03:00,A80000000000000000000000,,1,-72,"865,7",Speedwayr-15-32-c2,"2,043262409463674",
2025-07-25T14:04:41.7694260+03:00,A30000000000000000000000,,1,"-65,5","865,7",Speedwayr-15-32-c2,"4,81056375080937",
2025-07-25T14:04:41.7707370+03:00,A20000000000000000000000,,1,-64,"865,7",Speedwayr-15-32-c2,"2,172116795646068",
2025-07-25T14:04:41.7738890+03:00,A40000000000000000000000,,1,"-64,5","865,7",Speedwayr-15-32-c2,"3,4606606574700063",
2025-07-25T14:04:41.7750590+03:00,A60000000000000000000000,,1,-62,"865,7",Speedwayr-15-32-c2,"5,062136600022616",
2025-07-25T14:04:41.7796110+03:00,A70000000000000000000000,,1,-63,"865,7",Speedwayr-15-32-c2,"0,19634954084936207",
2025-07-25T14:04:41.8047710+03:00,A80000000000000000000000,,1,"-70,5","865,7",Speedwayr-15-32-c2,"1,9696313316451632",
2025-07-25T14:04:41.8127930+03:00,A60000000000000000000000,,1,-62,"865,7",Speedwayr-15-32-c2,"4,841243366567084",
2025-07-25T14:04:41.8147680+03:00,A70000000000000000000000,,1,-62,"865,7",Speedwayr-15-32-c2,"0,4295146206079795",
2025-07-25T14:04:41.8162750+03:00,A20000000000000000000000,,1,-63,"865,7",Speedwayr-15-32-c2,"1,9573594853420782",
2025-07-25T14:04:41.8173590+03:00,A30000000000000000000000,,1,"-63,5","865,7",Speedwayr-15-32-c2,"4,841243366567084",
2025-07-25T14:04:41.8196510+03:00,A40000000000000000000000,,1,-65,"865,7",Speedwayr-15-32-c2,"3,423845118560751",
2025-07-25T14:04:41.8308190+03:00,A80000000000000000000000,,1,-72,"865,7",Speedwayr-15-32-c2,"1,9573594853420782",
2025-07-25T14:04:41.8378020+03:00,A60000000000000000000000,,1,-64,"865,7",Speedwayr-15-32-c2,"4,92714629068868",
2025-07-25T14:04:41.8421970+03:00,A20000000000000000000000,,1,"-61,5","865,7",Speedwayr-15-32-c2,"2,1537090261914402",
2025-07-25T14:04:41.8432370+03:00,A30000000000000000000000,,1,"-63,5","865,7",Speedwayr-15-32-c2,"5,013049214810275",
2025-07-25T14:04:41.8442930+03:00,A70000000000000000000000,,1,-60,"865,7",Speedwayr-15-32-c2,"0,19634954084936207",
2025-07-25T14:04:41.8473630+03:00,A40000000000000000000000,,1,-65,"865,7",Speedwayr-15-32-c2,"3,313398501832985",
2025-07-25T14:04:41.8547050+03:00,A80000000000000000000000,,1,-67,"865,7",Speedwayr-15-32-c2,"4,798291904506286",
2025-07-25T14:04:41.8679470+03:00,A70000000000000000000000,,1,-63,"865,7",Speedwayr-15-32-c2,"0,1227184630308513",
2025-07-25T14:04:41.8704270+03:00,A40000000000000000000000,,1,"-65,5","865,7",Speedwayr-15-32-c2,"3,117048960983623",
2025-07-25T14:04:41.8716240+03:00,A30000000000000000000000,,1,-65,"865,7",Speedwayr-15-32-c2,"4,841243366567084",
2025-07-25T14:04:41.8730200+03:00,A60000000000000000000000,,1,"-62,5","865,7",Speedwayr-15-32-c2,"4,773748211900116",
2025-07-25T14:04:41.8748970+03:00,A20000000000000000000000,,1,"-62,5","865,7",Speedwayr-15-32-c2,"1,9512235621905356",
2025-07-25T14:04:41.8917410+03:00,A80000000000000000000000,,1,"-71,5","865,7",Speedwayr-15-32-c2,"4,890330751779424",
2025-07-25T14:04:41.8981070+03:00,A60000000000000000000000,,1,-63,"865,7",Speedwayr-15-32-c2,"4,767612288748572",
2025-07-25T14:04:41.8995320+03:00,A40000000000000000000000,,1,-66,"865,7",Speedwayr-15-32-c2,"3,3440781175906977",
2025-07-25T14:04:41.9006160+03:00,A20000000000000000000000,,1,"-63,5","865,7",Speedwayr-15-32-c2,"2,098485717827557",
2025-07-25T14:04:41.9039920+03:00,A30000000000000000000000,,1,-64,"865,7",Speedwayr-15-32-c2,"4,92714629068868",
2025-07-25T14:04:41.9069910+03:00,A70000000000000000000000,,1,-63,"865,7",Speedwayr-15-32-c2,"0,25770877236478773",
2025-07-25T14:04:41.9122190+03:00,A80000000000000000000000,,1,"-69,5","865,7",Speedwayr-15-32-c2,"5,178719139901925",
2025-07-25T14:04:41.9266550+03:00,A20000000000000000000000,,1,-63,"865,7",Speedwayr-15-32-c2,"2,0923497946760143",
2025-07-25T14:04:41.9288610+03:00,A40000000000000000000000,,1,-65,"865,7",Speedwayr-15-32-c2,"3,147728576741336",
2025-07-25T14:04:41.9317910+03:00,A70000000000000000000000,,1,"-63,5","865,7",Speedwayr-15-32-c2,"0,09817477042468103",
2025-07-25T14:04:41.9332470+03:00,A30000000000000000000000,,1,-65,"865,7",Speedwayr-15-32-c2,"4,454680208019902",
2025-07-25T14:04:41.9348940+03:00,A60000000000000000000000,,1,"-63,5","865,7",Speedwayr-15-32-c2,"4,6448938257177215",
2025-07-25T14:04:41.9417710+03:00,A80000000000000000000000,,1,-68,"865,7",Speedwayr-15-32-c2,"5,491651220630596",
2025-07-25T14:04:41.9553820+03:00,A40000000000000000000000,,1,-65,"865,7",Speedwayr-15-32-c2,"3,160000423044421",
2025-07-25T14:04:41.9575970+03:00,A20000000000000000000000,,1,-61,"865,7",Speedwayr-15-32-c2,"2,172116795646068",
2025-07-25T14:04:41.9595810+03:00,A60000000000000000000000,,1,-63,"865,7",Speedwayr-15-32-c2,"4,663301595172349",
2025-07-25T14:04:41.9609220+03:00,A30000000000000000000000,,1,-65,"865,7",Speedwayr-15-32-c2,"4,724660826687775",
2025-07-25T14:04:41.9632220+03:00,A70000000000000000000000,,1,"-58,5","865,7",Speedwayr-15-32-c2,"6,240233845118788",
2025-07-25T14:04:41.9687670+03:00,A80000000000000000000000,,1,-72,"865,7",Speedwayr-15-32-c2,"4,896466674930966",
2025-07-25T14:04:41.9812030+03:00,A20000000000000000000000,,1,"-62,5","865,7",Speedwayr-15-32-c2,"2,1230294104337273",
2025-07-25T14:04:41.9827830+03:00,A60000000000000000000000,,1,-63,"865,7",Speedwayr-15-32-c2,"4,663301595172349",
2025-07-25T14:04:41.9852570+03:00,A30000000000000000000000,,1,"-65,5","865,7",Speedwayr-15-32-c2,"4,675573441475434",
2025-07-25T14:04:41.9879030+03:00,A40000000000000000000000,,1,"-65,5","865,7",Speedwayr-15-32-c2,"3,2581751934691017",
2025-07-25T14:04:41.9898260+03:00,A70000000000000000000000,,1,"-63,5","865,7",Speedwayr-15-32-c2,"0,2270291566070749",
2025-07-25T14:04:41.9917390+03:00,A80000000000000000000000,,1,-71,"865,7",Speedwayr-15-32-c2,"4,871922982324796",
2025-07-25T14:04:42.0044060+03:00,A20000000000000000000000,,1,"-60,5","865,7",Speedwayr-15-32-c2,"2,1046216409791",
2025-07-25T14:04:42.0071710+03:00,A70000000000000000000000,,1,-63,"865,7",Speedwayr-15-32-c2,"0,02454369260617026",
2025-07-25T14:04:42.0091600+03:00,A40000000000000000000000,,1,"-65,5","865,7",Speedwayr-15-32-c2,"3,055689729468197",
2025-07-25T14:04:42.0102820+03:00,A60000000000000000000000,,1,"-63,5","865,7",Speedwayr-15-32-c2,"4,822835597112456",
2025-07-25T14:04:42.0125630+03:00,A30000000000000000000000,,1,-65,"865,7",Speedwayr-15-32-c2,"4,651029748869264",
2025-07-25T14:04:42.0206390+03:00,A80000000000000000000000,,1,"-71,5","865,7",Speedwayr-15-32-c2,"1,9819031779482483",
2025-07-25T14:04:42.0288650+03:00,A30000000000000000000000,,1,"-65,5","865,7",Speedwayr-15-32-c2,"4,651029748869264",
2025-07-25T14:04:42.0304190+03:00,A70000000000000000000000,,1,"-62,5","865,7",Speedwayr-15-32-c2,"0,3129320807286708",
2025-07-25T14:04:42.0333620+03:00,A40000000000000000000000,,1,"-64,5","865,7",Speedwayr-15-32-c2,"3,147728576741336",
2025-07-25T14:04:42.0355720+03:00,A60000000000000000000000,,1,"-63,5","865,7",Speedwayr-15-32-c2,"4,865787059173254",
2025-07-25T14:04:42.0370280+03:00,A20000000000000000000000,,1,"-63,5","865,7",Speedwayr-15-32-c2,"2,1046216409791",
2025-07-25T14:04:42.0396290+03:00,A80000000000000000000000,,1,"-68,5","865,7",Speedwayr-15-32-c2,"5,154175447295755",
2025-07-25T14:04:42.0519120+03:00,A40000000000000000000000,,1,"-65,5","865,7",Speedwayr-15-32-c2,"3,2581751934691017",
2025-07-25T14:04:42.0538380+03:00,A30000000000000000000000,,1,-63,"865,7",Speedwayr-15-32-c2,"4,620350133111551",
2025-07-25T14:04:42.0560880+03:00,A70000000000000000000000,,1,"-62,5","865,7",Speedwayr-15-32-c2,"0,32520392703175593",
2025-07-25T14:04:42.0597280+03:00,A20000000000000000000000,,1,"-62,5","865,7",Speedwayr-15-32-c2,"2,1230294104337273",
2025-07-25T14:04:42.0609670+03:00,A60000000000000000000000,,1,-64,"865,7",Speedwayr-15-32-c2,"4,841243366567084",
2025-07-25T14:04:42.0631770+03:00,A80000000000000000000000,,1,-65,"865,7",Speedwayr-15-32-c2,"5,117359908386499",
2025-07-25T14:04:42.0826710+03:00,A30000000000000000000000,,1,"-63,5","865,7",Speedwayr-15-32-c2,"4,724660826687775",
2025-07-25T14:04:42.0838730+03:00,A60000000000000000000000,,1,-65,"865,7",Speedwayr-15-32-c2,"5,031456984264903",
2025-07-25T14:04:42.0864570+03:00,A70000000000000000000000,,1,"-63,5","865,7",Speedwayr-15-32-c2,"0,28225246497095796",
2025-07-25T14:04:42.0879260+03:00,A80000000000000000000000,,1,"-66,5","865,7",Speedwayr-15-32-c2,"5,154175447295755",
2025-07-25T14:04:42.0893070+03:00,A20000000000000000000000,,1,-62,"865,7",Speedwayr-15-32-c2,"2,043262409463674",
2025-07-25T14:04:42.0903640+03:00,A40000000000000000000000,,1,"-65,5","865,7",Speedwayr-15-32-c2,"3,1231848841351653",
2025-07-25T14:04:42.1053150+03:00,A70000000000000000000000,,1,-64,"865,7",Speedwayr-15-32-c2,"0,3190680038802134",
2025-07-25T14:04:42.1080050+03:00,A20000000000000000000000,,1,-62,"865,7",Speedwayr-15-32-c2,"2,061670178918302",
2025-07-25T14:04:42.1094900+03:00,A40000000000000000000000,,1,-65,"865,7",Speedwayr-15-32-c2,"3,129320807286708",
2025-07-25T14:04:42.1135520+03:00,A60000000000000000000000,,1,-63,"865,7",Speedwayr-15-32-c2,"5,190990986205009",
2025-07-25T14:04:42.1146490+03:00,A30000000000000000000000,,1,-65,"865,7",Speedwayr-15-32-c2,"4,871922982324796",
2025-07-25T14:04:42.1197510+03:00,A80000000000000000000000,,1,"-68,5","865,7",Speedwayr-15-32-c2,"5,031456984264903",
2025-07-25T14:04:42.1339820+03:00,A30000000000000000000000,,1,"-65,5","865,7",Speedwayr-15-32-c2,"4,172427743048944",
2025-07-25T14:04:42.1350650+03:00,A70000000000000000000000,,1,-63,"865,7",Speedwayr-15-32-c2,"0,30679615757712825",
2025-07-25T14:04:42.1373020+03:00,A20000000000000000000000,,1,-62,"865,7",Speedwayr-15-32-c2,"1,9941750242513334",
2025-07-25T14:04:42.1389430+03:00,A60000000000000000000000,,1,"-63,5","865,7",Speedwayr-15-32-c2,"4,853515212870168",
2025-07-25T14:04:42.1418210+03:00,A40000000000000000000000,,1,-65,"865,7",Speedwayr-15-32-c2,"3,031146036862027",
2025-07-25T14:04:42.1488350+03:00,A80000000000000000000000,,1,-67,"865,7",Speedwayr-15-32-c2,"5,129631754689584",
2025-07-25T14:04:42.1625510+03:00,A20000000000000000000000,,1,"-61,5","865,7",Speedwayr-15-32-c2,"2,0371264863121317",
2025-07-25T14:04:42.1650920+03:00,A70000000000000000000000,,1,"-62,5","865,7",Speedwayr-15-32-c2,"0,3129320807286708",
2025-07-25T14:04:42.1684650+03:00,A40000000000000000000000,,1,-65,"865,7",Speedwayr-15-32-c2,"2,9268353432858034",
2025-07-25T14:04:42.1717480+03:00,A60000000000000000000000,,1,"-63,5","865,7",Speedwayr-15-32-c2,"5,006913291658733",
2025-07-25T14:04:42.1764390+03:00,A30000000000000000000000,,1,"-63,5","865,7",Speedwayr-15-32-c2,"4,313553975534423",
2025-07-25T14:04:42.1804080+03:00,A80000000000000000000000,,1,"-68,5","865,7",Speedwayr-15-32-c2,"5,092816215780329",
2025-07-25T14:04:42.1950760+03:00,A60000000000000000000000,,1,-63,"865,7",Speedwayr-15-32-c2,"5,0253210611133605",
2025-07-25T14:04:42.1961470+03:00,A20000000000000000000000,,1,"-63,5","865,7",Speedwayr-15-32-c2,"2,061670178918302",
2025-07-25T14:04:42.1972170+03:00,A70000000000000000000000,,1,"-63,5","865,7",Speedwayr-15-32-c2,"0,09817477042468103",
2025-07-25T14:04:42.2016130+03:00,A40000000000000000000000,,1,"-64,5","865,7",Speedwayr-15-32-c2,"2,8777479580734626",
2025-07-25T14:04:42.2044600+03:00,A30000000000000000000000,,1,"-64,5","865,7",Speedwayr-15-32-c2,"4,09266074207889",
2025-07-25T14:04:42.2084090+03:00,A80000000000000000000000,,1,"-70,5","865,7",Speedwayr-15-32-c2,"5,154175447295755",
2025-07-25T14:04:42.2240850+03:00,A20000000000000000000000,,1,-64,"865,7",Speedwayr-15-32-c2,"2,399145952253143",
2025-07-25T14:04:42.2263550+03:00,A40000000000000000000000,,1,"-64,5","865,7",Speedwayr-15-32-c2,"2,650718801466388",
2025-07-25T14:04:42.2275110+03:00,A60000000000000000000000,,1,-62,"865,7",Speedwayr-15-32-c2,"4,669437518323892",
2025-07-25T14:04:42.2287350+03:00,A70000000000000000000000,,1,"-63,5","865,7",Speedwayr-15-32-c2,"0,3129320807286708",
2025-07-25T14:04:42.2298780+03:00,A30000000000000000000000,,1,"-65,5","865,7",Speedwayr-15-32-c2,"4,246058820867455",
2025-07-25T14:04:42.2319790+03:00,A80000000000000000000000,,1,"-70,5","865,7",Speedwayr-15-32-c2,"5,246214294568893",
2025-07-25T14:04:42.2476570+03:00,A60000000000000000000000,,1,"-61,5","865,7",Speedwayr-15-32-c2,"4,565126824747668",
2025-07-25T14:04:42.2499090+03:00,A70000000000000000000000,,1,-64,"865,7",Speedwayr-15-32-c2,"0,34974761963792617",
2025-07-25T14:04:42.2516740+03:00,A20000000000000000000000,,1,"-65,5","865,7",Speedwayr-15-32-c2,"2,521864415283994",
2025-07-25T14:04:42.2536270+03:00,A30000000000000000000000,,1,-64,"865,7",Speedwayr-15-32-c2,"4,006757817957295",
2025-07-25T14:04:42.2555890+03:00,A40000000000000000000000,,1,"-64,5","865,7",Speedwayr-15-32-c2,"2,8654761117703775",
2025-07-25T14:04:42.2592860+03:00,A80000000000000000000000,,1,-70,"865,7",Speedwayr-15-32-c2,"4,853515212870168",
2025-07-25T14:04:42.2731150+03:00,A60000000000000000000000,,1,-60,"865,7",Speedwayr-15-32-c2,"4,4976316700806995",
2025-07-25T14:04:42.2744870+03:00,A70000000000000000000000,,1,-64,"865,7",Speedwayr-15-32-c2,"0,2270291566070749",
2025-07-25T14:04:42.2801140+03:00,A30000000000000000000000,,1,"-65,5","865,7",Speedwayr-15-32-c2,"3,9208548938356986",
2025-07-25T14:04:42.2815290+03:00,A40000000000000000000000,,1,"-64,5","865,7",Speedwayr-15-32-c2,"2,7979809571034093",
2025-07-25T14:04:42.2849880+03:00,A20000000000000000000000,,1,"-63,5","865,7",Speedwayr-15-32-c2,"3,2397674240144743",
2025-07-25T14:04:42.2873370+03:00,A80000000000000000000000,,1,"-68,5","865,7",Speedwayr-15-32-c2,"4,994641445355648",
2025-07-25T14:04:42.3022510+03:00,A40000000000000000000000,,1,-64,"865,7",Speedwayr-15-32-c2,"2,5893595699509624",
2025-07-25T14:04:42.3037210+03:00,A60000000000000000000000,,1,-60,"865,7",Speedwayr-15-32-c2,"4,246058820867455",
2025-07-25T14:04:42.3060280+03:00,A70000000000000000000000,,1,"-62,5","865,7",Speedwayr-15-32-c2,"0,23930100291016002",
2025-07-25T14:04:42.3087610+03:00,A30000000000000000000000,,1,-66,"865,7",Speedwayr-15-32-c2,"3,773592738198677",
2025-07-25T14:04:42.3113110+03:00,A80000000000000000000000,,1,"-70,5","865,7",Speedwayr-15-32-c2,"4,706253057233147",
2025-07-25T14:04:42.3239710+03:00,A20000000000000000000000,,1,-69,"865,7",Speedwayr-15-32-c2,"2,0033789089786476",
2025-07-25T14:04:42.3306240+03:00,A30000000000000000000000,,1,"-66,5","865,7",Speedwayr-15-32-c2,"3,650874275167826",
2025-07-25T14:04:42.3337900+03:00,A60000000000000000000000,,1,-59,"865,7",Speedwayr-15-32-c2,"4,1417481272912315",
2025-07-25T14:04:42.3355530+03:00,A40000000000000000000000,,1,-63,"865,7",Speedwayr-15-32-c2,"2,779573187648782",
2025-07-25T14:04:42.3383680+03:00,A70000000000000000000000,,1,"-62,5","865,7",Speedwayr-15-32-c2,"0,521553467881118",
2025-07-25T14:04:42.3428010+03:00,A20000000000000000000000,,1,-68,"865,7",Speedwayr-15-32-c2,"5,47937937432751",
2025-07-25T14:04:42.3498350+03:00,A80000000000000000000000,,1,"-70,5","865,7",Speedwayr-15-32-c2,"4,239922897715912",
2025-07-25T14:04:42.3639640+03:00,A40000000000000000000000,,1,-63,"865,7",Speedwayr-15-32-c2,"2,9145634969827183",
2025-07-25T14:04:42.3690560+03:00,A60000000000000000000000,,1,"-60,5","865,7",Speedwayr-15-32-c2,"3,9269908169872414",
2025-07-25T14:04:42.3709980+03:00,A20000000000000000000000,,1,-65,"865,7",Speedwayr-15-32-c2,0,
2025-07-25T14:04:42.3785310+03:00,A30000000000000000000000,,1,"-67,5","865,7",Speedwayr-15-32-c2,"2,945243112740431",
2025-07-25T14:04:42.3795700+03:00,A70000000000000000000000,,1,-64,"865,7",Speedwayr-15-32-c2,"0,4295146206079795",
2025-07-25T14:04:42.3875330+03:00,A80000000000000000000000,,1,-69,"865,7",Speedwayr-15-32-c2,"4,540583132141498",
2025-07-25T14:04:42.4006760+03:00,A20000000000000000000000,,1,"-61,5","865,7",Speedwayr-15-32-c2,"6,258641614573416",
2025-07-25T14:04:42.4038490+03:00,A40000000000000000000000,,1,-63,"865,7",Speedwayr-15-32-c2,"2,5341362615870793",
2025-07-25T14:04:42.4081440+03:00,A60000000000000000000000,,1,"-60,5","865,7",Speedwayr-15-32-c2,"3,8288160465625602",
2025-07-25T14:04:42.4105160+03:00,A30000000000000000000000,,1,-66,"865,7",Speedwayr-15-32-c2,"2,6691265709210157",
2025-07-25T14:04:42.4117400+03:00,A70000000000000000000000,,1,-64,"865,7",Speedwayr-15-32-c2,"0,48473792897186263",
2025-07-25T14:04:42.4198250+03:00,A80000000000000000000000,,1,"-69,5","865,7",Speedwayr-15-32-c2,"4,614214209960009",
2025-07-25T14:04:42.4344670+03:00,A40000000000000000000000,,1,"-61,5","865,7",Speedwayr-15-32-c2,"2,7979809571034093",
2025-07-25T14:04:42.4358810+03:00,A60000000000000000000000,,1,"-60,5","865,7",Speedwayr-15-32-c2,"3,933126740138784",
2025-07-25T14:04:42.4388300+03:00,A70000000000000000000000,,1,"-63,5","865,7",Speedwayr-15-32-c2,"0,48473792897186263",
2025-07-25T14:04:42.4402430+03:00,A20000000000000000000000,,1,-60,"865,7",Speedwayr-15-32-c2,"6,264777537724958",
2025-07-25T14:04:42.4413600+03:00,A80000000000000000000000,,1,-68,"865,7",Speedwayr-15-32-c2,"4,675573441475434",
2025-07-25T14:04:42.4439400+03:00,A30000000000000000000000,,1,"-66,5","865,7",Speedwayr-15-32-c2,"2,5709518004963345",
2025-07-25T14:04:42.4565890+03:00,A40000000000000000000000,,1,"-64,5","865,7",Speedwayr-15-32-c2,"2,761165418194154",
2025-07-25T14:04:42.4621910+03:00,A60000000000000000000000,,1,"-60,5","865,7",Speedwayr-15-32-c2,"3,6263305825616556",
2025-07-25T14:04:42.4632780+03:00,A70000000000000000000000,,1,"-62,5","865,7",Speedwayr-15-32-c2,"0,4356505437595221",
2025-07-25T14:04:42.4643630+03:00,A20000000000000000000000,,1,-59,"865,7",Speedwayr-15-32-c2,"6,22182607566416",
2025-07-25T14:04:42.4673380+03:00,A30000000000000000000000,,1,"-67,5","865,7",Speedwayr-15-32-c2,"3,000466421104314",
2025-07-25T14:04:42.4690450+03:00,A80000000000000000000000,,1,"-69,5","865,7",Speedwayr-15-32-c2,"4,724660826687775",
2025-07-25T14:04:42.4816140+03:00,A30000000000000000000000,,1,"-67,5","865,7",Speedwayr-15-32-c2,"2,5709518004963345",
2025-07-25T14:04:42.4845890+03:00,A40000000000000000000000,,1,-63,"865,7",Speedwayr-15-32-c2,"2,7120780329818137",
2025-07-25T14:04:42.4865250+03:00,A70000000000000000000000,,1,-63,"865,7",Speedwayr-15-32-c2,"0,6381360077604268",
2025-07-25T14:04:42.4894300+03:00,A60000000000000000000000,,1,-61,"865,7",Speedwayr-15-32-c2,"3,485204350076177",
2025-07-25T14:04:42.4909440+03:00,A20000000000000000000000,,1,-59,"865,7",Speedwayr-15-32-c2,"6,135923151542564",
2025-07-25T14:04:42.5027330+03:00,A80000000000000000000000,,1,"-68,5","865,7",Speedwayr-15-32-c2,"4,454680208019902",
2025-07-25T14:04:42.5183350+03:00,A60000000000000000000000,,1,"-61,5","865,7",Speedwayr-15-32-c2,"3,3502140407422405",
2025-07-25T14:04:42.5206920+03:00,A20000000000000000000000,,1,"-57,5","865,7",Speedwayr-15-32-c2,"6,050020227420969",
2025-07-25T14:04:42.5238610+03:00,A70000000000000000000000,,1,-63,"865,7",Speedwayr-15-32-c2,"0,619728238305799",
2025-07-25T14:04:42.5259830+03:00,A40000000000000000000000,,1,-61,"865,7",Speedwayr-15-32-c2,"2,859340188618835",
2025-07-25T14:04:42.5282540+03:00,A30000000000000000000000,,1,-67,"865,7",Speedwayr-15-32-c2,"2,730485802436441",
2025-07-25T14:04:42.5293560+03:00,A80000000000000000000000,,1,"-70,5","865,7",Speedwayr-15-32-c2,"4,755340442445488",
2025-07-25T14:04:42.5437520+03:00,A40000000000000000000000,,1,-64,"865,7",Speedwayr-15-32-c2,"2,945243112740431",
2025-07-25T14:04:42.5451500+03:00,A60000000000000000000000,,1,"-61,5","865,7",Speedwayr-15-32-c2,"3,368621810196868",
2025-07-25T14:04:42.5464900+03:00,A70000000000000000000000,,1,-64,"865,7",Speedwayr-15-32-c2,"0,5951845456996288",
2025-07-25T14:04:42.5476270+03:00,A20000000000000000000000,,1,-57,"865,7",Speedwayr-15-32-c2,"6,025476534814799",
2025-07-25T14:04:42.5494550+03:00,A80000000000000000000000,,1,"-66,5","865,7",Speedwayr-15-32-c2,"4,196971435655114",
2025-07-25T14:04:42.5531160+03:00,A30000000000000000000000,,1,-65,"865,7",Speedwayr-15-32-c2,"2,5464081078901644",
2025-07-25T14:04:42.5677020+03:00,A60000000000000000000000,,1,-62,"865,7",Speedwayr-15-32-c2,"3,2336315008629315",
2025-07-25T14:04:42.5705560+03:00,A70000000000000000000000,,1,"-62,5","865,7",Speedwayr-15-32-c2,"0,7792622402459057",
2025-07-25T14:04:42.5745920+03:00,A30000000000000000000000,,1,-63,"865,7",Speedwayr-15-32-c2,"2,6323110320117604",
2025-07-25T14:04:42.5761850+03:00,A20000000000000000000000,,1,-57,"865,7",Speedwayr-15-32-c2,"5,964117303299373",
2025-07-25T14:04:42.5787040+03:00,A40000000000000000000000,,1,-64,"865,7",Speedwayr-15-32-c2,"2,8409324191642074",
2025-07-25T14:04:42.5892400+03:00,A80000000000000000000000,,1,"-70,5","865,7",Speedwayr-15-32-c2,"4,335029706564822",
2025-07-25T14:04:42.5988450+03:00,A20000000000000000000000,,1,-57,"865,7",Speedwayr-15-32-c2,"6,000932842208628",
2025-07-25T14:04:42.6000450+03:00,A60000000000000000000000,,1,"-62,5","865,7",Speedwayr-15-32-c2,"3,1906800388021335",
2025-07-25T14:04:42.6013700+03:00,A30000000000000000000000,,1,-67,"865,7",Speedwayr-15-32-c2,"2,834796496012665",
2025-07-25T14:04:42.6037620+03:00,A70000000000000000000000,,1,"-62,5","865,7",Speedwayr-15-32-c2,"0,5031456984264903",
2025-07-25T14:04:42.6086120+03:00,A40000000000000000000000,,1,"-64,5","865,7",Speedwayr-15-32-c2,"3,0925052683774528",
2025-07-25T14:04:42.6147830+03:00,A80000000000000000000000,,1,-69,"865,7",Speedwayr-15-32-c2,"4,0128937411088375",
2025-07-25T14:04:42.6301070+03:00,A40000000000000000000000,,1,"-64,5","865,7",Speedwayr-15-32-c2,"2,9268353432858034",
2025-07-25T14:04:42.6315350+03:00,A20000000000000000000000,,1,-58,"865,7",Speedwayr-15-32-c2,"5,988660995905543",
2025-07-25T14:04:42.6387640+03:00,A30000000000000000000000,,1,"-67,5","865,7",Speedwayr-15-32-c2,"2,693670263527186",
2025-07-25T14:04:42.6398620+03:00,A80000000000000000000000,,1,-70,"865,7",Speedwayr-15-32-c2,"4,172427743048944",
2025-07-25T14:04:42.6414590+03:00,A70000000000000000000000,,1,-64,"865,7",Speedwayr-15-32-c2,"0,3620194659410113",
2025-07-25T14:04:42.6442290+03:00,A60000000000000000000000,,1,"-60,5","865,7",Speedwayr-15-32-c2,"3,018874190558942",
2025-07-25T14:04:42.6596350+03:00,A20000000000000000000000,,1,"-57,5","865,7",Speedwayr-15-32-c2,"5,970253226450915",
2025-07-25T14:04:42.6609750+03:00,A70000000000000000000000,,1,"-63,5","865,7",Speedwayr-15-32-c2,"0,28838838812250056",
2025-07-25T14:04:42.6675120+03:00,A40000000000000000000000,,1,"-64,5","865,7",Speedwayr-15-32-c2,"2,9329712664373457",
2025-07-25T14:04:42.6688400+03:00,A30000000000000000000000,,1,-67,"865,7",Speedwayr-15-32-c2,"2,521864415283994",
2025-07-25T14:04:42.6699660+03:00,A60000000000000000000000,,1,-63,"865,7",Speedwayr-15-32-c2,"2,9759227284981438",
2025-07-25T14:04:42.6873270+03:00,A80000000000000000000000,,1,"-70,5","865,7",Speedwayr-15-32-c2,"0,8620972027917303",
2025-07-25T14:04:42.6967890+03:00,A70000000000000000000000,,1,"-60,5","865,7",Speedwayr-15-32-c2,"0,2638446955163303",
2025-07-25T14:04:42.6978870+03:00,A60000000000000000000000,,1,"-63,5","865,7",Speedwayr-15-32-c2,"2,9145634969827183",
2025-07-25T14:04:42.7002010+03:00,A20000000000000000000000,,1,-58,"865,7",Speedwayr-15-32-c2,"5,921165841238575",
2025-07-25T14:04:42.7069060+03:00,A30000000000000000000000,,1,"-67,5","865,7",Speedwayr-15-32-c2,"2,411417798556228",
2025-07-25T14:04:42.7116760+03:00,A40000000000000000000000,,1,-64,"865,7",Speedwayr-15-32-c2,"2,8409324191642074",
2025-07-25T14:04:42.7203810+03:00,A80000000000000000000000,,1,-70,"865,7",Speedwayr-15-32-c2,"3,8533597391687304",
2025-07-25T14:04:42.7395070+03:00,A60000000000000000000000,,1,-63,"865,7",Speedwayr-15-32-c2,"2,773437264497239",
2025-07-25T14:04:42.7406170+03:00,A40000000000000000000000,,1,-64,"865,7",Speedwayr-15-32-c2,"3,0127382674073995",
2025-07-25T14:04:42.7419580+03:00,A30000000000000000000000,,1,"-62,5","865,7",Speedwayr-15-32-c2,"2,399145952253143",
2025-07-25T14:04:42.7442920+03:00,A20000000000000000000000,,1,-57,"865,7",Speedwayr-15-32-c2,"5,712544454086128",
2025-07-25T14:04:42.7490390+03:00,A80000000000000000000000,,1,-68,"865,7",Speedwayr-15-32-c2,"3,792000507653305",
2025-07-25T14:04:42.7618270+03:00,A70000000000000000000000,,1,-64,"865,7",Speedwayr-15-32-c2,"0,3129320807286708",
2025-07-25T14:04:42.7632960+03:00,A20000000000000000000000,,1,-57,"865,7",Speedwayr-15-32-c2,"5,872078456026235",
2025-07-25T14:04:42.7659440+03:00,A30000000000000000000000,,1,-62,"865,7",Speedwayr-15-32-c2,"2,350058567040802",
2025-07-25T14:04:42.7697420+03:00,A40000000000000000000000,,1,-64,"865,7",Speedwayr-15-32-c2,"2,890019804376548",
2025-07-25T14:04:42.7721120+03:00,A60000000000000000000000,,1,-61,"865,7",Speedwayr-15-32-c2,"2,3930100291016",
2025-07-25T14:04:42.7911590+03:00,A80000000000000000000000,,1,-69,"865,7",Speedwayr-15-32-c2,"3,8717675086233583",
2025-07-25T14:04:42.8055890+03:00,A20000000000000000000000,,1,-57,"865,7",Speedwayr-15-32-c2,"5,9088939949354895",
2025-07-25T14:04:42.8078170+03:00,A70000000000000000000000,,1,-62,"865,7",Speedwayr-15-32-c2,"0,030679615757712823",
2025-07-25T14:04:42.8089460+03:00,A40000000000000000000000,,1,"-63,5","865,7",Speedwayr-15-32-c2,"2,8532042654672924",
2025-07-25T14:04:42.8144190+03:00,A30000000000000000000000,,1,"-66,5","865,7",Speedwayr-15-32-c2,"2,1966604882522383",
2025-07-25T14:04:42.8158200+03:00,A60000000000000000000000,,1,"-62,5","865,7",Speedwayr-15-32-c2,"2,705942109830271",
2025-07-25T14:04:42.8211560+03:00,A80000000000000000000000,,1,"-69,5","865,7",Speedwayr-15-32-c2,"3,7551849687440497",
2025-07-25T14:04:42.8388270+03:00,A20000000000000000000000,,1,-57,"865,7",Speedwayr-15-32-c2,"5,915029918087033",
2025-07-25T14:04:42.8428260+03:00,A30000000000000000000000,,1,"-63,5","865,7",Speedwayr-15-32-c2,"1,9144080232812801",
2025-07-25T14:04:42.8476470+03:00,A60000000000000000000000,,1,"-63,5","865,7",Speedwayr-15-32-c2,"2,6323110320117604",
2025-07-25T14:04:42.8550820+03:00,A70000000000000000000000,,1,-64,"865,7",Speedwayr-15-32-c2,"6,2034183062095325",
2025-07-25T14:04:42.8594050+03:00,A40000000000000000000000,,1,"-63,5","865,7",Speedwayr-15-32-c2,"6,019340611663256",
2025-07-25T14:04:42.8615750+03:00,A80000000000000000000000,,1,-70,"865,7",Speedwayr-15-32-c2,"0,5921165841238575",
2025-07-25T14:04:42.8653060+03:00,A20000000000000000000000,,1,-57,"865,7",Speedwayr-15-32-c2,"5,8475347634200645",
2025-07-25T14:04:42.8693350+03:00,A40000000000000000000000,,1,"-63,5","865,7",Speedwayr-15-32-c2,"2,8286605728611223",
2025-07-25T14:04:42.8713130+03:00,A70000000000000000000000,,1,"-64,5","865,7",Speedwayr-15-32-c2,"6,19728238305799",
2025-07-25T14:04:42.8724520+03:00,A60000000000000000000000,,1,-61,"865,7",Speedwayr-15-32-c2,"2,509592568980909",
2025-07-25T14:04:42.8790470+03:00,A30000000000000000000000,,1,-68,"865,7",Speedwayr-15-32-c2,"2,337786720737717",
2025-07-25T14:04:42.8802640+03:00,A80000000000000000000000,,1,-69,"865,7",Speedwayr-15-32-c2,"3,2949907323783574",
2025-07-25T14:04:42.8931180+03:00,A20000000000000000000000,,1,-58,"865,7",Speedwayr-15-32-c2,"5,927301764390117",
2025-07-25T14:04:42.8950550+03:00,A40000000000000000000000,,1,"-63,5","865,7",Speedwayr-15-32-c2,"2,804116880254952",
2025-07-25T14:04:42.8961810+03:00,A70000000000000000000000,,1,"-61,5","865,7",Speedwayr-15-32-c2,"6,080699843178682",
2025-07-25T14:04:42.8989430+03:00,A80000000000000000000000,,1,-70,"865,7",Speedwayr-15-32-c2,"3,9453985864418692",
2025-07-25T14:04:42.9006670+03:00,A30000000000000000000000,,1,"-66,5","865,7",Speedwayr-15-32-c2,"2,4605051837685683",
2025-07-25T14:04:42.9048300+03:00,A60000000000000000000000,,1,"-62,5","865,7",Speedwayr-15-32-c2,"2,4727770300716534",
2025-07-25T14:04:42.9211090+03:00,A40000000000000000000000,,1,-64,"865,7",Speedwayr-15-32-c2,"2,804116880254952",
2025-07-25T14:04:42.9225080+03:00,A70000000000000000000000,,1,-62,"865,7",Speedwayr-15-32-c2,"6,037748381117884",
2025-07-25T14:04:42.9261070+03:00,A60000000000000000000000,,1,"-62,5","865,7",Speedwayr-15-32-c2,"2,399145952253143",
2025-07-25T14:04:42.9272730+03:00,A20000000000000000000000,,1,-57,"865,7",Speedwayr-15-32-c2,"5,982525072754001",
2025-07-25T14:04:42.9286290+03:00,A30000000000000000000000,,1,-68,"865,7",Speedwayr-15-32-c2,"2,435961491162398",
2025-07-25T14:04:42.9391360+03:00,A80000000000000000000000,,1,-70,"865,7",Speedwayr-15-32-c2,"3,509748042682347",
2025-07-25T14:04:42.9510250+03:00,A20000000000000000000000,,1,-59,"865,7",Speedwayr-15-32-c2,"5,7616318392984684",
2025-07-25T14:04:42.9554460+03:00,A40000000000000000000000,,1,-62,"865,7",Speedwayr-15-32-c2,"2,9022916506796332",
2025-07-25T14:04:42.9588650+03:00,A70000000000000000000000,,1,"-63,5","865,7",Speedwayr-15-32-c2,"6,007068765360171",
2025-07-25T14:04:42.9599930+03:00,A60000000000000000000000,,1,-63,"865,7",Speedwayr-15-32-c2,"2,386874105950058",
2025-07-25T14:04:42.9610630+03:00,A30000000000000000000000,,1,-67,"865,7",Speedwayr-15-32-c2,"2,6261751088602177",
2025-07-25T14:04:42.9700250+03:00,A80000000000000000000000,,1,-69,"865,7",Speedwayr-15-32-c2,"3,6447383520162835",
2025-07-25T14:04:42.9839010+03:00,A20000000000000000000000,,1,"-57,5","865,7",Speedwayr-15-32-c2,"5,822991070813893",
2025-07-25T14:04:42.9873240+03:00,A40000000000000000000000,,1,-64,"865,7",Speedwayr-15-32-c2,"2,767301341345697",
2025-07-25T14:04:42.9890560+03:00,A60000000000000000000000,,1,"-63,5","865,7",Speedwayr-15-32-c2,"2,454369260617026",
2025-07-25T14:04:42.9904680+03:00,A30000000000000000000000,,1,-67,"865,7",Speedwayr-15-32-c2,"2,7550294950426117",
2025-07-25T14:04:42.9916110+03:00,A80000000000000000000000,,1,-69,"865,7",Speedwayr-15-32-c2,"3,5833791205008576",
2025-07-25T14:04:42.9933430+03:00,A70000000000000000000000,,1,-63,"865,7",Speedwayr-15-32-c2,"5,964117303299373",
2025-07-25T14:04:43.0073160+03:00,A60000000000000000000000,,1,"-63,5","865,7",Speedwayr-15-32-c2,"2,509592568980909",
2025-07-25T14:04:43.0090250+03:00,A70000000000000000000000,,1,"-62,5","865,7",Speedwayr-15-32-c2,"5,976389149602458",
2025-07-25T14:04:43.0100340+03:00,A30000000000000000000000,,1,-68,"865,7",Speedwayr-15-32-c2,"2,9513790358919736",
2025-07-25T14:04:43.0113590+03:00,A40000000000000000000000,,1,-64,"865,7",Speedwayr-15-32-c2,"2,736621725587984",
2025-07-25T14:04:43.0131920+03:00,A20000000000000000000000,,1,-58,"865,7",Speedwayr-15-32-c2,"5,706408530934585",
2025-07-25T14:04:43.0187250+03:00,A80000000000000000000000,,1,-70,"865,7",Speedwayr-15-32-c2,"3,5465635815916023",
2025-07-25T14:04:43.0381820+03:00,A60000000000000000000000,,1,"-62,5","865,7",Speedwayr-15-32-c2,"2,6016314162540475",
2025-07-25T14:04:43.0395080+03:00,A20000000000000000000000,,1,"-58,5","865,7",Speedwayr-15-32-c2,"5,982525072754001",
2025-07-25T14:04:43.0417470+03:00,A40000000000000000000000,,1,-64,"865,7",Speedwayr-15-32-c2,"2,705942109830271",
2025-07-25T14:04:43.0461390+03:00,A70000000000000000000000,,1,-64,"865,7",Speedwayr-15-32-c2,"5,773903685601553",
2025-07-25T14:04:43.0490440+03:00,A30000000000000000000000,,1,-68,"865,7",Speedwayr-15-32-c2,"3,055689729468197",
2025-07-25T14:04:43.0659050+03:00,A80000000000000000000000,,1,"-69,5","865,7",Speedwayr-15-32-c2,"0,42337869745643697",
2025-07-25T14:04:43.0714670+03:00,A40000000000000000000000,,1,-64,"865,7",Speedwayr-15-32-c2,"2,6139032625571326",
2025-07-25T14:04:43.0725330+03:00,A20000000000000000000000,,1,-59,"865,7",Speedwayr-15-32-c2,"6,068427996875596",
2025-07-25T14:04:43.0766200+03:00,A60000000000000000000000,,1,-62,"865,7",Speedwayr-15-32-c2,"2,761165418194154",
2025-07-25T14:04:43.0794960+03:00,A80000000000000000000000,,1,-69,"865,7",Speedwayr-15-32-c2,"3,466796580621549",
2025-07-25T14:04:43.0807190+03:00,A70000000000000000000000,,1,-64,"865,7",Speedwayr-15-32-c2,"5,945709533844745",
2025-07-25T14:04:43.0825720+03:00,A30000000000000000000000,,1,"-67,5","865,7",Speedwayr-15-32-c2,"2,9391071895888885",
2025-07-25T14:04:43.0982660+03:00,A40000000000000000000000,,1,-64,"865,7",Speedwayr-15-32-c2,"2,724349879284899",
2025-07-25T14:04:43.1004480+03:00,A20000000000000000000000,,1,-61,"865,7",Speedwayr-15-32-c2,"6,264777537724958",
2025-07-25T14:04:43.1036210+03:00,A60000000000000000000000,,1,"-61,5","865,7",Speedwayr-15-32-c2,"2,8961557275280905",
2025-07-25T14:04:43.1056300+03:00,A30000000000000000000000,,1,"-66,5","865,7",Speedwayr-15-32-c2,"3,000466421104314",
2025-07-25T14:04:43.1072270+03:00,A70000000000000000000000,,1,"-64,5","865,7",Speedwayr-15-32-c2,"5,829126993965437",
2025-07-25T14:04:43.1099250+03:00,A80000000000000000000000,,1,-69,"865,7",Speedwayr-15-32-c2,"3,4054373491061236",
2025-07-25T14:04:43.1222170+03:00,A20000000000000000000000,,1,-61,"865,7",Speedwayr-15-32-c2,"0,30679615757712825",
2025-07-25T14:04:43.1271480+03:00,A70000000000000000000000,,1,"-64,5","865,7",Speedwayr-15-32-c2,"5,792311455056181",
2025-07-25T14:04:43.1362030+03:00,A40000000000000000000000,,1,"-63,5","865,7",Speedwayr-15-32-c2,"2,5954954931025047",
2025-07-25T14:04:43.1373290+03:00,A60000000000000000000000,,1,"-60,5","865,7",Speedwayr-15-32-c2,"3,380893656499953",
2025-07-25T14:04:43.1540660+03:00,A60000000000000000000000,,1,-60,"865,7",Speedwayr-15-32-c2,"3,5895150436524004",
2025-07-25T14:04:43.1557630+03:00,A30000000000000000000000,,1,"-64,5","865,7",Speedwayr-15-32-c2,"3,3379421944391554",
2025-07-25T14:04:43.1579430+03:00,A70000000000000000000000,,1,"-63,5","865,7",Speedwayr-15-32-c2,"6,013204688511713",
2025-07-25T14:04:43.1592650+03:00,A40000000000000000000000,,1,"-64,5","865,7",Speedwayr-15-32-c2,"2,6384469551633027",
2025-07-25T14:04:43.1607790+03:00,A20000000000000000000000,,1,"-66,5","865,7",Speedwayr-15-32-c2,"0,006135923151542565",
2025-07-25T14:04:43.1705640+03:00,A80000000000000000000000,,1,-70,"865,7",Speedwayr-15-32-c2,"0,6933593161243098",
2025-07-25T14:04:43.1786390+03:00,A80000000000000000000000,,1,"-69,5","865,7",Speedwayr-15-32-c2,"3,761320891895592",
2025-07-25T14:04:43.1841370+03:00,A70000000000000000000000,,1,"-63,5","865,7",Speedwayr-15-32-c2,"5,970253226450915",
2025-07-25T14:04:43.1855320+03:00,A60000000000000000000000,,1,"-61,5","865,7",Speedwayr-15-32-c2,"4,227651051412827",
2025-07-25T14:04:43.1872780+03:00,A30000000000000000000000,,1,-66,"865,7",Speedwayr-15-32-c2,"3,761320891895592",
2025-07-25T14:04:43.1937290+03:00,A40000000000000000000000,,1,"-63,5","865,7",Speedwayr-15-32-c2,"2,423689644859313",
2025-07-25T14:04:43.1981740+03:00,A20000000000000000000000,,1,"-68,5","865,7",Speedwayr-15-32-c2,"4,896466674930966",
2025-07-25T14:04:43.2115800+03:00,A60000000000000000000000,,1,-63,"865,7",Speedwayr-15-32-c2,"4,405592822807561",
2025-07-25T14:04:43.2126930+03:00,A70000000000000000000000,,1,"-63,5","865,7",Speedwayr-15-32-c2,"6,056156150572511",
2025-07-25T14:04:43.2176820+03:00,A40000000000000000000000,,1,"-64,5","865,7",Speedwayr-15-32-c2,"2,356194490192345",
2025-07-25T14:04:43.2201520+03:00,A20000000000000000000000,,1,-71,"865,7",Speedwayr-15-32-c2,"3,3318062712876126",
2025-07-25T14:04:43.2224720+03:00,A30000000000000000000000,,1,"-62,5","865,7",Speedwayr-15-32-c2,"3,6754179677739964",
2025-07-25T14:04:43.2252930+03:00,A80000000000000000000000,,1,-68,"865,7",Speedwayr-15-32-c2,"3,834951969714103",
2025-07-25T14:04:43.2401570+03:00,A30000000000000000000000,,1,"-64,5","865,7",Speedwayr-15-32-c2,"3,816544200259475",
2025-07-25T14:04:43.2481140+03:00,A60000000000000000000000,,1,"-64,5","865,7",Speedwayr-15-32-c2,"4,675573441475434",
2025-07-25T14:04:43.2492400+03:00,A20000000000000000000000,,1,"-69,5","865,7",Speedwayr-15-32-c2,"2,5832236467994196",
2025-07-25T14:04:43.2507860+03:00,A40000000000000000000000,,1,-65,"865,7",Speedwayr-15-32-c2,"2,3746022596469727",
2025-07-25T14:04:43.2518990+03:00,A70000000000000000000000,,1,-62,"865,7",Speedwayr-15-32-c2,"6,074563920027139",
2025-07-25T14:04:43.2581040+03:00,A80000000000000000000000,,1,"-69,5","865,7",Speedwayr-15-32-c2,"2,859340188618835",
2025-07-25T14:04:43.2738380+03:00,A60000000000000000000000,,1,"-65,5","865,7",Speedwayr-15-32-c2,"4,841243366567084",
2025-07-25T14:04:43.2749200+03:00,A40000000000000000000000,,1,-64,"865,7",Speedwayr-15-32-c2,"2,2764274892222915",
2025-07-25T14:04:43.2769620+03:00,A70000000000000000000000,,1,-63,"865,7",Speedwayr-15-32-c2,"6,068427996875596",
2025-07-25T14:04:43.2780320+03:00,A30000000000000000000000,,1,"-64,5","865,7",Speedwayr-15-32-c2,"3,724505352986337",
2025-07-25T14:04:43.2795320+03:00,A20000000000000000000000,,1,-66,"865,7",Speedwayr-15-32-c2,"2,350058567040802",
2025-07-25T14:04:43.2809180+03:00,A80000000000000000000000,,1,"-69,5","865,7",Speedwayr-15-32-c2,"4,0987966652304335",
2025-07-25T14:04:43.2957100+03:00,A20000000000000000000000,,1,-68,"865,7",Speedwayr-15-32-c2,"2,0371264863121317",
2025-07-25T14:04:43.2968420+03:00,A60000000000000000000000,,1,"-66,5","865,7",Speedwayr-15-32-c2,"4,97623367590102",
2025-07-25T14:04:43.3001340+03:00,A70000000000000000000000,,1,-64,"865,7",Speedwayr-15-32-c2,"6,17273869045182",
2025-07-25T14:04:43.3020460+03:00,A40000000000000000000000,,1,-64,"865,7",Speedwayr-15-32-c2,"2,2089323345553233",
2025-07-25T14:04:43.3051550+03:00,A30000000000000000000000,,1,"-63,5","865,7",Speedwayr-15-32-c2,"3,454524734318464",
2025-07-25T14:04:43.3071730+03:00,A80000000000000000000000,,1,"-68,5","865,7",Speedwayr-15-32-c2,"4,331961744989051",
2025-07-25T14:04:43.3203670+03:00,A40000000000000000000000,,1,-65,"865,7",Speedwayr-15-32-c2,"2,2457478734645786",
2025-07-25T14:04:43.3218090+03:00,A30000000000000000000000,,1,"-63,5","865,7",Speedwayr-15-32-c2,"3,6570101983193686",
2025-07-25T14:04:43.3241430+03:00,A70000000000000000000000,,1,-62,"865,7",Speedwayr-15-32-c2,"6,135923151542564",
2025-07-25T14:04:43.3280030+03:00,A20000000000000000000000,,1,"-67,5","865,7",Speedwayr-15-32-c2,"2,043262409463674",
2025-07-25T14:04:43.3294590+03:00,A60000000000000000000000,,1,"-65,5","865,7",Speedwayr-15-32-c2,"4,878058905476339",
2025-07-25T14:04:43.3346740+03:00,A80000000000000000000000,,1,-66,"865,7",Speedwayr-15-32-c2,"4,246058820867455",
2025-07-25T14:04:43.3474820+03:00,A40000000000000000000000,,1,"-63,5","865,7",Speedwayr-15-32-c2,"2,423689644859313",
2025-07-25T14:04:43.3502910+03:00,A70000000000000000000000,,1,-63,"865,7",Speedwayr-15-32-c2,"6,031612457966341",
2025-07-25T14:04:43.3542970+03:00,A30000000000000000000000,,1,-62,"865,7",Speedwayr-15-32-c2,"3,5711072741977725",
2025-07-25T14:04:43.3566040+03:00,A80000000000000000000000,,1,"-68,5","865,7",Speedwayr-15-32-c2,"4,755340442445488",
2025-07-25T14:04:43.3579570+03:00,A60000000000000000000000,,1,"-66,5","865,7",Speedwayr-15-32-c2,"4,792155981354743",
2025-07-25T14:04:43.3604870+03:00,A20000000000000000000000,,1,-66,"865,7",Speedwayr-15-32-c2,"2,1230294104337273",
2025-07-25T14:04:43.3777350+03:00,A30000000000000000000000,,1,-64,"865,7",Speedwayr-15-32-c2,"3,479068426924634",
2025-07-25T14:04:43.3791270+03:00,A20000000000000000000000,,1,"-65,5","865,7",Speedwayr-15-32-c2,"2,110757564130642",
2025-07-25T14:04:43.3809790+03:00,A60000000000000000000000,,1,"-65,5","865,7",Speedwayr-15-32-c2,"4,853515212870168",
2025-07-25T14:04:43.3837850+03:00,A70000000000000000000000,,1,-61,"865,7",Speedwayr-15-32-c2,"6,209554229361076",
2025-07-25T14:04:43.3855420+03:00,A40000000000000000000000,,1,-62,"865,7",Speedwayr-15-32-c2,"2,0800779483729293",
2025-07-25T14:04:43.3880360+03:00,A80000000000000000000000,,1,-69,"865,7",Speedwayr-15-32-c2,"4,04357335686655",
2025-07-25T14:04:43.4012800+03:00,A40000000000000000000000,,1,-64,"865,7",Speedwayr-15-32-c2,"2,0371264863121317",
2025-07-25T14:04:43.4045030+03:00,A30000000000000000000000,,1,"-63,5","865,7",Speedwayr-15-32-c2,"3,3747577333484107",
2025-07-25T14:04:43.4067000+03:00,A70000000000000000000000,,1,"-63,5","865,7",Speedwayr-15-32-c2,"6,0991076126333095",
2025-07-25T14:04:43.4091410+03:00,A80000000000000000000000,,1,"-69,5","865,7",Speedwayr-15-32-c2,"4,080388895775806",
2025-07-25T14:04:43.4118470+03:00,A20000000000000000000000,,1,-67,"865,7",Speedwayr-15-32-c2,"2,055534255766759",
2025-07-25T14:04:43.4131030+03:00,A60000000000000000000000,,1,-65,"865,7",Speedwayr-15-32-c2,"4,289010282928253",
2025-07-25T14:04:43.4284260+03:00,A40000000000000000000000,,1,"-63,5","865,7",Speedwayr-15-32-c2,"1,9389517158874505",
2025-07-25T14:04:43.4307130+03:00,A70000000000000000000000,,1,"-63,5","865,7",Speedwayr-15-32-c2,"6,117515382087937",
2025-07-25T14:04:43.4349090+03:00,A60000000000000000000000,,1,"-65,5","865,7",Speedwayr-15-32-c2,"4,816699673960914",
2025-07-25T14:04:43.4369290+03:00,A30000000000000000000000,,1,-64,"865,7",Speedwayr-15-32-c2,"3,2765829629237295",
2025-07-25T14:04:43.4381440+03:00,A20000000000000000000000,,1,-68,"865,7",Speedwayr-15-32-c2,"2,116893487282185",
2025-07-25T14:04:43.4527610+03:00,A30000000000000000000000,,1,"-61,5","865,7",Speedwayr-15-32-c2,"3,227495577711389",
2025-07-25T14:04:43.4541620+03:00,A60000000000000000000000,,1,"-65,5","865,7",Speedwayr-15-32-c2,"4,362641360746763",
2025-07-25T14:04:43.4560380+03:00,A40000000000000000000000,,1,-64,"865,7",Speedwayr-15-32-c2,"1,736466251886546",
2025-07-25T14:04:43.4626870+03:00,A70000000000000000000000,,1,"-62,5","865,7",Speedwayr-15-32-c2,"6,068427996875596",
2025-07-25T14:04:43.4653040+03:00,A20000000000000000000000,,1,"-64,5","865,7",Speedwayr-15-32-c2,"2,184388641949153",
2025-07-25T14:04:43.4681730+03:00,A80000000000000000000000,,1,-68,"865,7",Speedwayr-15-32-c2,"4,516039439535327",
2025-07-25T14:04:43.4825980+03:00,A40000000000000000000000,,1,"-61,5","865,7",Speedwayr-15-32-c2,"1,859184714917397",
2025-07-25T14:04:43.4863010+03:00,A30000000000000000000000,,1,-62,"865,7",Speedwayr-15-32-c2,"3,2213596545598464",
2025-07-25T14:04:43.4882700+03:00,A60000000000000000000000,,1,"-65,5","865,7",Speedwayr-15-32-c2,"4,792155981354743",
2025-07-25T14:04:43.4899990+03:00,A20000000000000000000000,,1,"-69,5","865,7",Speedwayr-15-32-c2,"2,3746022596469727",
2025-07-25T14:04:43.4913090+03:00,A70000000000000000000000,,1,"-62,5","865,7",Speedwayr-15-32-c2,"0,03681553890925539",
2025-07-25T14:04:43.4957960+03:00,A80000000000000000000000,,1,"-69,5","865,7",Speedwayr-15-32-c2,"4,485359823777615",
2025-07-25T14:04:43.5091330+03:00,A40000000000000000000000,,1,"-62,5","865,7",Speedwayr-15-32-c2,"1,9573594853420782",
2025-07-25T14:04:43.5107820+03:00,A20000000000000000000000,,1,"-68,5","865,7",Speedwayr-15-32-c2,"2,478912953223196",
2025-07-25T14:04:43.5118370+03:00,A30000000000000000000000,,1,-65,"865,7",Speedwayr-15-32-c2,"3,313398501832985",
2025-07-25T14:04:43.5134790+03:00,A80000000000000000000000,,1,"-68,5","865,7",Speedwayr-15-32-c2,"4,546719055293041",
2025-07-25T14:04:43.5148690+03:00,A60000000000000000000000,,1,"-65,5","865,7",Speedwayr-15-32-c2,"4,957825906446392",
2025-07-25T14:04:43.5171790+03:00,A70000000000000000000000,,1,"-61,5","865,7",Speedwayr-15-32-c2,"6,129787228391022",
2025-07-25T14:04:43.5357750+03:00,A70000000000000000000000,,1,-63,"865,7",Speedwayr-15-32-c2,"0,07976700097005335",
2025-07-25T14:04:43.5371600+03:00,A40000000000000000000000,,1,"-63,5","865,7",Speedwayr-15-32-c2,"1,9082721001297376",
2025-07-25T14:04:43.5382860+03:00,A30000000000000000000000,,1,-64,"865,7",Speedwayr-15-32-c2,"3,11091303783208",
2025-07-25T14:04:43.5402780+03:00,A20000000000000000000000,,1,"-69,5","865,7",Speedwayr-15-32-c2,"2,5832236467994196",
2025-07-25T14:04:43.5414490+03:00,A60000000000000000000000,,1,-65,"865,7",Speedwayr-15-32-c2,"5,062136600022616",
2025-07-25T14:04:43.5464360+03:00,A80000000000000000000000,,1,-68,"865,7",Speedwayr-15-32-c2,"4,92714629068868",
2025-07-25T14:04:43.5584180+03:00,A40000000000000000000000,,1,"-63,5","865,7",Speedwayr-15-32-c2,"1,7855536370988863",
2025-07-25T14:04:43.5597720+03:00,A30000000000000000000000,,1,"-64,5","865,7",Speedwayr-15-32-c2,"3,2029518851052186",
2025-07-25T14:04:43.5636740+03:00,A80000000000000000000000,,1,-70,"865,7",Speedwayr-15-32-c2,"4,92714629068868",
2025-07-25T14:04:43.5662210+03:00,A70000000000000000000000,,1,-62,"865,7",Speedwayr-15-32-c2,"0,1043106935762236",
2025-07-25T14:04:43.5673030+03:00,A60000000000000000000000,,1,-63,"865,7",Speedwayr-15-32-c2,"5,043728830567988",
2025-07-25T14:04:43.6886670+03:00,A20000000000000000000000,,1,-63,"865,7",Speedwayr-15-32-c2,"5,737088146692298",
2025-07-25T14:04:43.6988250+03:00,A70000000000000000000000,,1,-64,"865,7",Speedwayr-15-32-c2,"0,5645049299419159",
2025-07-25T14:04:43.7038400+03:00,A20000000000000000000000,,1,-62,"865,7",Speedwayr-15-32-c2,"5,890486225480862",
2025-07-25T14:04:43.7068870+03:00,A30000000000000000000000,,1,-67,"865,7",Speedwayr-15-32-c2,"2,60776733940559",
2025-07-25T14:04:43.7082100+03:00,A40000000000000000000000,,1,-63,"865,7",Speedwayr-15-32-c2,"2,043262409463674",
2025-07-25T14:04:43.7093230+03:00,A60000000000000000000000,,1,"-63,5","865,7",Speedwayr-15-32-c2,"5,589825991055276",
2025-07-25T14:04:43.7107660+03:00,A80000000000000000000000,,1,"-69,5","865,7",Speedwayr-15-32-c2,"5,822991070813893",
2025-07-25T14:04:43.7242480+03:00,A40000000000000000000000,,1,"-62,5","865,7",Speedwayr-15-32-c2,"1,9389517158874505",
2025-07-25T14:04:43.7258470+03:00,A30000000000000000000000,,1,-67,"865,7",Speedwayr-15-32-c2,"2,5954954931025047",
2025-07-25T14:04:43.7274300+03:00,A70000000000000000000000,,1,-63,"865,7",Speedwayr-15-32-c2,"0,7669903939428205",
2025-07-25T14:04:43.7295650+03:00,A60000000000000000000000,,1,"-63,5","865,7",Speedwayr-15-32-c2,"5,620505606812989",
2025-07-25T14:04:43.7311430+03:00,A20000000000000000000000,,1,-59,"865,7",Speedwayr-15-32-c2,"5,565282298449106",
2025-07-25T14:04:43.7496770+03:00,A80000000000000000000000,,1,"-71,5","865,7",Speedwayr-15-32-c2,"2,672194532496787",
2025-07-25T14:04:43.7558160+03:00,A20000000000000000000000,,1,-59,"865,7",Speedwayr-15-32-c2,"5,50392306693368",
2025-07-25T14:04:43.7580900+03:00,A60000000000000000000000,,1,-63,"865,7",Speedwayr-15-32-c2,"5,700272607783043",
2025-07-25T14:04:43.7594290+03:00,A70000000000000000000000,,1,"-63,5","865,7",Speedwayr-15-32-c2,"0,9081166264282996",
2025-07-25T14:04:43.7610040+03:00,A80000000000000000000000,,1,"-71,5","865,7",Speedwayr-15-32-c2,"5,6941366846315",
2025-07-25T14:04:43.7631210+03:00,A40000000000000000000000,,1,-62,"865,7",Speedwayr-15-32-c2,"1,7916895602504288",
2025-07-25T14:04:43.7664360+03:00,A30000000000000000000000,,1,-67,"865,7",Speedwayr-15-32-c2,"2,3071071049800045",
2025-07-25T14:04:43.7822180+03:00,A30000000000000000000000,,1,"-62,5","865,7",Speedwayr-15-32-c2,"2,2212041808584084",
2025-07-25T14:04:43.7850660+03:00,A60000000000000000000000,,1,"-63,5","865,7",Speedwayr-15-32-c2,"5,730952223540755",
2025-07-25T14:04:43.7863780+03:00,A40000000000000000000000,,1,-63,"865,7",Speedwayr-15-32-c2,"2,0493983326152168",
2025-07-25T14:04:43.7875430+03:00,A20000000000000000000000,,1,"-57,5","865,7",Speedwayr-15-32-c2,"5,522330836388308",
2025-07-25T14:04:43.7889830+03:00,A70000000000000000000000,,1,-63,"865,7",Speedwayr-15-32-c2,"0,9019807032767571",
2025-07-25T14:04:43.7918440+03:00,A80000000000000000000000,,1,"-68,5","865,7",Speedwayr-15-32-c2,"6,068427996875596",
2025-07-25T14:04:43.8070460+03:00,A60000000000000000000000,,1,-63,"865,7",Speedwayr-15-32-c2,"5,743224069843841",
2025-07-25T14:04:43.8083420+03:00,A20000000000000000000000,,1,-58,"865,7",Speedwayr-15-32-c2,"5,387340527054372",
2025-07-25T14:04:43.8104170+03:00,A70000000000000000000000,,1,"-63,5","865,7",Speedwayr-15-32-c2,"1,086058397823034",
2025-07-25T14:04:43.8125980+03:00,A30000000000000000000000,,1,-67,"865,7",Speedwayr-15-32-c2,"2,448233337465483",
2025-07-25T14:04:43.8141910+03:00,A40000000000000000000000,,1,"-61,5","865,7",Speedwayr-15-32-c2,"2,2518837966161214",
2025-07-25T14:04:43.8189900+03:00,A80000000000000000000000,,1,"-71,5","865,7",Speedwayr-15-32-c2,"6,117515382087937",
2025-07-25T14:04:43.8346250+03:00,A70000000000000000000000,,1,"-62,5","865,7",Speedwayr-15-32-c2,"1,0615147052168636",
2025-07-25T14:04:43.8363430+03:00,A20000000000000000000000,,1,-55,"865,7",Speedwayr-15-32-c2,"5,4671075280244255",
2025-07-25T14:04:43.8380280+03:00,A30000000000000000000000,,1,-68,"865,7",Speedwayr-15-32-c2,"2,3009711818284617",
2025-07-25T14:04:43.8390800+03:00,A40000000000000000000000,,1,-63,"865,7",Speedwayr-15-32-c2,"2,2212041808584084",
2025-07-25T14:04:43.8402180+03:00,A60000000000000000000000,,1,"-62,5","865,7",Speedwayr-15-32-c2,"5,921165841238575",
2025-07-25T14:04:43.8509310+03:00,A80000000000000000000000,,1,-71,"865,7",Speedwayr-15-32-c2,"6,105243535784852",
2025-07-25T14:04:43.8578280+03:00,A20000000000000000000000,,1,-57,"865,7",Speedwayr-15-32-c2,"5,418020142812084",
2025-07-25T14:04:43.8595410+03:00,A70000000000000000000000,,1,"-62,5","865,7",Speedwayr-15-32-c2,"1,4296700943094176",
2025-07-25T14:04:43.8612340+03:00,A60000000000000000000000,,1,"-62,5","865,7",Speedwayr-15-32-c2,"5,884350302329319",
2025-07-25T14:04:43.8625690+03:00,A40000000000000000000000,,1,-64,"865,7",Speedwayr-15-32-c2,"2,3439226438892597",
2025-07-25T14:04:43.8646100+03:00,A30000000000000000000000,,1,"-65,5","865,7",Speedwayr-15-32-c2,"2,0371264863121317",
2025-07-25T14:04:43.8687300+03:00,A80000000000000000000000,,1,-71,"865,7",Speedwayr-15-32-c2,"5,810719224510809",
2025-07-25T14:04:43.8828810+03:00,A20000000000000000000000,,1,"-57,5","865,7",Speedwayr-15-32-c2,"5,491651220630596",
2025-07-25T14:04:43.8872250+03:00,A60000000000000000000000,,1,-62,"865,7",Speedwayr-15-32-c2,"5,9518454569962875",
2025-07-25T14:04:43.8884110+03:00,A70000000000000000000000,,1,-63,"865,7",Speedwayr-15-32-c2,"1,227184630308513",
2025-07-25T14:04:43.8903890+03:00,A30000000000000000000000,,1,"-67,5","865,7",Speedwayr-15-32-c2,"2,116893487282185",
2025-07-25T14:04:43.8914550+03:00,A40000000000000000000000,,1,"-61,5","865,7",Speedwayr-15-32-c2,"2,5709518004963345",
2025-07-25T14:04:43.8997100+03:00,A80000000000000000000000,,1,"-70,5","865,7",Speedwayr-15-32-c2,"0,0674951546669682",
2025-07-25T14:04:43.9083300+03:00,A80000000000000000000000,,1,-69,"865,7",Speedwayr-15-32-c2,"0,04908738521234052",
2025-07-25T14:04:43.9095000+03:00,A30000000000000000000000,,1,"-66,5","865,7",Speedwayr-15-32-c2,"2,2150682577068657",
2025-07-25T14:04:43.9108360+03:00,A20000000000000000000000,,1,"-56,5","865,7",Speedwayr-15-32-c2,"5,565282298449106",
2025-07-25T14:04:43.9118780+03:00,A40000000000000000000000,,1,"-63,5","865,7",Speedwayr-15-32-c2,"2,5157284921324514",
2025-07-25T14:04:43.9129730+03:00,A60000000000000000000000,,1,"-62,5","865,7",Speedwayr-15-32-c2,"5,939573610693203",
2025-07-25T14:04:43.9140520+03:00,A70000000000000000000000,,1,-62,"865,7",Speedwayr-15-32-c2,"1,2455923997631406",
2025-07-25T14:04:43.9280270+03:00,A20000000000000000000000,,1,"-56,5","865,7",Speedwayr-15-32-c2,"5,546874528994478",
2025-07-25T14:04:43.9301910+03:00,A40000000000000000000000,,1,-64,"865,7",Speedwayr-15-32-c2,"2,5034566458293663",
2025-07-25T14:04:43.9329070+03:00,A60000000000000000000000,,1,-62,"865,7",Speedwayr-15-32-c2,"6,050020227420969",
2025-07-25T14:04:43.9340080+03:00,A30000000000000000000000,,1,"-65,5","865,7",Speedwayr-15-32-c2,"1,8837284075235674",
2025-07-25T14:04:43.9350630+03:00,A70000000000000000000000,,1,-63,"865,7",Speedwayr-15-32-c2,"1,1719613219446299",
2025-07-25T14:04:43.9380970+03:00,A80000000000000000000000,,1,"-67,5","865,7",Speedwayr-15-32-c2,"0,06135923151542565",
2025-07-25T14:04:43.9509570+03:00,A20000000000000000000000,,1,-56,"865,7",Speedwayr-15-32-c2,"5,589825991055276",
2025-07-25T14:04:43.9570640+03:00,A60000000000000000000000,,1,"-61,5","865,7",Speedwayr-15-32-c2,"5,878214379177777",
2025-07-25T14:04:43.9581190+03:00,A30000000000000000000000,,1,-66,"865,7",Speedwayr-15-32-c2,"2,116893487282185",
2025-07-25T14:04:43.9592290+03:00,A70000000000000000000000,,1,-62,"865,7",Speedwayr-15-32-c2,"1,2455923997631406",
2025-07-25T14:04:43.9607030+03:00,A80000000000000000000000,,1,-70,"865,7",Speedwayr-15-32-c2,"0,6565437772150544",
2025-07-25T14:04:43.9731420+03:00,A40000000000000000000000,,1,-64,"865,7",Speedwayr-15-32-c2,"2,6016314162540475",
2025-07-25T14:04:43.9754190+03:00,A60000000000000000000000,,1,"-62,5","865,7",Speedwayr-15-32-c2,"5,994796919057086",
2025-07-25T14:04:43.9770890+03:00,A70000000000000000000000,,1,-62,"865,7",Speedwayr-15-32-c2,"1,3008157081270237",
2025-07-25T14:04:43.9792610+03:00,A80000000000000000000000,,1,"-70,5","865,7",Speedwayr-15-32-c2,"0,12885438618239387",
2025-07-25T14:04:43.9803920+03:00,A20000000000000000000000,,1,-56,"865,7",Speedwayr-15-32-c2,"5,638913376267617",
2025-07-25T14:04:43.9818750+03:00,A30000000000000000000000,,1,-66,"865,7",Speedwayr-15-32-c2,"2,098485717827557",
2025-07-25T14:04:43.9959960+03:00,A20000000000000000000000,,1,"-56,5","865,7",Speedwayr-15-32-c2,"5,632777453116074",
2025-07-25T14:04:43.9985280+03:00,A40000000000000000000000,,1,"-63,5","865,7",Speedwayr-15-32-c2,"2,6813984172241008",
2025-07-25T14:04:43.9998250+03:00,A60000000000000000000000,,1,-62,"865,7",Speedwayr-15-32-c2,"6,000932842208628",
2025-07-25T14:04:44.0009090+03:00,A70000000000000000000000,,1,"-63,5","865,7",Speedwayr-15-32-c2,"1,337631247036279",
2025-07-25T14:04:44.0026310+03:00,A30000000000000000000000,,1,"-63,5","865,7",Speedwayr-15-32-c2,"2,399145952253143",
2025-07-25T14:04:44.0094240+03:00,A80000000000000000000000,,1,-68,"865,7",Speedwayr-15-32-c2,"0,1043106935762236",
2025-07-25T14:04:44.0216020+03:00,A30000000000000000000000,,1,"-65,5","865,7",Speedwayr-15-32-c2,"1,3928545554001621",
2025-07-25T14:04:44.0240820+03:00,A60000000000000000000000,,1,"-61,5","865,7",Speedwayr-15-32-c2,"5,927301764390117",
2025-07-25T14:04:44.0269840+03:00,A40000000000000000000000,,1,"-64,5","865,7",Speedwayr-15-32-c2,"2,779573187648782",
2025-07-25T14:04:44.0280750+03:00,A20000000000000000000000,,1,-56,"865,7",Speedwayr-15-32-c2,"5,651185222570702",
2025-07-25T14:04:44.0294690+03:00,A70000000000000000000000,,1,-62,"865,7",Speedwayr-15-32-c2,"1,3192234775816514",
2025-07-25T14:04:44.0461030+03:00,A80000000000000000000000,,1,-69,"865,7",Speedwayr-15-32-c2,"0,03681553890925539",
2025-07-25T14:04:44.0493140+03:00,A40000000000000000000000,,1,"-64,5","865,7",Speedwayr-15-32-c2,"2,7857091108003242",
2025-07-25T14:04:44.0529910+03:00,A20000000000000000000000,,1,-57,"865,7",Speedwayr-15-32-c2,"5,66959299202533",
2025-07-25T14:04:44.0561260+03:00,A30000000000000000000000,,1,"-65,5","865,7",Speedwayr-15-32-c2,"1,9634954084936207",
2025-07-25T14:04:44.0572930+03:00,A70000000000000000000000,,1,-62,"865,7",Speedwayr-15-32-c2,"1,2885438618239387",
2025-07-25T14:04:44.0583830+03:00,A80000000000000000000000,,1,"-70,5","865,7",Speedwayr-15-32-c2,"6,074563920027139",
2025-07-25T14:04:44.0597360+03:00,A60000000000000000000000,,1,"-61,5","865,7",Speedwayr-15-32-c2,"5,921165841238575",
2025-07-25T14:04:44.0751350+03:00,A70000000000000000000000,,1,"-63,5","865,7",Speedwayr-15-32-c2,"1,1965050145508",
2025-07-25T14:04:44.0762180+03:00,A30000000000000000000000,,1,-66,"865,7",Speedwayr-15-32-c2,"2,018718716857504",
2025-07-25T14:04:44.0773550+03:00,A60000000000000000000000,,1,-61,"865,7",Speedwayr-15-32-c2,"5,902758071783947",
2025-07-25T14:04:44.0791640+03:00,A40000000000000000000000,,1,-64,"865,7",Speedwayr-15-32-c2,"2,804116880254952",
2025-07-25T14:04:44.0802560+03:00,A20000000000000000000000,,1,-56,"865,7",Speedwayr-15-32-c2,"5,749359992995383",
2025-07-25T14:04:44.0964910+03:00,A40000000000000000000000,,1,"-63,5","865,7",Speedwayr-15-32-c2,"2,7857091108003242",
2025-07-25T14:04:44.0996590+03:00,A70000000000000000000000,,1,-61,"865,7",Speedwayr-15-32-c2,"1,3437671701878218",
2025-07-25T14:04:44.1008430+03:00,A30000000000000000000000,,1,-66,"865,7",Speedwayr-15-32-c2,"2,030990563160589",
2025-07-25T14:04:44.1030530+03:00,A20000000000000000000000,,1,"-57,5","865,7",Speedwayr-15-32-c2,"5,780039608753096",
2025-07-25T14:04:44.1041660+03:00,A60000000000000000000000,,1,-61,"865,7",Speedwayr-15-32-c2,"5,7616318392984684",
2025-07-25T14:04:44.1240890+03:00,A20000000000000000000000,,1,-57,"865,7",Speedwayr-15-32-c2,"5,749359992995383",
2025-07-25T14:04:44.1267600+03:00,A30000000000000000000000,,1,"-66,5","865,7",Speedwayr-15-32-c2,"1,9512235621905356",
2025-07-25T14:04:44.1278570+03:00,A60000000000000000000000,,1,-61,"865,7",Speedwayr-15-32-c2,"5,7616318392984684",
2025-07-25T14:04:44.1289960+03:00,A70000000000000000000000,,1,"-61,5","865,7",Speedwayr-15-32-c2,"1,2762720155208536",
2025-07-25T14:04:44.1307210+03:00,A40000000000000000000000,,1,-63,"865,7",Speedwayr-15-32-c2,"2,82252464970958",
2025-07-25T14:04:44.1381310+03:00,A80000000000000000000000,,1,"-70,5","865,7",Speedwayr-15-32-c2,"0,35588354278946877",
2025-07-25T14:04:44.1519620+03:00,A70000000000000000000000,,1,-61,"865,7",Speedwayr-15-32-c2,"1,239456476611598",
2025-07-25T14:04:44.1540990+03:00,A20000000000000000000000,,1,-57,"865,7",Speedwayr-15-32-c2,"5,859806609723149",
2025-07-25T14:04:44.1551830+03:00,A60000000000000000000000,,1,"-60,5","865,7",Speedwayr-15-32-c2,"5,792311455056181",
2025-07-25T14:04:44.1562790+03:00,A30000000000000000000000,,1,-66,"865,7",Speedwayr-15-32-c2,"2,043262409463674",
2025-07-25T14:04:44.1581280+03:00,A40000000000000000000000,,1,-62,"865,7",Speedwayr-15-32-c2,"2,7857091108003242",
2025-07-25T14:04:44.1607550+03:00,A80000000000000000000000,,1,-71,"865,7",Speedwayr-15-32-c2,"6,068427996875596",
2025-07-25T14:04:44.1743290+03:00,A70000000000000000000000,,1,-62,"865,7",Speedwayr-15-32-c2,"1,0921943209745766",
2025-07-25T14:04:44.1767640+03:00,A20000000000000000000000,,1,-56,"865,7",Speedwayr-15-32-c2,"5,9088939949354895",
2025-07-25T14:04:44.1783750+03:00,A60000000000000000000000,,1,-61,"865,7",Speedwayr-15-32-c2,"5,700272607783043",
2025-07-25T14:04:44.1810370+03:00,A40000000000000000000000,,1,-64,"865,7",Speedwayr-15-32-c2,"2,834796496012665",
2025-07-25T14:04:44.1832610+03:00,A30000000000000000000000,,1,"-66,5","865,7",Speedwayr-15-32-c2,"2,1905245651006955",
2025-07-25T14:04:44.2183280+03:00,A80000000000000000000000,,1,"-72,5","865,7",Speedwayr-15-32-c2,"6,105243535784852",
2025-07-25T14:04:44.2213360+03:00,A30000000000000000000000,,1,"-65,5","865,7",Speedwayr-15-32-c2,"1,7916895602504288",
2025-07-25T14:04:44.2233020+03:00,A70000000000000000000000,,1,"-62,5","865,7",Speedwayr-15-32-c2,"1,012427320004523",
2025-07-25T14:04:44.2273420+03:00,A20000000000000000000000,,1,-57,"865,7",Speedwayr-15-32-c2,"6,068427996875596",
2025-07-25T14:04:44.2284500+03:00,A40000000000000000000000,,1,-64,"865,7",Speedwayr-15-32-c2,"3,0250101137104846",
2025-07-25T14:04:44.2307580+03:00,A60000000000000000000000,,1,-60,"865,7",Speedwayr-15-32-c2,"5,816855147662351",
2025-07-25T14:04:44.2594360+03:00,A70000000000000000000000,,1,"-62,5","865,7",Speedwayr-15-32-c2,"1,043106935762236",
2025-07-25T14:04:44.2635210+03:00,A20000000000000000000000,,1,"-57,5","865,7",Speedwayr-15-32-c2,"6,080699843178682",
2025-07-25T14:04:44.2652010+03:00,A60000000000000000000000,,1,-60,"865,7",Speedwayr-15-32-c2,"5,810719224510809",
2025-07-25T14:04:44.2671950+03:00,A30000000000000000000000,,1,"-64,5","865,7",Speedwayr-15-32-c2,"2,2518837966161214",
2025-07-25T14:04:44.2682470+03:00,A40000000000000000000000,,1,-64,"865,7",Speedwayr-15-32-c2,"2,9943304979527716",
2025-07-25T14:04:44.3083610+03:00,A80000000000000000000000,,1,"-74,5","865,7",Speedwayr-15-32-c2,"5,783107570328867",
2025-07-25T14:04:44.3144780+03:00,A40000000000000000000000,,1,-62,"865,7",Speedwayr-15-32-c2,"3,129320807286708",
2025-07-25T14:04:44.3164400+03:00,A20000000000000000000000,,1,"-57,5","865,7",Speedwayr-15-32-c2,"6,277049384028044",
2025-07-25T14:04:44.3174960+03:00,A70000000000000000000000,,1,-63,"865,7",Speedwayr-15-32-c2,"0,8835729338221293",
2025-07-25T14:04:44.3188920+03:00,A60000000000000000000000,,1,-60,"865,7",Speedwayr-15-32-c2,"5,896622148632405",
2025-07-25T14:04:44.3207290+03:00,A30000000000000000000000,,1,-64,"865,7",Speedwayr-15-32-c2,"2,030990563160589",
2025-07-25T14:04:44.3497590+03:00,A70000000000000000000000,,1,"-63,5","865,7",Speedwayr-15-32-c2,"0,760854470791278",
2025-07-25T14:04:44.3518800+03:00,A40000000000000000000000,,1,-64,"865,7",Speedwayr-15-32-c2,"3,3379421944391554",
2025-07-25T14:04:44.3540330+03:00,A30000000000000000000000,,1,"-64,5","865,7",Speedwayr-15-32-c2,"2,1046216409791",
2025-07-25T14:04:44.3560280+03:00,A20000000000000000000000,,1,-57,"865,7",Speedwayr-15-32-c2,"0,20248546400090464",
2025-07-25T14:04:44.3574110+03:00,A60000000000000000000000,,1,-59,"865,7",Speedwayr-15-32-c2,"5,93343768754166",
2025-07-25T14:04:44.3704490+03:00,A70000000000000000000000,,1,"-63,5","865,7",Speedwayr-15-32-c2,"0,803805932852076",
2025-07-25T14:04:44.3728910+03:00,A20000000000000000000000,,1,-57,"865,7",Speedwayr-15-32-c2,"0,22089323345553233",
2025-07-25T14:04:44.3746620+03:00,A30000000000000000000000,,1,-64,"865,7",Speedwayr-15-32-c2,"2,12916533358527",
2025-07-25T14:04:44.3770830+03:00,A60000000000000000000000,,1,"-59,5","865,7",Speedwayr-15-32-c2,"5,939573610693203",
2025-07-25T14:04:44.3781370+03:00,A40000000000000000000000,,1,"-64,5","865,7",Speedwayr-15-32-c2,"3,2704470397721868",
2025-07-25T14:04:44.3955940+03:00,A20000000000000000000000,,1,"-57,5","865,7",Speedwayr-15-32-c2,"0,28838838812250056",
2025-07-25T14:04:44.3971540+03:00,A60000000000000000000000,,1,-59,"865,7",Speedwayr-15-32-c2,"5,878214379177777",
2025-07-25T14:04:44.3982530+03:00,A40000000000000000000000,,1,"-64,5","865,7",Speedwayr-15-32-c2,"3,2643111166206444",
2025-07-25T14:04:44.3993050+03:00,A70000000000000000000000,,1,"-62,5","865,7",Speedwayr-15-32-c2,"0,6442719309119693",
2025-07-25T14:04:44.4017260+03:00,A30000000000000000000000,,1,-65,"865,7",Speedwayr-15-32-c2,"2,0800779483729293",
2025-07-25T14:04:44.4258750+03:00,A30000000000000000000000,,1,-64,"865,7",Speedwayr-15-32-c2,"2,086213871524472",
2025-07-25T14:04:44.4273300+03:00,A60000000000000000000000,,1,-58,"865,7",Speedwayr-15-32-c2,"5,8045833013592665",
2025-07-25T14:04:44.4297540+03:00,A20000000000000000000000,,1,"-57,5","865,7",Speedwayr-15-32-c2,"0,4111068511533518",
2025-07-25T14:04:44.4319010+03:00,A40000000000000000000000,,1,"-64,5","865,7",Speedwayr-15-32-c2,"3,3747577333484107",
2025-07-25T14:04:44.4370160+03:00,A70000000000000000000000,,1,-64,"865,7",Speedwayr-15-32-c2,"0,4908738521234052",
2025-07-25T14:04:44.4500540+03:00,A70000000000000000000000,,1,"-64,5","865,7",Speedwayr-15-32-c2,"0,3865631585471816",
2025-07-25T14:04:44.4517360+03:00,A30000000000000000000000,,1,-62,"865,7",Speedwayr-15-32-c2,"2,2212041808584084",
2025-07-25T14:04:44.4532900+03:00,A40000000000000000000000,,1,-64,"865,7",Speedwayr-15-32-c2,"3,3072625786814425",
2025-07-25T14:04:44.4546280+03:00,A20000000000000000000000,,1,"-57,5","865,7",Speedwayr-15-32-c2,"0,5338253141842031",
2025-07-25T14:04:44.4562840+03:00,A60000000000000000000000,,1,"-58,5","865,7",Speedwayr-15-32-c2,"5,878214379177777",
2025-07-25T14:04:44.4831550+03:00,A20000000000000000000000,,1,-56,"865,7",Speedwayr-15-32-c2,"0,6688156235181395",
2025-07-25T14:04:44.4876840+03:00,A70000000000000000000000,,1,-64,"865,7",Speedwayr-15-32-c2,"0,30679615757712825",
2025-07-25T14:04:44.4888230+03:00,A60000000000000000000000,,1,"-58,5","865,7",Speedwayr-15-32-c2,"5,522330836388308",
2025-07-25T14:04:44.4899340+03:00,A30000000000000000000000,,1,"-64,5","865,7",Speedwayr-15-32-c2,"2,1353012567368124",
2025-07-25T14:04:44.4918420+03:00,A40000000000000000000000,,1,-66,"865,7",Speedwayr-15-32-c2,"3,1906800388021335",
2025-07-25T14:04:44.5062030+03:00,A60000000000000000000000,,1,"-58,5","865,7",Speedwayr-15-32-c2,"5,381204603902829",
2025-07-25T14:04:44.5086410+03:00,A20000000000000000000000,,1,-57,"865,7",Speedwayr-15-32-c2,"0,7363107781851077",
2025-07-25T14:04:44.5097230+03:00,A40000000000000000000000,,1,"-65,5","865,7",Speedwayr-15-32-c2,"3,399301425954581",
2025-07-25T14:04:44.5110480+03:00,A70000000000000000000000,,1,-65,"865,7",Speedwayr-15-32-c2,"0,3313398501832985",
2025-07-25T14:04:44.5121320+03:00,A30000000000000000000000,,1,-63,"865,7",Speedwayr-15-32-c2,"1,7671458676442586",
2025-07-25T14:04:44.5309680+03:00,A20000000000000000000000,,1,-57,"865,7",Speedwayr-15-32-c2,"0,8160777791551611",
2025-07-25T14:04:44.5329860+03:00,A60000000000000000000000,,1,-58,"865,7",Speedwayr-15-32-c2,"5,246214294568893",
2025-07-25T14:04:44.5349110+03:00,A30000000000000000000000,,1,-63,"865,7",Speedwayr-15-32-c2,"2,509592568980909",
2025-07-25T14:04:44.5386500+03:00,A40000000000000000000000,,1,-66,"865,7",Speedwayr-15-32-c2,"3,6263305825616556",
2025-07-25T14:04:44.5403450+03:00,A70000000000000000000000,,1,-65,"865,7",Speedwayr-15-32-c2,"0,15339807878856412",
2025-07-25T14:04:44.5535530+03:00,A60000000000000000000000,,1,-58,"865,7",Speedwayr-15-32-c2,"5,154175447295755",
2025-07-25T14:04:44.5573600+03:00,A30000000000000000000000,,1,-63,"865,7",Speedwayr-15-32-c2,"2,1905245651006955",
2025-07-25T14:04:44.5584570+03:00,A20000000000000000000000,,1,"-56,5","865,7",Speedwayr-15-32-c2,"0,8835729338221293",
2025-07-25T14:04:44.5621440+03:00,A40000000000000000000000,,1,"-66,5","865,7",Speedwayr-15-32-c2,"3,3379421944391554",
2025-07-25T14:04:44.5640530+03:00,A70000000000000000000000,,1,"-66,5","865,7",Speedwayr-15-32-c2,"6,154330920997192",
2025-07-25T14:04:44.5781460+03:00,A20000000000000000000000,,1,-55,"865,7",Speedwayr-15-32-c2,"0,9694758579437253",
2025-07-25T14:04:44.5801490+03:00,A30000000000000000000000,,1,"-62,5","865,7",Speedwayr-15-32-c2,"2,1966604882522383",
2025-07-25T14:04:44.5817460+03:00,A60000000000000000000000,,1,"-57,5","865,7",Speedwayr-15-32-c2,"5,062136600022616",
2025-07-25T14:04:44.5838670+03:00,A40000000000000000000000,,1,"-65,5","865,7",Speedwayr-15-32-c2,"3,466796580621549",
2025-07-25T14:04:44.5855860+03:00,A70000000000000000000000,,1,"-64,5","865,7",Speedwayr-15-32-c2,"6,154330920997192",
2025-07-25T14:04:44.5988020+03:00,A40000000000000000000000,,1,"-66,5","865,7",Speedwayr-15-32-c2,"3,472932503773092",
2025-07-25T14:04:44.6014800+03:00,A20000000000000000000000,,1,"-55,5","865,7",Speedwayr-15-32-c2,"1,043106935762236",
2025-07-25T14:04:44.6053980+03:00,A30000000000000000000000,,1,"-60,5","865,7",Speedwayr-15-32-c2,"2,1046216409791",
2025-07-25T14:04:44.6065680+03:00,A60000000000000000000000,,1,-58,"865,7",Speedwayr-15-32-c2,"4,97623367590102",
2025-07-25T14:04:44.6195090+03:00,A20000000000000000000000,,1,-56,"865,7",Speedwayr-15-32-c2,"1,0799224746714913",
2025-07-25T14:04:44.6238860+03:00,A60000000000000000000000,,1,-58,"865,7",Speedwayr-15-32-c2,"4,914874444385594",
2025-07-25T14:04:44.6258470+03:00,A70000000000000000000000,,1,"-65,5","865,7",Speedwayr-15-32-c2,"6,019340611663256",
2025-07-25T14:04:44.6271450+03:00,A30000000000000000000000,,1,"-62,5","865,7",Speedwayr-15-32-c2,"2,086213871524472",
2025-07-25T14:04:44.6427170+03:00,A30000000000000000000000,,1,"-60,5","865,7",Speedwayr-15-32-c2,"2,098485717827557",
2025-07-25T14:04:44.6447160+03:00,A60000000000000000000000,,1,-58,"865,7",Speedwayr-15-32-c2,"4,779884135051658",
2025-07-25T14:04:44.6460100+03:00,A20000000000000000000000,,1,-56,"865,7",Speedwayr-15-32-c2,"1,1596894756415448",
2025-07-25T14:04:44.6481770+03:00,A70000000000000000000000,,1,"-66,5","865,7",Speedwayr-15-32-c2,"5,9518454569962875",
2025-07-25T14:04:44.6652870+03:00,A30000000000000000000000,,1,-62,"865,7",Speedwayr-15-32-c2,"2,1353012567368124",
2025-07-25T14:04:44.6669250+03:00,A20000000000000000000000,,1,-55,"865,7",Speedwayr-15-32-c2,"1,2026409377023426",
2025-07-25T14:04:44.6685200+03:00,A60000000000000000000000,,1,"-57,5","865,7",Speedwayr-15-32-c2,"4,669437518323892",
2025-07-25T14:04:44.6791940+03:00,A70000000000000000000000,,1,"-66,5","865,7",Speedwayr-15-32-c2,"5,730952223540755",
2025-07-25T14:04:44.6865600+03:00,A40000000000000000000000,,1,-67,"865,7",Speedwayr-15-32-c2,"0,35895150436524004",
2025-07-25T14:04:44.6919600+03:00,A20000000000000000000000,,1,-55,"865,7",Speedwayr-15-32-c2,"1,227184630308513",
2025-07-25T14:04:44.6946380+03:00,A30000000000000000000000,,1,-62,"865,7",Speedwayr-15-32-c2,"2,000310947402876",
2025-07-25T14:04:44.6957620+03:00,A70000000000000000000000,,1,-66,"865,7",Speedwayr-15-32-c2,"5,608233760509904",
2025-07-25T14:04:44.6976490+03:00,A60000000000000000000000,,1,-57,"865,7",Speedwayr-15-32-c2,"4,632621979414636",
2025-07-25T14:04:44.6988880+03:00,A40000000000000000000000,,1,"-68,5","865,7",Speedwayr-15-32-c2,"3,54042765844006",
2025-07-25T14:04:44.7126050+03:00,A30000000000000000000000,,1,-62,"865,7",Speedwayr-15-32-c2,"2,1046216409791",
2025-07-25T14:04:44.7142440+03:00,A20000000000000000000000,,1,"-56,5","865,7",Speedwayr-15-32-c2,"1,3008157081270237",
2025-07-25T14:04:44.7157850+03:00,A60000000000000000000000,,1,-57,"865,7",Speedwayr-15-32-c2,"4,558990901596125",
2025-07-25T14:04:44.7176230+03:00,A40000000000000000000000,,1,"-67,5","865,7",Speedwayr-15-32-c2,"3,184544115650591",
2025-07-25T14:04:44.7193890+03:00,A70000000000000000000000,,1,"-66,5","865,7",Speedwayr-15-32-c2,"5,675728915176872",
2025-07-25T14:04:44.7362930+03:00,A30000000000000000000000,,1,"-61,5","865,7",Speedwayr-15-32-c2,"2,2089323345553233",
2025-07-25T14:04:44.7384470+03:00,A20000000000000000000000,,1,-56,"865,7",Speedwayr-15-32-c2,"1,368310862793992",
2025-07-25T14:04:44.7398010+03:00,A40000000000000000000000,,1,"-68,5","865,7",Speedwayr-15-32-c2,"3,429981041712294",
2025-07-25T14:04:44.7445300+03:00,A60000000000000000000000,,1,"-57,5","865,7",Speedwayr-15-32-c2,"4,516039439535327",
2025-07-25T14:04:44.7470180+03:00,A70000000000000000000000,,1,"-65,5","865,7",Speedwayr-15-32-c2,"5,6941366846315",
2025-07-25T14:04:44.7622050+03:00,A60000000000000000000000,,1,"-57,5","865,7",Speedwayr-15-32-c2,"4,516039439535327",
2025-07-25T14:04:44.7635610+03:00,A70000000000000000000000,,1,"-65,5","865,7",Speedwayr-15-32-c2,"5,50392306693368",
2025-07-25T14:04:44.7665460+03:00,A30000000000000000000000,,1,"-61,5","865,7",Speedwayr-15-32-c2,"2,4175537217077703",
2025-07-25T14:04:44.7686960+03:00,A20000000000000000000000,,1,-56,"865,7",Speedwayr-15-32-c2,"1,4603497100671303",
2025-07-25T14:04:44.7706070+03:00,A40000000000000000000000,,1,"-66,5","865,7",Speedwayr-15-32-c2,"3,1784081924990484",
2025-07-25T14:04:44.7831780+03:00,A20000000000000000000000,,1,"-56,5","865,7",Speedwayr-15-32-c2,"1,5707963267948966",
2025-07-25T14:04:44.7873620+03:00,A60000000000000000000000,,1,-57,"865,7",Speedwayr-15-32-c2,"4,540583132141498",
2025-07-25T14:04:44.7888160+03:00,A30000000000000000000000,,1,-62,"865,7",Speedwayr-15-32-c2,"2,380738182798515",
2025-07-25T14:04:44.7905500+03:00,A40000000000000000000000,,1,-69,"865,7",Speedwayr-15-32-c2,"3,411573272257666",
2025-07-25T14:04:44.7916620+03:00,A70000000000000000000000,,1,-66,"865,7",Speedwayr-15-32-c2,"5,608233760509904",
2025-07-25T14:04:44.8051920+03:00,A20000000000000000000000,,1,-57,"865,7",Speedwayr-15-32-c2,"1,576932249946439",
2025-07-25T14:04:44.8070890+03:00,A30000000000000000000000,,1,"-60,5","865,7",Speedwayr-15-32-c2,"2,5034566458293663",
2025-07-25T14:04:44.8087990+03:00,A60000000000000000000000,,1,-57,"865,7",Speedwayr-15-32-c2,"4,430136515413731",
2025-07-25T14:04:44.8098960+03:00,A40000000000000000000000,,1,"-68,5","865,7",Speedwayr-15-32-c2,"3,6263305825616556",
2025-07-25T14:04:44.8116220+03:00,A70000000000000000000000,,1,-64,"865,7",Speedwayr-15-32-c2,"5,66959299202533",
2025-07-25T14:04:44.8282590+03:00,A30000000000000000000000,,1,"-60,5","865,7",Speedwayr-15-32-c2,"2,429825568010856",
2025-07-25T14:04:44.8297390+03:00,A70000000000000000000000,,1,"-65,5","865,7",Speedwayr-15-32-c2,"5,448699758569798",
2025-07-25T14:04:44.8308040+03:00,A20000000000000000000000,,1,"-55,5","865,7",Speedwayr-15-32-c2,"1,6137477888556946",
2025-07-25T14:04:44.8319430+03:00,A60000000000000000000000,,1,"-57,5","865,7",Speedwayr-15-32-c2,"4,460816131171445",
2025-07-25T14:04:44.8377890+03:00,A40000000000000000000000,,1,-69,"865,7",Speedwayr-15-32-c2,"3,6201946594101133",
2025-07-25T14:04:44.8518460+03:00,A20000000000000000000000,,1,-57,"865,7",Speedwayr-15-32-c2,"1,6198837120072371",
2025-07-25T14:04:44.8534760+03:00,A60000000000000000000000,,1,-58,"865,7",Speedwayr-15-32-c2,"4,466952054322987",
2025-07-25T14:04:44.8556820+03:00,A70000000000000000000000,,1,"-65,5","865,7",Speedwayr-15-32-c2,"5,098952138931871",
2025-07-25T14:04:44.8576430+03:00,A40000000000000000000000,,1,-70,"865,7",Speedwayr-15-32-c2,"3,7551849687440497",
2025-07-25T14:04:44.8587100+03:00,A30000000000000000000000,,1,"-61,5","865,7",Speedwayr-15-32-c2,"2,6139032625571326",
2025-07-25T14:04:44.8741010+03:00,A30000000000000000000000,,1,"-61,5","865,7",Speedwayr-15-32-c2,"2,429825568010856",
2025-07-25T14:04:44.8752130+03:00,A60000000000000000000000,,1,"-57,5","865,7",Speedwayr-15-32-c2,"4,485359823777615",
2025-07-25T14:04:44.8767620+03:00,A70000000000000000000000,,1,-66,"865,7",Speedwayr-15-32-c2,"5,295301679781233",
2025-07-25T14:04:44.8783700+03:00,A20000000000000000000000,,1,-57,"865,7",Speedwayr-15-32-c2,"1,6444274046134073",
2025-07-25T14:04:44.8829480+03:00,A40000000000000000000000,,1,-68,"865,7",Speedwayr-15-32-c2,"3,724505352986337",
2025-07-25T14:04:44.8972570+03:00,A60000000000000000000000,,1,-57,"865,7",Speedwayr-15-32-c2,"4,522175362686871",
2025-07-25T14:04:44.8987000+03:00,A20000000000000000000000,,1,"-56,5","865,7",Speedwayr-15-32-c2,"1,7241944055834606",
2025-07-25T14:04:44.9000410+03:00,A30000000000000000000000,,1,-61,"865,7",Speedwayr-15-32-c2,"2,6323110320117604",
2025-07-25T14:04:44.9018940+03:00,A70000000000000000000000,,1,-64,"865,7",Speedwayr-15-32-c2,"5,368932757599744",
2025-07-25T14:04:44.9086680+03:00,A40000000000000000000000,,1,"-67,5","865,7",Speedwayr-15-32-c2,"3,5956509668039427",
2025-07-25T14:04:44.9251960+03:00,A20000000000000000000000,,1,"-55,5","865,7",Speedwayr-15-32-c2,"1,6873788666742053",
2025-07-25T14:04:44.9265780+03:00,A30000000000000000000000,,1,"-60,5","865,7",Speedwayr-15-32-c2,"2,5464081078901644",
2025-07-25T14:04:44.9277470+03:00,A60000000000000000000000,,1,-57,"865,7",Speedwayr-15-32-c2,"4,4362724385652745",
2025-07-25T14:04:44.9296840+03:00,A70000000000000000000000,,1,-66,"865,7",Speedwayr-15-32-c2,"5,240078371417351",
2025-07-25T14:04:44.9389000+03:00,A40000000000000000000000,,1,"-69,5","865,7",Speedwayr-15-32-c2,"0,4693981210930062",
2025-07-25T14:04:44.9459160+03:00,A60000000000000000000000,,1,-57,"865,7",Speedwayr-15-32-c2,"4,528311285838413",
2025-07-25T14:04:44.9477280+03:00,A40000000000000000000000,,1,"-69,5","865,7",Speedwayr-15-32-c2,"3,074097498922825",
2025-07-25T14:04:44.9512870+03:00,A70000000000000000000000,,1,"-64,5","865,7",Speedwayr-15-32-c2,"5,270757987175063",
2025-07-25T14:04:44.9530390+03:00,A20000000000000000000000,,1,"-55,5","865,7",Speedwayr-15-32-c2,"1,7119225592803755",
2025-07-25T14:04:44.9541280+03:00,A30000000000000000000000,,1,"-61,5","865,7",Speedwayr-15-32-c2,"2,6384469551633027",
2025-07-25T14:04:44.9696690+03:00,A20000000000000000000000,,1,-57,"865,7",Speedwayr-15-32-c2,"1,7303303287350031",
2025-07-25T14:04:44.9707980+03:00,A60000000000000000000000,,1,"-57,5","865,7",Speedwayr-15-32-c2,"4,485359823777615",
2025-07-25T14:04:44.9744340+03:00,A70000000000000000000000,,1,-65,"865,7",Speedwayr-15-32-c2,"5,356660911296659",
2025-07-25T14:04:44.9755030+03:00,A30000000000000000000000,,1,-61,"865,7",Speedwayr-15-32-c2,"2,4605051837685683",
2025-07-25T14:04:44.9780720+03:00,A40000000000000000000000,,1,"-69,5","865,7",Speedwayr-15-32-c2,"3,184544115650591",
2025-07-25T14:04:44.9918330+03:00,A70000000000000000000000,,1,"-65,5","865,7",Speedwayr-15-32-c2,"5,197126909356553",
2025-07-25T14:04:44.9947400+03:00,A20000000000000000000000,,1,"-56,5","865,7",Speedwayr-15-32-c2,"1,6260196351587797",
2025-07-25T14:04:44.9959670+03:00,A60000000000000000000000,,1,"-57,5","865,7",Speedwayr-15-32-c2,"4,4976316700806995",
2025-07-25T14:04:44.9970350+03:00,A30000000000000000000000,,1,-61,"865,7",Speedwayr-15-32-c2,"2,4911847995262812",
2025-07-25T14:04:44.9997130+03:00,A40000000000000000000000,,1,"-70,5","865,7",Speedwayr-15-32-c2,"3,08636934522591",
2025-07-25T14:04:45.0173340+03:00,A60000000000000000000000,,1,-57,"865,7",Speedwayr-15-32-c2,"4,558990901596125",
2025-07-25T14:04:45.0190980+03:00,A20000000000000000000000,,1,-57,"865,7",Speedwayr-15-32-c2,"1,6321555583103222",
2025-07-25T14:04:45.0201700+03:00,A70000000000000000000000,,1,"-65,5","865,7",Speedwayr-15-32-c2,"5,258486140871978",
2025-07-25T14:04:45.0223390+03:00,A30000000000000000000000,,1,-60,"865,7",Speedwayr-15-32-c2,"2,442097414313941",
2025-07-25T14:04:45.0278900+03:00,A40000000000000000000000,,1,-72,"865,7",Speedwayr-15-32-c2,"3,810408277107933",
2025-07-25T14:04:45.0436020+03:00,A60000000000000000000000,,1,-56,"865,7",Speedwayr-15-32-c2,"4,516039439535327",
2025-07-25T14:04:45.0457700+03:00,A30000000000000000000000,,1,"-60,5","865,7",Speedwayr-15-32-c2,"2,380738182798515",
2025-07-25T14:04:45.0468820+03:00,A40000000000000000000000,,1,-70,"865,7",Speedwayr-15-32-c2,"3,06182565261974",
2025-07-25T14:04:45.0479930+03:00,A70000000000000000000000,,1,-66,"865,7",Speedwayr-15-32-c2,"5,197126909356553",
2025-07-25T14:04:45.0495880+03:00,A20000000000000000000000,,1,-56,"865,7",Speedwayr-15-32-c2,"1,5401167110371838",
2025-07-25T14:04:45.0632490+03:00,A20000000000000000000000,,1,-57,"865,7",Speedwayr-15-32-c2,"1,5278448647340985",
2025-07-25T14:04:45.0655030+03:00,A60000000000000000000000,,1,-57,"865,7",Speedwayr-15-32-c2,"4,6448938257177215",
2025-07-25T14:04:45.0677170+03:00,A30000000000000000000000,,1,"-61,5","865,7",Speedwayr-15-32-c2,"2,184388641949153",
2025-07-25T14:04:45.0690290+03:00,A70000000000000000000000,,1,-65,"865,7",Speedwayr-15-32-c2,"5,160311370447297",
2025-07-25T14:04:45.0873090+03:00,A40000000000000000000000,,1,-71,"865,7",Speedwayr-15-32-c2,"6,096039651057538",
2025-07-25T14:04:45.0905440+03:00,A30000000000000000000000,,1,-61,"865,7",Speedwayr-15-32-c2,"2,282563412373834",
2025-07-25T14:04:45.0934500+03:00,A20000000000000000000000,,1,-57,"865,7",Speedwayr-15-32-c2,"1,5033011721279284",
2025-07-25T14:04:45.0956750+03:00,A70000000000000000000000,,1,"-63,5","865,7",Speedwayr-15-32-c2,"5,2768939103266055",
2025-07-25T14:04:45.0971310+03:00,A60000000000000000000000,,1,-57,"865,7",Speedwayr-15-32-c2,"4,583534594202296",
2025-07-25T14:04:45.0995520+03:00,A40000000000000000000000,,1,-70,"865,7",Speedwayr-15-32-c2,"2,730485802436441",
2025-07-25T14:04:45.1137980+03:00,A60000000000000000000000,,1,"-57,5","865,7",Speedwayr-15-32-c2,"4,601942363656923",
2025-07-25T14:04:45.1169340+03:00,A20000000000000000000000,,1,-56,"865,7",Speedwayr-15-32-c2,"1,368310862793992",
2025-07-25T14:04:45.1182440+03:00,A30000000000000000000000,,1,-61,"865,7",Speedwayr-15-32-c2,"2,2027964114037806",
2025-07-25T14:04:45.1194570+03:00,A70000000000000000000000,,1,"-65,5","865,7",Speedwayr-15-32-c2,"5,565282298449106",
2025-07-25T14:04:45.1372240+03:00,A40000000000000000000000,,1,"-70,5","865,7",Speedwayr-15-32-c2,"2,454369260617026",
2025-07-25T14:04:45.1501200+03:00,A30000000000000000000000,,1,"-60,5","865,7",Speedwayr-15-32-c2,"2,184388641949153",
2025-07-25T14:04:45.1527880+03:00,A70000000000000000000000,,1,"-65,5","865,7",Speedwayr-15-32-c2,"5,540738605842936",
2025-07-25T14:04:45.1549230+03:00,A20000000000000000000000,,1,"-57,5","865,7",Speedwayr-15-32-c2,"1,3130875544301088",
2025-07-25T14:04:45.1566690+03:00,A60000000000000000000000,,1,-58,"865,7",Speedwayr-15-32-c2,"4,571262747899211",
2025-07-25T14:04:45.1595250+03:00,A40000000000000000000000,,1,"-70,5","865,7",Speedwayr-15-32-c2,"2,2089323345553233",
2025-07-25T14:04:45.1722840+03:00,A20000000000000000000000,,1,"-57,5","865,7",Speedwayr-15-32-c2,"1,337631247036279",
2025-07-25T14:04:45.1744690+03:00,A30000000000000000000000,,1,-61,"865,7",Speedwayr-15-32-c2,"2,184388641949153",
2025-07-25T14:04:45.1764580+03:00,A60000000000000000000000,,1,"-58,5","865,7",Speedwayr-15-32-c2,"4,595806440505381",
2025-07-25T14:04:45.1787350+03:00,A40000000000000000000000,,1,"-70,5","865,7",Speedwayr-15-32-c2,"2,405281875404685",
2025-07-25T14:04:45.1797790+03:00,A70000000000000000000000,,1,"-65,5","865,7",Speedwayr-15-32-c2,"5,325981295538946",
2025-07-25T14:04:45.1928070+03:00,A70000000000000000000000,,1,"-65,5","865,7",Speedwayr-15-32-c2,"5,227806525114265",
2025-07-25T14:04:45.1946530+03:00,A20000000000000000000000,,1,"-55,5","865,7",Speedwayr-15-32-c2,"1,2762720155208536",
2025-07-25T14:04:45.1976680+03:00,A30000000000000000000000,,1,"-60,5","865,7",Speedwayr-15-32-c2,"2,1782527187976104",
2025-07-25T14:04:45.2011850+03:00,A60000000000000000000000,,1,-57,"865,7",Speedwayr-15-32-c2,"4,6448938257177215",
2025-07-25T14:04:45.2096460+03:00,A40000000000000000000000,,1,"-68,5","865,7",Speedwayr-15-32-c2,"2,2334760271614935",
2025-07-25T14:04:45.2213670+03:00,A30000000000000000000000,,1,"-60,5","865,7",Speedwayr-15-32-c2,"2,055534255766759",
2025-07-25T14:04:45.2247710+03:00,A70000000000000000000000,,1,"-66,5","865,7",Speedwayr-15-32-c2,"5,516194913236766",
2025-07-25T14:04:45.2259820+03:00,A60000000000000000000000,,1,-58,"865,7",Speedwayr-15-32-c2,"4,571262747899211",
2025-07-25T14:04:45.2296290+03:00,A20000000000000000000000,,1,-57,"865,7",Speedwayr-15-32-c2,"1,239456476611598",
2025-07-25T14:04:45.2501540+03:00,A40000000000000000000000,,1,"-71,5","865,7",Speedwayr-15-32-c2,"5,273825948750835",
2025-07-25T14:04:45.2593890+03:00,A20000000000000000000000,,1,-57,"865,7",Speedwayr-15-32-c2,"1,1903690913992575",
2025-07-25T14:04:45.2604450+03:00,A70000000000000000000000,,1,-66,"865,7",Speedwayr-15-32-c2,"5,21553467881118",
2025-07-25T14:04:45.2618560+03:00,A60000000000000000000000,,1,-58,"865,7",Speedwayr-15-32-c2,"4,540583132141498",
2025-07-25T14:04:45.2632400+03:00,A30000000000000000000000,,1,-61,"865,7",Speedwayr-15-32-c2,"2,110757564130642",
2025-07-25T14:04:45.2682390+03:00,A40000000000000000000000,,1,"-70,5","865,7",Speedwayr-15-32-c2,"2,2089323345553233",
2025-07-25T14:04:45.2820840+03:00,A60000000000000000000000,,1,"-57,5","865,7",Speedwayr-15-32-c2,"4,534447208989955",
2025-07-25T14:04:45.2840450+03:00,A20000000000000000000000,,1,"-57,5","865,7",Speedwayr-15-32-c2,"1,2087768608538851",
2025-07-25T14:04:45.2853550+03:00,A30000000000000000000000,,1,-60,"865,7",Speedwayr-15-32-c2,"2,1537090261914402",
2025-07-25T14:04:45.2904820+03:00,A70000000000000000000000,,1,-65,"865,7",Speedwayr-15-32-c2,"5,252350217720435",
2025-07-25T14:04:45.2940130+03:00,A40000000000000000000000,,1,"-68,5","865,7",Speedwayr-15-32-c2,"1,9205439464328227",
2025-07-25T14:04:45.3080270+03:00,A30000000000000000000000,,1,"-61,5","865,7",Speedwayr-15-32-c2,"2,1537090261914402",
2025-07-25T14:04:45.3113410+03:00,A20000000000000000000000,,1,-58,"865,7",Speedwayr-15-32-c2,"1,184233168247715",
2025-07-25T14:04:45.3129430+03:00,A60000000000000000000000,,1,"-57,5","865,7",Speedwayr-15-32-c2,"4,448544284868359",
2025-07-25T14:04:45.3175290+03:00,A70000000000000000000000,,1,"-66,5","865,7",Speedwayr-15-32-c2,"5,381204603902829",
2025-07-25T14:04:45.3294110+03:00,A40000000000000000000000,,1,"-71,5","865,7",Speedwayr-15-32-c2,"2,1537090261914402",
2025-07-25T14:04:45.3428880+03:00,A20000000000000000000000,,1,-57,"865,7",Speedwayr-15-32-c2,"1,1719613219446299",
2025-07-25T14:04:45.3450510+03:00,A30000000000000000000000,,1,"-61,5","865,7",Speedwayr-15-32-c2,"2,12916533358527",
2025-07-25T14:04:45.3461770+03:00,A60000000000000000000000,,1,"-57,5","865,7",Speedwayr-15-32-c2,"4,430136515413731",
2025-07-25T14:04:45.3492690+03:00,A40000000000000000000000,,1,"-68,5","865,7",Speedwayr-15-32-c2,"1,7794177139473437",
2025-07-25T14:04:45.3522630+03:00,A70000000000000000000000,,1,-64,"865,7",Speedwayr-15-32-c2,"5,3198453723874035",
2025-07-25T14:04:45.3679480+03:00,A70000000000000000000000,,1,"-66,5","865,7",Speedwayr-15-32-c2,"5,184855063053467",
2025-07-25T14:04:45.3701550+03:00,A60000000000000000000000,,1,"-57,5","865,7",Speedwayr-15-32-c2,"4,3933209765044765",
2025-07-25T14:04:45.3715480+03:00,A20000000000000000000000,,1,-58,"865,7",Speedwayr-15-32-c2,"1,0062913968529805",
2025-07-25T14:04:45.3740430+03:00,A30000000000000000000000,,1,"-61,5","865,7",Speedwayr-15-32-c2,"2,5464081078901644",
2025-07-25T14:04:45.3930480+03:00,A20000000000000000000000,,1,"-58,5","865,7",Speedwayr-15-32-c2,"1,1596894756415448",
2025-07-25T14:04:45.3964600+03:00,A30000000000000000000000,,1,"-60,5","865,7",Speedwayr-15-32-c2,"2,1782527187976104",
2025-07-25T14:04:45.3981570+03:00,A60000000000000000000000,,1,"-57,5","865,7",Speedwayr-15-32-c2,"4,362641360746763",
2025-07-25T14:04:45.4012110+03:00,A70000000000000000000000,,1,-62,"865,7",Speedwayr-15-32-c2,"5,270757987175063",
2025-07-25T14:04:45.4098080+03:00,A40000000000000000000000,,1,"-71,5","865,7",Speedwayr-15-32-c2,"1,6198837120072371",
2025-07-25T14:04:45.4260510+03:00,A60000000000000000000000,,1,-57,"865,7",Speedwayr-15-32-c2,"4,295146206079795",
2025-07-25T14:04:45.4273760+03:00,A70000000000000000000000,,1,-66,"865,7",Speedwayr-15-32-c2,"4,902602598082509",
2025-07-25T14:04:45.4292420+03:00,A30000000000000000000000,,1,"-61,5","865,7",Speedwayr-15-32-c2,"1,9880391010997909",
2025-07-25T14:04:45.4335600+03:00,A20000000000000000000000,,1,"-58,5","865,7",Speedwayr-15-32-c2,"1,1658253987930873",
2025-07-25T14:04:45.4523680+03:00,A60000000000000000000000,,1,-57,"865,7",Speedwayr-15-32-c2,"4,295146206079795",
2025-07-25T14:04:45.4540000+03:00,A70000000000000000000000,,1,-65,"865,7",Speedwayr-15-32-c2,"4,921010367537137",
2025-07-25T14:04:45.4589180+03:00,A20000000000000000000000,,1,"-58,5","865,7",Speedwayr-15-32-c2,"1,2946797849754812",
2025-07-25T14:04:45.4603640+03:00,A30000000000000000000000,,1,"-61,5","865,7",Speedwayr-15-32-c2,"2,1475731030398975",
2025-07-25T14:04:45.4734110+03:00,A60000000000000000000000,,1,-57,"865,7",Speedwayr-15-32-c2,"4,221515128261284",
2025-07-25T14:04:45.4751510+03:00,A20000000000000000000000,,1,-58,"865,7",Speedwayr-15-32-c2,"1,2455923997631406",
2025-07-25T14:04:45.4775460+03:00,A70000000000000000000000,,1,"-65,5","865,7",Speedwayr-15-32-c2,"4,92714629068868",
2025-07-25T14:04:45.4794850+03:00,A30000000000000000000000,,1,-62,"865,7",Speedwayr-15-32-c2,"2,3193789512830896",
2025-07-25T14:04:45.4896650+03:00,A40000000000000000000000,,1,-71,"865,7",Speedwayr-15-32-c2,"1,932815792735908",
2025-07-25T14:04:45.5028530+03:00,A60000000000000000000000,,1,-57,"865,7",Speedwayr-15-32-c2,"4,246058820867455",
2025-07-25T14:04:45.5043780+03:00,A30000000000000000000000,,1,-62,"865,7",Speedwayr-15-32-c2,"2,313243028131547",
2025-07-25T14:04:45.5084540+03:00,A70000000000000000000000,,1,-66,"865,7",Speedwayr-15-32-c2,"4,792155981354743",
2025-07-25T14:04:45.5124050+03:00,A20000000000000000000000,,1,-60,"865,7",Speedwayr-15-32-c2,"1,3130875544301088",
2025-07-25T14:04:45.5315080+03:00,A20000000000000000000000,,1,"-58,5","865,7",Speedwayr-15-32-c2,"1,423534171157875",
2025-07-25T14:04:45.5342200+03:00,A60000000000000000000000,,1,"-57,5","865,7",Speedwayr-15-32-c2,"4,006757817957295",
2025-07-25T14:04:45.5369830+03:00,A30000000000000000000000,,1,"-61,5","865,7",Speedwayr-15-32-c2,"2,429825568010856",
2025-07-25T14:04:45.5380540+03:00,A70000000000000000000000,,1,-65,"865,7",Speedwayr-15-32-c2,"4,552854978444583",
2025-07-25T14:04:45.5515240+03:00,A40000000000000000000000,,1,"-71,5","865,7",Speedwayr-15-32-c2,"1,5922720578252956",
2025-07-25T14:04:45.5572980+03:00,A30000000000000000000000,,1,-62,"865,7",Speedwayr-15-32-c2,"2,282563412373834",
2025-07-25T14:04:45.5584630+03:00,A70000000000000000000000,,1,-65,"865,7",Speedwayr-15-32-c2,"4,669437518323892",
2025-07-25T14:04:45.5609280+03:00,A20000000000000000000000,,1,-59,"865,7",Speedwayr-15-32-c2,"1,4848934026733007",
2025-07-25T14:04:45.5629680+03:00,A60000000000000000000000,,1,"-57,5","865,7",Speedwayr-15-32-c2,"4,196971435655114",
2025-07-25T14:04:45.5879110+03:00,A40000000000000000000000,,1,"-73,5","865,7",Speedwayr-15-32-c2,"4,957825906446392",
2025-07-25T14:04:45.5935980+03:00,A20000000000000000000000,,1,-60,"865,7",Speedwayr-15-32-c2,"1,521708941582556",
2025-07-25T14:04:45.5948120+03:00,A30000000000000000000000,,1,-62,"865,7",Speedwayr-15-32-c2,"2,3623304133438876",
2025-07-25T14:04:45.5973020+03:00,A60000000000000000000000,,1,"-57,5","865,7",Speedwayr-15-32-c2,"4,154019973594316",
2025-07-25T14:04:45.5995090+03:00,A70000000000000000000000,,1,"-63,5","865,7",Speedwayr-15-32-c2,"4,614214209960009",
2025-07-25T14:04:45.6146810+03:00,A40000000000000000000000,,1,"-72,5","865,7",Speedwayr-15-32-c2,"5,166447293598839",
2025-07-25T14:04:45.6230570+03:00,A20000000000000000000000,,1,-60,"865,7",Speedwayr-15-32-c2,"1,6014759425526093",
2025-07-25T14:04:45.6249280+03:00,A60000000000000000000000,,1,"-56,5","865,7",Speedwayr-15-32-c2,"4,129476280988146",
2025-07-25T14:04:45.6270660+03:00,A30000000000000000000000,,1,-62,"865,7",Speedwayr-15-32-c2,"2,36846633649543",
2025-07-25T14:04:45.6302610+03:00,A70000000000000000000000,,1,-65,"865,7",Speedwayr-15-32-c2,"4,71238898038469",
2025-07-25T14:04:45.6770700+03:00,A40000000000000000000000,,1,-73,"865,7",Speedwayr-15-32-c2,"5,197126909356553",
2025-07-25T14:04:45.6825040+03:00,A70000000000000000000000,,1,-66,"865,7",Speedwayr-15-32-c2,"4,798291904506286",
2025-07-25T14:04:45.6838530+03:00,A30000000000000000000000,,1,-60,"865,7",Speedwayr-15-32-c2,"2,3316507975861747",
2025-07-25T14:04:45.6854970+03:00,A60000000000000000000000,,1,-57,"865,7",Speedwayr-15-32-c2,"4,221515128261284",
2025-07-25T14:04:45.6909050+03:00,A20000000000000000000000,,1,-59,"865,7",Speedwayr-15-32-c2,"1,6751070203711202",
2025-07-25T14:04:45.7044170+03:00,A40000000000000000000000,,1,"-71,5","865,7",Speedwayr-15-32-c2,"5,347457026569345",
2025-07-25T14:04:45.7120130+03:00,A60000000000000000000000,,1,"-57,5","865,7",Speedwayr-15-32-c2,"4,0987966652304335",
2025-07-25T14:04:45.7136830+03:00,A70000000000000000000000,,1,-65,"865,7",Speedwayr-15-32-c2,"4,620350133111551",
2025-07-25T14:04:45.7150220+03:00,A30000000000000000000000,,1,-61,"865,7",Speedwayr-15-32-c2,"2,380738182798515",
2025-07-25T14:04:45.7168860+03:00,A20000000000000000000000,,1,-59,"865,7",Speedwayr-15-32-c2,"1,6996507129772904",
2025-07-25T14:04:45.7462170+03:00,A60000000000000000000000,,1,"-57,5","865,7",Speedwayr-15-32-c2,"4,123340357836604",
2025-07-25T14:04:45.7484020+03:00,A70000000000000000000000,,1,"-65,5","865,7",Speedwayr-15-32-c2,"4,626486056263094",
2025-07-25T14:04:45.7495500+03:00,A20000000000000000000000,,1,-59,"865,7",Speedwayr-15-32-c2,"1,5892040962495242",
2025-07-25T14:04:45.7510070+03:00,A30000000000000000000000,,1,-61,"865,7",Speedwayr-15-32-c2,"2,2641556429192065",
2025-07-25T14:04:45.7646870+03:00,A30000000000000000000000,,1,"-60,5","865,7",Speedwayr-15-32-c2,"2,380738182798515",
2025-07-25T14:04:45.7671260+03:00,A20000000000000000000000,,1,-60,"865,7",Speedwayr-15-32-c2,"1,5830681730979816",
2025-07-25T14:04:45.7711230+03:00,A60000000000000000000000,,1,"-56,5","865,7",Speedwayr-15-32-c2,"4,154019973594316",
2025-07-25T14:04:45.7738430+03:00,A70000000000000000000000,,1,-64,"865,7",Speedwayr-15-32-c2,"4,632621979414636",
2025-07-25T14:04:45.7889260+03:00,A40000000000000000000000,,1,"-73,5","865,7",Speedwayr-15-32-c2,"5,307573526084319",
2025-07-25T14:04:45.7945260+03:00,A60000000000000000000000,,1,"-57,5","865,7",Speedwayr-15-32-c2,"4,2092432819582",
2025-07-25T14:04:45.7962230+03:00,A30000000000000000000000,,1,-62,"865,7",Speedwayr-15-32-c2,"2,337786720737717",
2025-07-25T14:04:45.7977010+03:00,A20000000000000000000000,,1,-58,"865,7",Speedwayr-15-32-c2,"1,533980787885641",
2025-07-25T14:04:45.7992940+03:00,A70000000000000000000000,,1,-65,"865,7",Speedwayr-15-32-c2,"4,651029748869264",
2025-07-25T14:04:45.8377760+03:00,A40000000000000000000000,,1,"-73,5","865,7",Speedwayr-15-32-c2,"5,402680334933228",
2025-07-25T14:04:45.8422130+03:00,A60000000000000000000000,,1,"-57,5","865,7",Speedwayr-15-32-c2,"4,154019973594316",
2025-07-25T14:04:45.8437210+03:00,A30000000000000000000000,,1,"-61,5","865,7",Speedwayr-15-32-c2,"2,337786720737717",
2025-07-25T14:04:45.8448230+03:00,A70000000000000000000000,,1,-65,"865,7",Speedwayr-15-32-c2,"4,626486056263094",
2025-07-25T14:04:45.8506690+03:00,A20000000000000000000000,,1,"-59,5","865,7",Speedwayr-15-32-c2,"1,7303303287350031",
2025-07-25T14:04:45.8793240+03:00,A40000000000000000000000,,1,"-73,5","865,7",Speedwayr-15-32-c2,"2,0586022173425302",
2025-07-25T14:04:45.8833890+03:00,A60000000000000000000000,,1,"-57,5","865,7",Speedwayr-15-32-c2,"4,178563666200486",
2025-07-25T14:04:45.8848020+03:00,A30000000000000000000000,,1,"-61,5","865,7",Speedwayr-15-32-c2,"2,4727770300716534",
2025-07-25T14:04:45.8861140+03:00,A70000000000000000000000,,1,"-63,5","865,7",Speedwayr-15-32-c2,"4,718524903536232",
2025-07-25T14:04:45.8886260+03:00,A20000000000000000000000,,1,"-58,5","865,7",Speedwayr-15-32-c2,"1,4971652489763858",
2025-07-25T14:04:45.8991420+03:00,A40000000000000000000000,,1,-71,"865,7",Speedwayr-15-32-c2,"2,270291566070749",
2025-07-25T14:04:45.9120470+03:00,A30000000000000000000000,,1,"-61,5","865,7",Speedwayr-15-32-c2,"2,1353012567368124",
2025-07-25T14:04:45.9135710+03:00,A60000000000000000000000,,1,-58,"865,7",Speedwayr-15-32-c2,"4,246058820867455",
2025-07-25T14:04:45.9162960+03:00,A20000000000000000000000,,1,"-58,5","865,7",Speedwayr-15-32-c2,"1,509437095279471",
2025-07-25T14:04:45.9180540+03:00,A70000000000000000000000,,1,"-65,5","865,7",Speedwayr-15-32-c2,"4,779884135051658",
2025-07-25T14:04:45.9496080+03:00,A60000000000000000000000,,1,-57,"865,7",Speedwayr-15-32-c2,"4,28287435977671",
2025-07-25T14:04:45.9506900+03:00,A20000000000000000000000,,1,-58,"865,7",Speedwayr-15-32-c2,"1,4910293258248433",
2025-07-25T14:04:45.9535990+03:00,A30000000000000000000000,,1,-61,"865,7",Speedwayr-15-32-c2,"2,270291566070749",
2025-07-25T14:04:45.9562120+03:00,A70000000000000000000000,,1,-66,"865,7",Speedwayr-15-32-c2,"4,779884135051658",
2025-07-25T14:04:45.9714730+03:00,A40000000000000000000000,,1,-71,"865,7",Speedwayr-15-32-c2,"5,0253210611133605",
2025-07-25T14:04:45.9791170+03:00,A70000000000000000000000,,1,"-65,5","865,7",Speedwayr-15-32-c2,"4,773748211900116",
2025-07-25T14:04:45.9806740+03:00,A30000000000000000000000,,1,-60,"865,7",Speedwayr-15-32-c2,"2,2457478734645786",
2025-07-25T14:04:45.9833810+03:00,A60000000000000000000000,,1,"-57,5","865,7",Speedwayr-15-32-c2,"4,23378697456437",
2025-07-25T14:04:45.9851460+03:00,A20000000000000000000000,,1,"-58,5","865,7",Speedwayr-15-32-c2,"1,337631247036279",
2025-07-25T14:04:45.9980110+03:00,A40000000000000000000000,,1,"-72,5","865,7",Speedwayr-15-32-c2,"2,2334760271614935",
2025-07-25T14:04:46.0105850+03:00,A70000000000000000000000,,1,-65,"865,7",Speedwayr-15-32-c2,"4,95168998329485",
2025-07-25T14:04:46.0121100+03:00,A20000000000000000000000,,1,"-59,5","865,7",Speedwayr-15-32-c2,"1,3560390164909069",
2025-07-25T14:04:46.0140220+03:00,A30000000000000000000000,,1,"-61,5","865,7",Speedwayr-15-32-c2,"2,184388641949153",
2025-07-25T14:04:46.0184040+03:00,A60000000000000000000000,,1,-58,"865,7",Speedwayr-15-32-c2,"4,295146206079795",
2025-07-25T14:04:46.0334080+03:00,A30000000000000000000000,,1,"-61,5","865,7",Speedwayr-15-32-c2,"2,2396119503130363",
2025-07-25T14:04:46.0366390+03:00,A60000000000000000000000,,1,"-57,5","865,7",Speedwayr-15-32-c2,"4,289010282928253",
2025-07-25T14:04:46.0377540+03:00,A20000000000000000000000,,1,-59,"865,7",Speedwayr-15-32-c2,"1,141281706186917",
2025-07-25T14:04:46.0413720+03:00,A70000000000000000000000,,1,"-65,5","865,7",Speedwayr-15-32-c2,"4,970097752749477",
2025-07-25T14:04:46.0615130+03:00,A20000000000000000000000,,1,-59,"865,7",Speedwayr-15-32-c2,"1,3499030933393643",
2025-07-25T14:04:46.0627550+03:00,A60000000000000000000000,,1,"-57,5","865,7",Speedwayr-15-32-c2,"4,25833066717054",
2025-07-25T14:04:46.0680150+03:00,A30000000000000000000000,,1,-62,"865,7",Speedwayr-15-32-c2,"2,1598449493429825",
2025-07-25T14:04:46.0694540+03:00,A70000000000000000000000,,1,-66,"865,7",Speedwayr-15-32-c2,"4,816699673960914",
2025-07-25T14:04:46.0875110+03:00,A40000000000000000000000,,1,"-71,5","865,7",Speedwayr-15-32-c2,"5,098952138931871",
2025-07-25T14:04:46.0944330+03:00,A60000000000000000000000,,1,-59,"865,7",Speedwayr-15-32-c2,"4,3503695144436785",
2025-07-25T14:04:46.0972220+03:00,A20000000000000000000000,,1,"-58,5","865,7",Speedwayr-15-32-c2,"1,2640001692177683",
2025-07-25T14:04:46.0987840+03:00,A30000000000000000000000,,1,-62,"865,7",Speedwayr-15-32-c2,"2,2089323345553233",
2025-07-25T14:04:46.0999380+03:00,A70000000000000000000000,,1,"-65,5","865,7",Speedwayr-15-32-c2,"4,859651136021712",
2025-07-25T14:04:46.1042040+03:00,A40000000000000000000000,,1,"-63,5","865,7",Speedwayr-15-32-c2,"1,607611865704152",
2025-07-25T14:04:46.1196760+03:00,A30000000000000000000000,,1,"-61,5","865,7",Speedwayr-15-32-c2,"2,2212041808584084",
2025-07-25T14:04:46.1221680+03:00,A40000000000000000000000,,1,-69,"865,7",Speedwayr-15-32-c2,"1,8100973297050567",
2025-07-25T14:04:46.1248920+03:00,A70000000000000000000000,,1,-67,"865,7",Speedwayr-15-32-c2,"4,896466674930966",
2025-07-25T14:04:46.1266160+03:00,A60000000000000000000000,,1,"-57,5","865,7",Speedwayr-15-32-c2,"4,362641360746763",
2025-07-25T14:04:46.1280000+03:00,A20000000000000000000000,,1,-58,"865,7",Speedwayr-15-32-c2,"1,2087768608538851",
2025-07-25T14:04:46.1412860+03:00,A40000000000000000000000,,1,"-69,5","865,7",Speedwayr-15-32-c2,"2,073942025221387",
2025-07-25T14:04:46.1453770+03:00,A60000000000000000000000,,1,-58,"865,7",Speedwayr-15-32-c2,"4,362641360746763",
2025-07-25T14:04:46.1464900+03:00,A70000000000000000000000,,1,"-64,5","865,7",Speedwayr-15-32-c2,"4,914874444385594",
2025-07-25T14:04:46.1478580+03:00,A20000000000000000000000,,1,"-58,5","865,7",Speedwayr-15-32-c2,"1,1903690913992575",
2025-07-25T14:04:46.1498410+03:00,A30000000000000000000000,,1,"-61,5","865,7",Speedwayr-15-32-c2,"2,172116795646068",
2025-07-25T14:04:46.1657640+03:00,A70000000000000000000000,,1,"-65,5","865,7",Speedwayr-15-32-c2,"4,884194828627882",
2025-07-25T14:04:46.1670480+03:00,A30000000000000000000000,,1,-61,"865,7",Speedwayr-15-32-c2,"2,2396119503130363",
2025-07-25T14:04:46.1697410+03:00,A60000000000000000000000,,1,"-57,5","865,7",Speedwayr-15-32-c2,"4,368777283898306",
2025-07-25T14:04:46.1718950+03:00,A20000000000000000000000,,1,-59,"865,7",Speedwayr-15-32-c2,"1,1903690913992575",
2025-07-25T14:04:46.1729070+03:00,A40000000000000000000000,,1,-68,"865,7",Speedwayr-15-32-c2,"1,932815792735908",
2025-07-25T14:04:46.1861940+03:00,A40000000000000000000000,,1,-70,"865,7",Speedwayr-15-32-c2,"1,4848934026733007",
2025-07-25T14:04:46.1883300+03:00,A30000000000000000000000,,1,-62,"865,7",Speedwayr-15-32-c2,"2,227340104009951",
2025-07-25T14:04:46.1905060+03:00,A20000000000000000000000,,1,-58,"865,7",Speedwayr-15-32-c2,"1,1658253987930873",
2025-07-25T14:04:46.1918310+03:00,A60000000000000000000000,,1,"-58,5","865,7",Speedwayr-15-32-c2,"4,3933209765044765",
2025-07-25T14:04:46.1978920+03:00,A70000000000000000000000,,1,-66,"865,7",Speedwayr-15-32-c2,"4,957825906446392",
2025-07-25T14:04:46.2131290+03:00,A20000000000000000000000,,1,-59,"865,7",Speedwayr-15-32-c2,"1,1965050145508",
2025-07-25T14:04:46.2157230+03:00,A60000000000000000000000,,1,-58,"865,7",Speedwayr-15-32-c2,"4,319689898685965",
2025-07-25T14:04:46.2168320+03:00,A70000000000000000000000,,1,"-67,5","865,7",Speedwayr-15-32-c2,"4,95168998329485",
2025-07-25T14:04:46.2191470+03:00,A30000000000000000000000,,1,"-61,5","865,7",Speedwayr-15-32-c2,"2,172116795646068",
2025-07-25T14:04:46.2240900+03:00,A40000000000000000000000,,1,-68,"865,7",Speedwayr-15-32-c2,"2,061670178918302",
2025-07-25T14:04:46.2371170+03:00,A60000000000000000000000,,1,-58,"865,7",Speedwayr-15-32-c2,"4,362641360746763",
2025-07-25T14:04:46.2392920+03:00,A20000000000000000000000,,1,"-57,5","865,7",Speedwayr-15-32-c2,"1,2333205534600555",
2025-07-25T14:04:46.2404760+03:00,A30000000000000000000000,,1,"-61,5","865,7",Speedwayr-15-32-c2,"2,2641556429192065",
2025-07-25T14:04:46.2475530+03:00,A70000000000000000000000,,1,"-66,5","865,7",Speedwayr-15-32-c2,"5,0682725231741586",
2025-07-25T14:04:46.2497890+03:00,A40000000000000000000000,,1,-69,"865,7",Speedwayr-15-32-c2,"1,8530487917658545",
2025-07-25T14:04:46.2656510+03:00,A70000000000000000000000,,1,-66,"865,7",Speedwayr-15-32-c2,"4,994641445355648",
2025-07-25T14:04:46.2683830+03:00,A30000000000000000000000,,1,-62,"865,7",Speedwayr-15-32-c2,"2,282563412373834",
2025-07-25T14:04:46.2703940+03:00,A60000000000000000000000,,1,"-58,5","865,7",Speedwayr-15-32-c2,"4,448544284868359",
2025-07-25T14:04:46.2727590+03:00,A20000000000000000000000,,1,-58,"865,7",Speedwayr-15-32-c2,"1,1535535524900022",
2025-07-25T14:04:46.2879180+03:00,A30000000000000000000000,,1,-61,"865,7",Speedwayr-15-32-c2,"2,313243028131547",
2025-07-25T14:04:46.2901680+03:00,A20000000000000000000000,,1,"-58,5","865,7",Speedwayr-15-32-c2,"1,0983302441261191",
2025-07-25T14:04:46.2921850+03:00,A60000000000000000000000,,1,"-57,5","865,7",Speedwayr-15-32-c2,"4,528311285838413",
2025-07-25T14:04:46.2938480+03:00,A40000000000000000000000,,1,-67,"865,7",Speedwayr-15-32-c2,"1,2517283229146832",
2025-07-25T14:04:46.2949740+03:00,A70000000000000000000000,,1,"-66,5","865,7",Speedwayr-15-32-c2,"4,865787059173254",
2025-07-25T14:04:46.3070660+03:00,A30000000000000000000000,,1,"-62,5","865,7",Speedwayr-15-32-c2,"2,3193789512830896",
2025-07-25T14:04:46.3093430+03:00,A70000000000000000000000,,1,-65,"865,7",Speedwayr-15-32-c2,"5,006913291658733",
2025-07-25T14:04:46.3132610+03:00,A60000000000000000000000,,1,-58,"865,7",Speedwayr-15-32-c2,"4,534447208989955",
2025-07-25T14:04:46.3143990+03:00,A20000000000000000000000,,1,-58,"865,7",Speedwayr-15-32-c2,"1,1167380135807468",
2025-07-25T14:04:46.3176350+03:00,A40000000000000000000000,,1,-69,"865,7",Speedwayr-15-32-c2,"2,172116795646068",
2025-07-25T14:04:46.3305400+03:00,A70000000000000000000000,,1,"-65,5","865,7",Speedwayr-15-32-c2,"5,141903600992669",
2025-07-25T14:04:46.3320670+03:00,A60000000000000000000000,,1,-58,"865,7",Speedwayr-15-32-c2,"4,71238898038469",
2025-07-25T14:04:46.3344760+03:00,A30000000000000000000000,,1,"-62,5","865,7",Speedwayr-15-32-c2,"2,2396119503130363",
2025-07-25T14:04:46.3361590+03:00,A20000000000000000000000,,1,"-59,5","865,7",Speedwayr-15-32-c2,"1,1474176293384597",
2025-07-25T14:04:46.3380410+03:00,A40000000000000000000000,,1,-69,"865,7",Speedwayr-15-32-c2,"2,521864415283994",
2025-07-25T14:04:46.3542470+03:00,A20000000000000000000000,,1,"-58,5","865,7",Speedwayr-15-32-c2,"1,1228739367322893",
2025-07-25T14:04:46.3567590+03:00,A30000000000000000000000,,1,"-62,5","865,7",Speedwayr-15-32-c2,"2,4727770300716534",
2025-07-25T14:04:46.3579830+03:00,A60000000000000000000000,,1,-58,"865,7",Speedwayr-15-32-c2,"4,522175362686871",
2025-07-25T14:04:46.3593260+03:00,A70000000000000000000000,,1,-66,"865,7",Speedwayr-15-32-c2,"5,031456984264903",
2025-07-25T14:04:46.3725150+03:00,A20000000000000000000000,,1,"-58,5","865,7",Speedwayr-15-32-c2,"1,1719613219446299",
2025-07-25T14:04:46.3745400+03:00,A60000000000000000000000,,1,-58,"865,7",Speedwayr-15-32-c2,"4,528311285838413",
2025-07-25T14:04:46.3761500+03:00,A30000000000000000000000,,1,-61,"865,7",Speedwayr-15-32-c2,"2,4911847995262812",
2025-07-25T14:04:46.3781010+03:00,A70000000000000000000000,,1,-66,"865,7",Speedwayr-15-32-c2,"5,098952138931871",
2025-07-25T14:04:46.3797100+03:00,A40000000000000000000000,,1,"-67,5","865,7",Speedwayr-15-32-c2,"2,3071071049800045",
2025-07-25T14:04:46.3984550+03:00,A60000000000000000000000,,1,-59,"865,7",Speedwayr-15-32-c2,"4,620350133111551",
2025-07-25T14:04:46.3995520+03:00,A40000000000000000000000,,1,-68,"865,7",Speedwayr-15-32-c2,"2,2027964114037806",
2025-07-25T14:04:46.4014480+03:00,A70000000000000000000000,,1,"-65,5","865,7",Speedwayr-15-32-c2,"5,209398755659637",
2025-07-25T14:04:46.4025730+03:00,A30000000000000000000000,,1,-62,"865,7",Speedwayr-15-32-c2,"2,478912953223196",
2025-07-25T14:04:46.4039120+03:00,A20000000000000000000000,,1,"-59,5","865,7",Speedwayr-15-32-c2,"1,184233168247715",
2025-07-25T14:04:46.4183560+03:00,A70000000000000000000000,,1,-65,"865,7",Speedwayr-15-32-c2,"5,111223985234957",
2025-07-25T14:04:46.4196970+03:00,A30000000000000000000000,,1,-62,"865,7",Speedwayr-15-32-c2,"2,509592568980909",
2025-07-25T14:04:46.4226930+03:00,A40000000000000000000000,,1,-67,"865,7",Speedwayr-15-32-c2,"1,8223691760081417",
2025-07-25T14:04:46.4237870+03:00,A60000000000000000000000,,1,"-58,5","865,7",Speedwayr-15-32-c2,"4,675573441475434",
2025-07-25T14:04:46.4276500+03:00,A20000000000000000000000,,1,"-59,5","865,7",Speedwayr-15-32-c2,"1,1228739367322893",
2025-07-25T14:04:46.4447230+03:00,A60000000000000000000000,,1,"-58,5","865,7",Speedwayr-15-32-c2,"4,6448938257177215",
2025-07-25T14:04:46.4459630+03:00,A20000000000000000000000,,1,"-59,5","865,7",Speedwayr-15-32-c2,"1,214912784005428",
2025-07-25T14:04:46.4473020+03:00,A40000000000000000000000,,1,"-68,5","865,7",Speedwayr-15-32-c2,"2,3623304133438876",
2025-07-25T14:04:46.4488200+03:00,A70000000000000000000000,,1,-66,"865,7",Speedwayr-15-32-c2,"5,2339424482658075",
2025-07-25T14:04:46.4499050+03:00,A30000000000000000000000,,1,-62,"865,7",Speedwayr-15-32-c2,"2,4911847995262812",
2025-07-25T14:04:46.4644130+03:00,A40000000000000000000000,,1,"-68,5","865,7",Speedwayr-15-32-c2,"2,2764274892222915",
2025-07-25T14:04:46.4662960+03:00,A30000000000000000000000,,1,-62,"865,7",Speedwayr-15-32-c2,"2,5832236467994196",
2025-07-25T14:04:46.4676660+03:00,A70000000000000000000000,,1,"-66,5","865,7",Speedwayr-15-32-c2,"5,283029833478148",
2025-07-25T14:04:46.4692900+03:00,A60000000000000000000000,,1,-59,"865,7",Speedwayr-15-32-c2,"4,6878452877785195",
2025-07-25T14:04:46.4706360+03:00,A20000000000000000000000,,1,-60,"865,7",Speedwayr-15-32-c2,"1,1351457830353744",
2025-07-25T14:04:46.4881650+03:00,A70000000000000000000000,,1,-67,"865,7",Speedwayr-15-32-c2,"5,301437602932776",
2025-07-25T14:04:46.4905750+03:00,A20000000000000000000000,,1,"-60,5","865,7",Speedwayr-15-32-c2,"1,2946797849754812",
2025-07-25T14:04:46.4927840+03:00,A30000000000000000000000,,1,-62,"865,7",Speedwayr-15-32-c2,"2,6875343403756435",
2025-07-25T14:04:46.4941110+03:00,A40000000000000000000000,,1,"-68,5","865,7",Speedwayr-15-32-c2,"2,6998061866787286",
2025-07-25T14:04:46.4962320+03:00,A60000000000000000000000,,1,"-58,5","865,7",Speedwayr-15-32-c2,"4,706253057233147",
2025-07-25T14:04:46.5099000+03:00,A30000000000000000000000,,1,"-62,5","865,7",Speedwayr-15-32-c2,"2,6875343403756435",
2025-07-25T14:04:46.5118110+03:00,A60000000000000000000000,,1,"-58,5","865,7",Speedwayr-15-32-c2,"4,743068596142402",
2025-07-25T14:04:46.5142380+03:00,A20000000000000000000000,,1,"-60,5","865,7",Speedwayr-15-32-c2,"1,2517283229146832",
2025-07-25T14:04:46.5168860+03:00,A70000000000000000000000,,1,-66,"865,7",Speedwayr-15-32-c2,"5,197126909356553",
2025-07-25T14:04:46.5186100+03:00,A40000000000000000000000,,1,"-66,5","865,7",Speedwayr-15-32-c2,"2,350058567040802",
2025-07-25T14:04:46.5338180+03:00,A60000000000000000000000,,1,"-58,5","865,7",Speedwayr-15-32-c2,"4,724660826687775",
2025-07-25T14:04:46.5351160+03:00,A30000000000000000000000,,1,-62,"865,7",Speedwayr-15-32-c2,"2,662990647769473",
2025-07-25T14:04:46.5367290+03:00,A20000000000000000000000,,1,"-59,5","865,7",Speedwayr-15-32-c2,"1,2640001692177683",
2025-07-25T14:04:46.5378300+03:00,A70000000000000000000000,,1,"-65,5","865,7",Speedwayr-15-32-c2,"5,092816215780329",
2025-07-25T14:04:46.5452560+03:00,A40000000000000000000000,,1,"-66,5","865,7",Speedwayr-15-32-c2,"2,3746022596469727",
2025-07-25T14:04:46.5600750+03:00,A30000000000000000000000,,1,"-60,5","865,7",Speedwayr-15-32-c2,"2,718213956133356",
2025-07-25T14:04:46.5622860+03:00,A20000000000000000000000,,1,"-60,5","865,7",Speedwayr-15-32-c2,"1,3744467859455345",
2025-07-25T14:04:46.5637550+03:00,A40000000000000000000000,,1,-68,"865,7",Speedwayr-15-32-c2,"2,380738182798515",
2025-07-25T14:04:46.5651080+03:00,A60000000000000000000000,,1,"-58,5","865,7",Speedwayr-15-32-c2,"4,81056375080937",
2025-07-25T14:04:46.5668030+03:00,A70000000000000000000000,,1,"-65,5","865,7",Speedwayr-15-32-c2,"5,221670601962723",
2025-07-25T14:04:46.5818900+03:00,A70000000000000000000000,,1,"-62,5","865,7",Speedwayr-15-32-c2,"5,246214294568893",
2025-07-25T14:04:46.5858590+03:00,A20000000000000000000000,,1,-61,"865,7",Speedwayr-15-32-c2,"1,3621749396424494",
2025-07-25T14:04:46.5874090+03:00,A40000000000000000000000,,1,"-68,5","865,7",Speedwayr-15-32-c2,"2,36846633649543",
2025-07-25T14:04:46.5885220+03:00,A60000000000000000000000,,1,"-58,5","865,7",Speedwayr-15-32-c2,"4,779884135051658",
2025-07-25T14:04:46.5899010+03:00,A30000000000000000000000,,1,"-62,5","865,7",Speedwayr-15-32-c2,"2,767301341345697",
2025-07-25T14:04:46.6042380+03:00,A60000000000000000000000,,1,-57,"865,7",Speedwayr-15-32-c2,"4,822835597112456",
2025-07-25T14:04:46.6072480+03:00,A30000000000000000000000,,1,-63,"865,7",Speedwayr-15-32-c2,"2,8532042654672924",
2025-07-25T14:04:46.6086990+03:00,A20000000000000000000000,,1,-61,"865,7",Speedwayr-15-32-c2,"1,3621749396424494",
2025-07-25T14:04:46.6099960+03:00,A40000000000000000000000,,1,-68,"865,7",Speedwayr-15-32-c2,"2,3193789512830896",
2025-07-25T14:04:46.6151550+03:00,A70000000000000000000000,,1,"-64,5","865,7",Speedwayr-15-32-c2,"5,258486140871978",
2025-07-25T14:04:46.6285770+03:00,A20000000000000000000000,,1,-60,"865,7",Speedwayr-15-32-c2,"1,3192234775816514",
2025-07-25T14:04:46.6321150+03:00,A30000000000000000000000,,1,"-62,5","865,7",Speedwayr-15-32-c2,"2,7550294950426117",
2025-07-25T14:04:46.6333110+03:00,A70000000000000000000000,,1,-64,"865,7",Speedwayr-15-32-c2,"4,632621979414636",
2025-07-25T14:04:46.6349370+03:00,A60000000000000000000000,,1,-58,"865,7",Speedwayr-15-32-c2,"4,755340442445488",
2025-07-25T14:04:46.6363930+03:00,A40000000000000000000000,,1,"-67,5","865,7",Speedwayr-15-32-c2,"2,5034566458293663",
2025-07-25T14:04:46.6485830+03:00,A30000000000000000000000,,1,"-62,5","865,7",Speedwayr-15-32-c2,"2,8838838812250054",
2025-07-25T14:04:46.6511660+03:00,A20000000000000000000000,,1,-61,"865,7",Speedwayr-15-32-c2,"1,4296700943094176",
2025-07-25T14:04:46.6538900+03:00,A60000000000000000000000,,1,"-58,5","865,7",Speedwayr-15-32-c2,"4,700117134081604",
2025-07-25T14:04:46.6554100+03:00,A70000000000000000000000,,1,-63,"865,7",Speedwayr-15-32-c2,"5,117359908386499",
2025-07-25T14:04:46.6573160+03:00,A40000000000000000000000,,1,-67,"865,7",Speedwayr-15-32-c2,"2,36846633649543",
2025-07-25T14:04:46.6707620+03:00,A40000000000000000000000,,1,-67,"865,7",Speedwayr-15-32-c2,"2,5280003384355365",
2025-07-25T14:04:46.6748220+03:00,A60000000000000000000000,,1,"-58,5","865,7",Speedwayr-15-32-c2,"4,7860200582032",
2025-07-25T14:04:46.6765740+03:00,A20000000000000000000000,,1,-61,"865,7",Speedwayr-15-32-c2,"1,423534171157875",
2025-07-25T14:04:46.6782290+03:00,A70000000000000000000000,,1,"-65,5","865,7",Speedwayr-15-32-c2,"5,313709449235861",
2025-07-25T14:04:46.6793130+03:00,A30000000000000000000000,,1,"-62,5","865,7",Speedwayr-15-32-c2,"2,8409324191642074",
2025-07-25T14:04:46.6916180+03:00,A30000000000000000000000,,1,"-62,5","865,7",Speedwayr-15-32-c2,"3,0372819600135696",
2025-07-25T14:04:46.6940660+03:00,A60000000000000000000000,,1,-58,"865,7",Speedwayr-15-32-c2,"4,749204519293945",
2025-07-25T14:04:46.6968650+03:00,A20000000000000000000000,,1,-62,"865,7",Speedwayr-15-32-c2,"1,4419419406125027",
2025-07-25T14:04:46.6982150+03:00,A70000000000000000000000,,1,"-66,5","865,7",Speedwayr-15-32-c2,"5,675728915176872",
2025-07-25T14:04:46.6993670+03:00,A40000000000000000000000,,1,"-67,5","865,7",Speedwayr-15-32-c2,"2,5770877236478773",
2025-07-25T14:04:46.7163540+03:00,A70000000000000000000000,,1,"-66,5","865,7",Speedwayr-15-32-c2,"5,227806525114265",
2025-07-25T14:04:46.7178360+03:00,A30000000000000000000000,,1,-63,"865,7",Speedwayr-15-32-c2,"2,9329712664373457",
2025-07-25T14:04:46.7192470+03:00,A60000000000000000000000,,1,"-58,5","865,7",Speedwayr-15-32-c2,"4,878058905476339",
2025-07-25T14:04:46.7228100+03:00,A20000000000000000000000,,1,-62,"865,7",Speedwayr-15-32-c2,"1,4910293258248433",
2025-07-25T14:04:46.7247470+03:00,A40000000000000000000000,,1,-65,"865,7",Speedwayr-15-32-c2,"2,478912953223196",
2025-07-25T14:04:46.7372620+03:00,A60000000000000000000000,,1,-58,"865,7",Speedwayr-15-32-c2,"4,853515212870168",
2025-07-25T14:04:46.7399240+03:00,A40000000000000000000000,,1,"-67,5","865,7",Speedwayr-15-32-c2,"2,6139032625571326",
2025-07-25T14:04:46.7424860+03:00,A30000000000000000000000,,1,-63,"865,7",Speedwayr-15-32-c2,"2,7857091108003242",
2025-07-25T14:04:46.7435860+03:00,A20000000000000000000000,,1,"-61,5","865,7",Speedwayr-15-32-c2,"1,4051264017032472",
2025-07-25T14:04:46.7451790+03:00,A70000000000000000000000,,1,-65,"865,7",Speedwayr-15-32-c2,"5,387340527054372",
2025-07-25T14:04:46.7622000+03:00,A60000000000000000000000,,1,-57,"865,7",Speedwayr-15-32-c2,"4,816699673960914",
2025-07-25T14:04:46.7651130+03:00,A70000000000000000000000,,1,-65,"865,7",Speedwayr-15-32-c2,"5,283029833478148",
2025-07-25T14:04:46.7677790+03:00,A30000000000000000000000,,1,-63,"865,7",Speedwayr-15-32-c2,"2,9145634969827183",
2025-07-25T14:04:46.7688780+03:00,A20000000000000000000000,,1,-62,"865,7",Speedwayr-15-32-c2,"1,5401167110371838",
2025-07-25T14:04:46.7708590+03:00,A40000000000000000000000,,1,-67,"865,7",Speedwayr-15-32-c2,"2,521864415283994",
2025-07-25T14:04:46.7842410+03:00,A40000000000000000000000,,1,-67,"865,7",Speedwayr-15-32-c2,"2,718213956133356",
2025-07-25T14:04:46.7856070+03:00,A30000000000000000000000,,1,"-62,5","865,7",Speedwayr-15-32-c2,"2,9697868053466014",
2025-07-25T14:04:46.7872580+03:00,A60000000000000000000000,,1,"-58,5","865,7",Speedwayr-15-32-c2,"4,816699673960914",
2025-07-25T14:04:46.7883690+03:00,A20000000000000000000000,,1,"-61,5","865,7",Speedwayr-15-32-c2,"1,3192234775816514",
2025-07-25T14:04:46.7906750+03:00,A70000000000000000000000,,1,"-64,5","865,7",Speedwayr-15-32-c2,"5,485515297479052",
2025-07-25T14:04:46.8071460+03:00,A30000000000000000000000,,1,"-62,5","865,7",Speedwayr-15-32-c2,"2,9084275738311756",
2025-07-25T14:04:46.8104350+03:00,A20000000000000000000000,,1,-61,"865,7",Speedwayr-15-32-c2,"1,5892040962495242",
2025-07-25T14:04:46.8122400+03:00,A60000000000000000000000,,1,"-58,5","865,7",Speedwayr-15-32-c2,"4,8351074434155406",
2025-07-25T14:04:46.8133240+03:00,A70000000000000000000000,,1,"-63,5","865,7",Speedwayr-15-32-c2,"5,332117218690489",
2025-07-25T14:04:46.8154720+03:00,A40000000000000000000000,,1,"-67,5","865,7",Speedwayr-15-32-c2,"2,5402721847386216",
2025-07-25T14:04:46.8278950+03:00,A70000000000000000000000,,1,-66,"865,7",Speedwayr-15-32-c2,"5,313709449235861",
2025-07-25T14:04:46.8300740+03:00,A20000000000000000000000,,1,-60,"865,7",Speedwayr-15-32-c2,"1,5707963267948966",
2025-07-25T14:04:46.8320780+03:00,A60000000000000000000000,,1,-59,"865,7",Speedwayr-15-32-c2,"4,896466674930966",
2025-07-25T14:04:46.8334030+03:00,A30000000000000000000000,,1,-62,"865,7",Speedwayr-15-32-c2,"2,9636508821950587",
2025-07-25T14:04:46.8351650+03:00,A40000000000000000000000,,1,"-65,5","865,7",Speedwayr-15-32-c2,"2,5402721847386216",
2025-07-25T14:04:46.8492740+03:00,A30000000000000000000000,,1,-63,"865,7",Speedwayr-15-32-c2,"2,9697868053466014",
2025-07-25T14:04:46.8503430+03:00,A70000000000000000000000,,1,"-66,5","865,7",Speedwayr-15-32-c2,"5,534602682691394",
2025-07-25T14:04:46.8517860+03:00,A60000000000000000000000,,1,"-58,5","865,7",Speedwayr-15-32-c2,"4,718524903536232",
2025-07-25T14:04:46.8560590+03:00,A20000000000000000000000,,1,-61,"865,7",Speedwayr-15-32-c2,"1,6382914814618648",
2025-07-25T14:04:46.8575250+03:00,A40000000000000000000000,,1,-68,"865,7",Speedwayr-15-32-c2,"2,356194490192345",
2025-07-25T14:04:46.8710740+03:00,A20000000000000000000000,,1,-62,"865,7",Speedwayr-15-32-c2,"1,5953400194010667",
2025-07-25T14:04:46.8767070+03:00,A30000000000000000000000,,1,-63,"865,7",Speedwayr-15-32-c2,"3,018874190558942",
2025-07-25T14:04:46.8778210+03:00,A70000000000000000000000,,1,-66,"865,7",Speedwayr-15-32-c2,"5,301437602932776",
2025-07-25T14:04:46.8797990+03:00,A60000000000000000000000,,1,-59,"865,7",Speedwayr-15-32-c2,"4,724660826687775",
2025-07-25T14:04:46.8829660+03:00,A40000000000000000000000,,1,-65,"865,7",Speedwayr-15-32-c2,"1,8960002538266525",
2025-07-25T14:04:46.8971010+03:00,A70000000000000000000000,,1,"-66,5","865,7",Speedwayr-15-32-c2,"5,141903600992669",
2025-07-25T14:04:46.8992810+03:00,A40000000000000000000000,,1,"-67,5","865,7",Speedwayr-15-32-c2,"2,2764274892222915",
2025-07-25T14:04:46.9008750+03:00,A20000000000000000000000,,1,"-60,5","865,7",Speedwayr-15-32-c2,"1,4664856332186729",
2025-07-25T14:04:46.9019170+03:00,A30000000000000000000000,,1,-62,"865,7",Speedwayr-15-32-c2,"2,816388726558037",
2025-07-25T14:04:46.9068840+03:00,A60000000000000000000000,,1,-58,"865,7",Speedwayr-15-32-c2,"4,773748211900116",
2025-07-25T14:04:46.9218530+03:00,A60000000000000000000000,,1,"-58,5","865,7",Speedwayr-15-32-c2,"4,73693267299086",
2025-07-25T14:04:46.9235940+03:00,A70000000000000000000000,,1,-66,"865,7",Speedwayr-15-32-c2,"5,246214294568893",
2025-07-25T14:04:46.9246630+03:00,A30000000000000000000000,,1,"-62,5","865,7",Speedwayr-15-32-c2,"3,0127382674073995",
2025-07-25T14:04:46.9263270+03:00,A20000000000000000000000,,1,"-61,5","865,7",Speedwayr-15-32-c2,"1,576932249946439",
2025-07-25T14:04:46.9273960+03:00,A40000000000000000000000,,1,"-66,5","865,7",Speedwayr-15-32-c2,"2,6200391857086753",
2025-07-25T14:04:46.9408810+03:00,A60000000000000000000000,,1,-59,"865,7",Speedwayr-15-32-c2,"4,6448938257177215",
2025-07-25T14:04:46.9435880+03:00,A30000000000000000000000,,1,"-62,5","865,7",Speedwayr-15-32-c2,"2,859340188618835",
2025-07-25T14:04:46.9457430+03:00,A70000000000000000000000,,1,"-66,5","865,7",Speedwayr-15-32-c2,"4,9394181369917645",
2025-07-25T14:04:46.9481930+03:00,A20000000000000000000000,,1,-62,"865,7",Speedwayr-15-32-c2,"1,4910293258248433",
2025-07-25T14:04:46.9505210+03:00,A40000000000000000000000,,1,"-64,5","865,7",Speedwayr-15-32-c2,"2,4605051837685683",
2025-07-25T14:04:46.9631770+03:00,A20000000000000000000000,,1,"-61,5","865,7",Speedwayr-15-32-c2,"1,4726215563702154",
2025-07-25T14:04:46.9685290+03:00,A60000000000000000000000,,1,"-58,5","865,7",Speedwayr-15-32-c2,"4,71238898038469",
2025-07-25T14:04:46.9711520+03:00,A70000000000000000000000,,1,-64,"865,7",Speedwayr-15-32-c2,"5,2768939103266055",
2025-07-25T14:04:46.9722370+03:00,A30000000000000000000000,,1,-63,"865,7",Speedwayr-15-32-c2,"2,5770877236478773",
2025-07-25T14:04:46.9734460+03:00,A40000000000000000000000,,1,"-65,5","865,7",Speedwayr-15-32-c2,"2,4175537217077703",
2025-07-25T14:04:46.9890820+03:00,A60000000000000000000000,,1,-59,"865,7",Speedwayr-15-32-c2,"4,595806440505381",
2025-07-25T14:04:46.9912890+03:00,A40000000000000000000000,,1,"-66,5","865,7",Speedwayr-15-32-c2,"2,509592568980909",
2025-07-25T14:04:46.9923280+03:00,A30000000000000000000000,,1,-63,"865,7",Speedwayr-15-32-c2,"2,859340188618835",
2025-07-25T14:04:46.9934510+03:00,A20000000000000000000000,,1,"-60,5","865,7",Speedwayr-15-32-c2,"1,5707963267948966",
2025-07-25T14:04:46.9947210+03:00,A70000000000000000000000,,1,-64,"865,7",Speedwayr-15-32-c2,"5,049864753719531",
2025-07-25T14:04:47.0098350+03:00,A60000000000000000000000,,1,"-58,5","865,7",Speedwayr-15-32-c2,"4,706253057233147",
2025-07-25T14:04:47.0125580+03:00,A30000000000000000000000,,1,-63,"865,7",Speedwayr-15-32-c2,"2,8409324191642074",
2025-07-25T14:04:47.0142720+03:00,A20000000000000000000000,,1,-62,"865,7",Speedwayr-15-32-c2,"1,4971652489763858",
2025-07-25T14:04:47.0174310+03:00,A70000000000000000000000,,1,-65,"865,7",Speedwayr-15-32-c2,"5,307573526084319",
2025-07-25T14:04:47.0185740+03:00,A40000000000000000000000,,1,-68,"865,7",Speedwayr-15-32-c2,"2,5034566458293663",
2025-07-25T14:04:47.0327120+03:00,A30000000000000000000000,,1,"-62,5","865,7",Speedwayr-15-32-c2,"2,8286605728611223",
2025-07-25T14:04:47.0340920+03:00,A20000000000000000000000,,1,"-60,5","865,7",Speedwayr-15-32-c2,"1,5278448647340985",
2025-07-25T14:04:47.0356190+03:00,A70000000000000000000000,,1,-66,"865,7",Speedwayr-15-32-c2,"5,141903600992669",
2025-07-25T14:04:47.0374840+03:00,A60000000000000000000000,,1,"-57,5","865,7",Speedwayr-15-32-c2,"4,663301595172349",
2025-07-25T14:04:47.0387960+03:00,A40000000000000000000000,,1,"-67,5","865,7",Speedwayr-15-32-c2,"2,3930100291016",
2025-07-25T14:04:47.0536990+03:00,A30000000000000000000000,,1,"-62,5","865,7",Speedwayr-15-32-c2,"2,9943304979527716",
2025-07-25T14:04:47.0552650+03:00,A70000000000000000000000,,1,-64,"865,7",Speedwayr-15-32-c2,"5,190990986205009",
2025-07-25T14:04:47.0597210+03:00,A20000000000000000000000,,1,"-60,5","865,7",Speedwayr-15-32-c2,"1,5830681730979816",
2025-07-25T14:04:47.0608470+03:00,A60000000000000000000000,,1,-58,"865,7",Speedwayr-15-32-c2,"4,614214209960009",
2025-07-25T14:04:47.0653790+03:00,A40000000000000000000000,,1,-68,"865,7",Speedwayr-15-32-c2,"2,4727770300716534",
2025-07-25T14:04:47.0784580+03:00,A60000000000000000000000,,1,"-58,5","865,7",Speedwayr-15-32-c2,"4,632621979414636",
2025-07-25T14:04:47.0806620+03:00,A20000000000000000000000,,1,-61,"865,7",Speedwayr-15-32-c2,"1,533980787885641",
2025-07-25T14:04:47.0871000+03:00,A40000000000000000000000,,1,-68,"865,7",Speedwayr-15-32-c2,"2,429825568010856",
2025-07-25T14:04:47.0885690+03:00,A30000000000000000000000,,1,-63,"865,7",Speedwayr-15-32-c2,"2,705942109830271",
2025-07-25T14:04:47.0905330+03:00,A70000000000000000000000,,1,"-63,5","865,7",Speedwayr-15-32-c2,"5,019185137961818",
2025-07-25T14:04:47.1026010+03:00,A40000000000000000000000,,1,-66,"865,7",Speedwayr-15-32-c2,"2,497320722677824",
2025-07-25T14:04:47.1045240+03:00,A20000000000000000000000,,1,"-61,5","865,7",Speedwayr-15-32-c2,"1,4910293258248433",
2025-07-25T14:04:47.1080660+03:00,A60000000000000000000000,,1,"-58,5","865,7",Speedwayr-15-32-c2,"4,528311285838413",
2025-07-25T14:04:47.1097350+03:00,A30000000000000000000000,,1,-63,"865,7",Speedwayr-15-32-c2,"2,8654761117703775",
2025-07-25T14:04:47.1108490+03:00,A70000000000000000000000,,1,"-65,5","865,7",Speedwayr-15-32-c2,"5,184855063053467",
2025-07-25T14:04:47.1251860+03:00,A20000000000000000000000,,1,"-60,5","865,7",Speedwayr-15-32-c2,"1,607611865704152",
2025-07-25T14:04:47.1278830+03:00,A30000000000000000000000,,1,-62,"865,7",Speedwayr-15-32-c2,"2,5586799541932495",
2025-07-25T14:04:47.1290070+03:00,A60000000000000000000000,,1,-58,"865,7",Speedwayr-15-32-c2,"4,565126824747668",
2025-07-25T14:04:47.1300490+03:00,A70000000000000000000000,,1,"-64,5","865,7",Speedwayr-15-32-c2,"5,135767677841127",
2025-07-25T14:04:47.1339020+03:00,A40000000000000000000000,,1,-67,"865,7",Speedwayr-15-32-c2,"1,9880391010997909",
2025-07-25T14:04:47.1493940+03:00,A70000000000000000000000,,1,"-65,5","865,7",Speedwayr-15-32-c2,"5,013049214810275",
2025-07-25T14:04:47.1509070+03:00,A60000000000000000000000,,1,-58,"865,7",Speedwayr-15-32-c2,"4,338097668140593",
2025-07-25T14:04:47.1519780+03:00,A20000000000000000000000,,1,-61,"865,7",Speedwayr-15-32-c2,"1,7732817907958012",
2025-07-25T14:04:47.1530760+03:00,A30000000000000000000000,,1,-62,"865,7",Speedwayr-15-32-c2,"2,736621725587984",
2025-07-25T14:04:47.1552370+03:00,A40000000000000000000000,,1,-66,"865,7",Speedwayr-15-32-c2,"2,5402721847386216",
2025-07-25T14:04:47.1681080+03:00,A30000000000000000000000,,1,"-62,5","865,7",Speedwayr-15-32-c2,"2,816388726558037",
2025-07-25T14:04:47.1692060+03:00,A20000000000000000000000,,1,"-61,5","865,7",Speedwayr-15-32-c2,"1,533980787885641",
2025-07-25T14:04:47.1714260+03:00,A70000000000000000000000,,1,-65,"865,7",Speedwayr-15-32-c2,"5,037592907416445",
2025-07-25T14:04:47.1730200+03:00,A60000000000000000000000,,1,-57,"865,7",Speedwayr-15-32-c2,"4,479223900626073",
2025-07-25T14:04:47.1772060+03:00,A40000000000000000000000,,1,"-68,5","865,7",Speedwayr-15-32-c2,"2,552544031041707",
2025-07-25T14:04:47.1907150+03:00,A30000000000000000000000,,1,-63,"865,7",Speedwayr-15-32-c2,"2,804116880254952",
2025-07-25T14:04:47.1917710+03:00,A70000000000000000000000,,1,-65,"865,7",Speedwayr-15-32-c2,"4,878058905476339",
2025-07-25T14:04:47.1938330+03:00,A20000000000000000000000,,1,-60,"865,7",Speedwayr-15-32-c2,"1,564660403643354",
2025-07-25T14:04:47.1954410+03:00,A60000000000000000000000,,1,-58,"865,7",Speedwayr-15-32-c2,"4,424000592262189",
2025-07-25T14:04:47.1972790+03:00,A40000000000000000000000,,1,-69,"865,7",Speedwayr-15-32-c2,"2,6200391857086753",
2025-07-25T14:04:47.2140420+03:00,A70000000000000000000000,,1,-66,"865,7",Speedwayr-15-32-c2,"4,988505522204105",
2025-07-25T14:04:47.2164640+03:00,A60000000000000000000000,,1,-58,"865,7",Speedwayr-15-32-c2,"4,362641360746763",
2025-07-25T14:04:47.2193620+03:00,A20000000000000000000000,,1,"-60,5","865,7",Speedwayr-15-32-c2,"1,4726215563702154",
2025-07-25T14:04:47.2217480+03:00,A30000000000000000000000,,1,"-62,5","865,7",Speedwayr-15-32-c2,"2,8102528034064944",
2025-07-25T14:04:47.2240110+03:00,A40000000000000000000000,,1,"-65,5","865,7",Speedwayr-15-32-c2,"2,6384469551633027",
2025-07-25T14:04:47.2358450+03:00,A20000000000000000000000,,1,"-59,5","865,7",Speedwayr-15-32-c2,"1,509437095279471",
2025-07-25T14:04:47.2376720+03:00,A60000000000000000000000,,1,-58,"865,7",Speedwayr-15-32-c2,"4,411728745959104",
2025-07-25T14:04:47.2389730+03:00,A30000000000000000000000,,1,"-62,5","865,7",Speedwayr-15-32-c2,"2,724349879284899",
2025-07-25T14:04:47.2429890+03:00,A70000000000000000000000,,1,-65,"865,7",Speedwayr-15-32-c2,"4,878058905476339",
2025-07-25T14:04:47.2472880+03:00,A40000000000000000000000,,1,"-68,5","865,7",Speedwayr-15-32-c2,"2,736621725587984",
2025-07-25T14:04:47.2633400+03:00,A70000000000000000000000,,1,-66,"865,7",Speedwayr-15-32-c2,"4,657165672020807",
2025-07-25T14:04:47.2648070+03:00,A60000000000000000000000,,1,-58,"865,7",Speedwayr-15-32-c2,"4,362641360746763",
2025-07-25T14:04:47.2670090+03:00,A40000000000000000000000,,1,-68,"865,7",Speedwayr-15-32-c2,"2,675262494072558",
2025-07-25T14:04:47.2681350+03:00,A20000000000000000000000,,1,-60,"865,7",Speedwayr-15-32-c2,"1,5155730184310134",
2025-07-25T14:04:47.2696050+03:00,A30000000000000000000000,,1,"-62,5","865,7",Speedwayr-15-32-c2,"2,8654761117703775",
2025-07-25T14:04:47.2849530+03:00,A30000000000000000000000,,1,"-62,5","865,7",Speedwayr-15-32-c2,"2,7550294950426117",
2025-07-25T14:04:47.2861070+03:00,A20000000000000000000000,,1,-60,"865,7",Speedwayr-15-32-c2,"1,380582709097077",
2025-07-25T14:04:47.2879820+03:00,A60000000000000000000000,,1,-58,"865,7",Speedwayr-15-32-c2,"4,239922897715912",
2025-07-25T14:04:47.2891780+03:00,A70000000000000000000000,,1,-66,"865,7",Speedwayr-15-32-c2,"4,853515212870168",
2025-07-25T14:04:47.2927570+03:00,A40000000000000000000000,,1,-65,"865,7",Speedwayr-15-32-c2,"2,693670263527186",
2025-07-25T14:04:47.3072890+03:00,A20000000000000000000000,,1,-61,"865,7",Speedwayr-15-32-c2,"1,4971652489763858",
2025-07-25T14:04:47.3083580+03:00,A60000000000000000000000,,1,-58,"865,7",Speedwayr-15-32-c2,"4,3503695144436785",
2025-07-25T14:04:47.3128320+03:00,A30000000000000000000000,,1,"-61,5","865,7",Speedwayr-15-32-c2,"2,82252464970958",
2025-07-25T14:04:47.3142990+03:00,A70000000000000000000000,,1,-64,"865,7",Speedwayr-15-32-c2,"4,828971520263998",
2025-07-25T14:04:47.3302320+03:00,A30000000000000000000000,,1,"-62,5","865,7",Speedwayr-15-32-c2,"2,9145634969827183",
2025-07-25T14:04:47.3325010+03:00,A60000000000000000000000,,1,-57,"865,7",Speedwayr-15-32-c2,"4,356505437595221",
2025-07-25T14:04:47.3370320+03:00,A20000000000000000000000,,1,-61,"865,7",Speedwayr-15-32-c2,"1,5155730184310134",
2025-07-25T14:04:47.3385970+03:00,A40000000000000000000000,,1,-68,"865,7",Speedwayr-15-32-c2,"2,705942109830271",
2025-07-25T14:04:47.3435700+03:00,A70000000000000000000000,,1,-62,"865,7",Speedwayr-15-32-c2,"4,841243366567084",
2025-07-25T14:04:47.3594160+03:00,A20000000000000000000000,,1,-60,"865,7",Speedwayr-15-32-c2,"1,5707963267948966",
2025-07-25T14:04:47.3616130+03:00,A30000000000000000000000,,1,-62,"865,7",Speedwayr-15-32-c2,"2,816388726558037",
2025-07-25T14:04:47.3644640+03:00,A60000000000000000000000,,1,"-58,5","865,7",Speedwayr-15-32-c2,"4,430136515413731",
2025-07-25T14:04:47.3668050+03:00,A70000000000000000000000,,1,-66,"865,7",Speedwayr-15-32-c2,"4,963961829597935",
2025-07-25T14:04:47.3680040+03:00,A40000000000000000000000,,1,"-67,5","865,7",Speedwayr-15-32-c2,"2,730485802436441",
2025-07-25T14:04:47.3833990+03:00,A30000000000000000000000,,1,-62,"865,7",Speedwayr-15-32-c2,"2,730485802436441",
2025-07-25T14:04:47.3846530+03:00,A60000000000000000000000,,1,-58,"865,7",Speedwayr-15-32-c2,"4,3503695144436785",
2025-07-25T14:04:47.3859750+03:00,A20000000000000000000000,,1,"-60,5","865,7",Speedwayr-15-32-c2,"1,4664856332186729",
2025-07-25T14:04:47.3870850+03:00,A70000000000000000000000,,1,-66,"865,7",Speedwayr-15-32-c2,"4,773748211900116",
2025-07-25T14:04:47.3907300+03:00,A40000000000000000000000,,1,-66,"865,7",Speedwayr-15-32-c2,"2,736621725587984",
2025-07-25T14:04:47.4067520+03:00,A30000000000000000000000,,1,-61,"865,7",Speedwayr-15-32-c2,"2,779573187648782",
2025-07-25T14:04:47.4079610+03:00,A20000000000000000000000,,1,-60,"865,7",Speedwayr-15-32-c2,"1,6198837120072371",
2025-07-25T14:04:47.4090580+03:00,A40000000000000000000000,,1,"-66,5","865,7",Speedwayr-15-32-c2,"2,6200391857086753",
2025-07-25T14:04:47.4100970+03:00,A70000000000000000000000,,1,"-64,5","865,7",Speedwayr-15-32-c2,"4,822835597112456",
2025-07-25T14:04:47.4111810+03:00,A60000000000000000000000,,1,-58,"865,7",Speedwayr-15-32-c2,"4,215379205109742",
2025-07-25T14:04:47.4240680+03:00,A20000000000000000000000,,1,"-59,5","865,7",Speedwayr-15-32-c2,"1,564660403643354",
2025-07-25T14:04:47.4269340+03:00,A30000000000000000000000,,1,-63,"865,7",Speedwayr-15-32-c2,"2,7979809571034093",
2025-07-25T14:04:47.4292880+03:00,A60000000000000000000000,,1,-58,"865,7",Speedwayr-15-32-c2,"4,387185053352934",
2025-07-25T14:04:47.4315300+03:00,A70000000000000000000000,,1,"-64,5","865,7",Speedwayr-15-32-c2,"4,890330751779424",
2025-07-25T14:04:47.4477730+03:00,A30000000000000000000000,,1,"-62,5","865,7",Speedwayr-15-32-c2,"2,7979809571034093",
2025-07-25T14:04:47.4506520+03:00,A60000000000000000000000,,1,-58,"865,7",Speedwayr-15-32-c2,"4,3074180523828804",
2025-07-25T14:04:47.4523770+03:00,A70000000000000000000000,,1,-66,"865,7",Speedwayr-15-32-c2,"4,798291904506286",
2025-07-25T14:04:47.4538730+03:00,A20000000000000000000000,,1,-60,"865,7",Speedwayr-15-32-c2,"1,3744467859455345",
2025-07-25T14:04:47.4560790+03:00,A40000000000000000000000,,1,-68,"865,7",Speedwayr-15-32-c2,"2,60776733940559",
2025-07-25T14:04:47.4676760+03:00,A30000000000000000000000,,1,"-62,5","865,7",Speedwayr-15-32-c2,"2,718213956133356",
2025-07-25T14:04:47.4687080+03:00,A70000000000000000000000,,1,-66,"865,7",Speedwayr-15-32-c2,"4,7307967498393175",
2025-07-25T14:04:47.4706060+03:00,A20000000000000000000000,,1,-60,"865,7",Speedwayr-15-32-c2,"1,564660403643354",
2025-07-25T14:04:47.4749200+03:00,A60000000000000000000000,,1,"-57,5","865,7",Speedwayr-15-32-c2,"4,276738436625168",
2025-07-25T14:04:47.4766180+03:00,A40000000000000000000000,,1,-68,"865,7",Speedwayr-15-32-c2,"2,5034566458293663",
2025-07-25T14:04:47.6011310+03:00,A30000000000000000000000,,1,"-62,5","865,7",Speedwayr-15-32-c2,"2,8838838812250054",
2025-07-25T14:04:47.6031320+03:00,A60000000000000000000000,,1,-58,"865,7",Speedwayr-15-32-c2,"4,362641360746763",
2025-07-25T14:04:47.6045740+03:00,A70000000000000000000000,,1,-67,"865,7",Speedwayr-15-32-c2,"4,724660826687775",
2025-07-25T14:04:47.6056560+03:00,A20000000000000000000000,,1,-60,"865,7",Speedwayr-15-32-c2,"1,3560390164909069",
2025-07-25T14:04:47.6070970+03:00,A40000000000000000000000,,1,-68,"865,7",Speedwayr-15-32-c2,"2,5586799541932495",
2025-07-25T14:04:47.6207390+03:00,A20000000000000000000000,,1,-59,"865,7",Speedwayr-15-32-c2,"1,227184630308513",
2025-07-25T14:04:47.6221360+03:00,A60000000000000000000000,,1,"-57,5","865,7",Speedwayr-15-32-c2,"4,23378697456437",
2025-07-25T14:04:47.6261600+03:00,A70000000000000000000000,,1,-66,"865,7",Speedwayr-15-32-c2,"4,773748211900116",
2025-07-25T14:04:47.6278400+03:00,A30000000000000000000000,,1,-62,"865,7",Speedwayr-15-32-c2,"2,497320722677824",
2025-07-25T14:04:47.6304820+03:00,A40000000000000000000000,,1,"-67,5","865,7",Speedwayr-15-32-c2,"2,497320722677824",
2025-07-25T14:04:47.6430490+03:00,A20000000000000000000000,,1,"-59,5","865,7",Speedwayr-15-32-c2,"1,368310862793992",
2025-07-25T14:04:47.6443190+03:00,A70000000000000000000000,,1,-63,"865,7",Speedwayr-15-32-c2,"4,841243366567084",
2025-07-25T14:04:47.6464690+03:00,A40000000000000000000000,,1,"-67,5","865,7",Speedwayr-15-32-c2,"2,2641556429192065",
2025-07-25T14:04:47.6498560+03:00,A60000000000000000000000,,1,-57,"865,7",Speedwayr-15-32-c2,"4,338097668140593",
2025-07-25T14:04:47.6519640+03:00,A30000000000000000000000,,1,-62,"865,7",Speedwayr-15-32-c2,"2,454369260617026",
2025-07-25T14:04:47.6662090+03:00,A60000000000000000000000,,1,-58,"865,7",Speedwayr-15-32-c2,"4,338097668140593",
2025-07-25T14:04:47.6679390+03:00,A70000000000000000000000,,1,-66,"865,7",Speedwayr-15-32-c2,"5,056000676871073",
2025-07-25T14:04:47.6693040+03:00,A30000000000000000000000,,1,-63,"865,7",Speedwayr-15-32-c2,"2,4605051837685683",
2025-07-25T14:04:47.6709170+03:00,A20000000000000000000000,,1,"-60,5","865,7",Speedwayr-15-32-c2,"1,3069516312785663",
2025-07-25T14:04:47.6726150+03:00,A40000000000000000000000,,1,-68,"865,7",Speedwayr-15-32-c2,"2,6323110320117604",
2025-07-25T14:04:47.6863360+03:00,A30000000000000000000000,,1,"-61,5","865,7",Speedwayr-15-32-c2,"2,3746022596469727",
2025-07-25T14:04:47.6887580+03:00,A60000000000000000000000,,1,-58,"865,7",Speedwayr-15-32-c2,"4,368777283898306",
2025-07-25T14:04:47.6901400+03:00,A40000000000000000000000,,1,-67,"865,7",Speedwayr-15-32-c2,"2,380738182798515",
2025-07-25T14:04:47.6921760+03:00,A70000000000000000000000,,1,"-65,5","865,7",Speedwayr-15-32-c2,"4,81056375080937",
2025-07-25T14:04:47.6935830+03:00,A20000000000000000000000,,1,"-59,5","865,7",Speedwayr-15-32-c2,"1,4419419406125027",
2025-07-25T14:04:47.7109500+03:00,A70000000000000000000000,,1,"-65,5","865,7",Speedwayr-15-32-c2,"5,387340527054372",
2025-07-25T14:04:47.7130940+03:00,A30000000000000000000000,,1,"-62,5","865,7",Speedwayr-15-32-c2,"2,4175537217077703",
2025-07-25T14:04:47.7144360+03:00,A20000000000000000000000,,1,"-60,5","865,7",Speedwayr-15-32-c2,"1,3130875544301088",
2025-07-25T14:04:47.7162860+03:00,A60000000000000000000000,,1,-57,"865,7",Speedwayr-15-32-c2,"4,381049130201391",
2025-07-25T14:04:47.7181990+03:00,A40000000000000000000000,,1,-66,"865,7",Speedwayr-15-32-c2,"1,9696313316451632",
2025-07-25T14:04:47.7307340+03:00,A70000000000000000000000,,1,"-66,5","865,7",Speedwayr-15-32-c2,"4,95168998329485",
2025-07-25T14:04:47.7326610+03:00,A60000000000000000000000,,1,-58,"865,7",Speedwayr-15-32-c2,"4,399456899656019",
2025-07-25T14:04:47.7359240+03:00,A20000000000000000000000,,1,-60,"865,7",Speedwayr-15-32-c2,"1,3314953238847365",
2025-07-25T14:04:47.7378580+03:00,A30000000000000000000000,,1,"-62,5","865,7",Speedwayr-15-32-c2,"2,2396119503130363",
2025-07-25T14:04:47.7397760+03:00,A40000000000000000000000,,1,-64,"865,7",Speedwayr-15-32-c2,"2,1966604882522383",
2025-07-25T14:04:47.7520350+03:00,A70000000000000000000000,,1,"-66,5","865,7",Speedwayr-15-32-c2,"5,013049214810275",
2025-07-25T14:04:47.7536240+03:00,A20000000000000000000000,,1,"-59,5","865,7",Speedwayr-15-32-c2,"1,3069516312785663",
2025-07-25T14:04:47.7555780+03:00,A60000000000000000000000,,1,-58,"865,7",Speedwayr-15-32-c2,"4,516039439535327",
2025-07-25T14:04:47.7580170+03:00,A30000000000000000000000,,1,-63,"865,7",Speedwayr-15-32-c2,"2,184388641949153",
2025-07-25T14:04:47.7612820+03:00,A40000000000000000000000,,1,"-68,5","865,7",Speedwayr-15-32-c2,"1,9266798695843652",
2025-07-25T14:04:47.7750330+03:00,A20000000000000000000000,,1,"-58,5","865,7",Speedwayr-15-32-c2,"1,325359400733194",
2025-07-25T14:04:47.7770920+03:00,A60000000000000000000000,,1,-58,"865,7",Speedwayr-15-32-c2,"4,442408361716817",
2025-07-25T14:04:47.7784790+03:00,A30000000000000000000000,,1,-62,"865,7",Speedwayr-15-32-c2,"2,1782527187976104",
2025-07-25T14:04:47.7795630+03:00,A70000000000000000000000,,1,"-66,5","865,7",Speedwayr-15-32-c2,"5,117359908386499",
2025-07-25T14:04:47.7854370+03:00,A40000000000000000000000,,1,-69,"865,7",Speedwayr-15-32-c2,"2,2334760271614935",
2025-07-25T14:04:47.7978650+03:00,A30000000000000000000000,,1,-62,"865,7",Speedwayr-15-32-c2,"2,1905245651006955",
2025-07-25T14:04:47.7989880+03:00,A20000000000000000000000,,1,-59,"865,7",Speedwayr-15-32-c2,"1,4542137869155878",
2025-07-25T14:04:47.8025910+03:00,A60000000000000000000000,,1,-58,"865,7",Speedwayr-15-32-c2,"4,485359823777615",
2025-07-25T14:04:47.8039290+03:00,A70000000000000000000000,,1,"-66,5","865,7",Speedwayr-15-32-c2,"5,062136600022616",
2025-07-25T14:04:47.8069850+03:00,A40000000000000000000000,,1,"-67,5","865,7",Speedwayr-15-32-c2,"1,9389517158874505",
2025-07-25T14:04:47.8222820+03:00,A60000000000000000000000,,1,"-58,5","865,7",Speedwayr-15-32-c2,"4,466952054322987",
2025-07-25T14:04:47.8234340+03:00,A20000000000000000000000,,1,-59,"865,7",Speedwayr-15-32-c2,"1,3744467859455345",
2025-07-25T14:04:47.8258830+03:00,A70000000000000000000000,,1,-66,"865,7",Speedwayr-15-32-c2,"5,105088062083414",
2025-07-25T14:04:47.8280680+03:00,A30000000000000000000000,,1,-63,"865,7",Speedwayr-15-32-c2,"2,0923497946760143",
2025-07-25T14:04:47.8456900+03:00,A30000000000000000000000,,1,-63,"865,7",Speedwayr-15-32-c2,"2,116893487282185",
2025-07-25T14:04:47.8477120+03:00,A60000000000000000000000,,1,-58,"865,7",Speedwayr-15-32-c2,"4,552854978444583",
2025-07-25T14:04:47.8488110+03:00,A70000000000000000000000,,1,"-66,5","865,7",Speedwayr-15-32-c2,"4,963961829597935",
2025-07-25T14:04:47.8509160+03:00,A20000000000000000000000,,1,-59,"865,7",Speedwayr-15-32-c2,"1,3928545554001621",
2025-07-25T14:04:47.8541070+03:00,A40000000000000000000000,,1,-69,"865,7",Speedwayr-15-32-c2,"1,88986433067511",
2025-07-25T14:04:47.8664840+03:00,A30000000000000000000000,,1,"-62,5","865,7",Speedwayr-15-32-c2,"2,141437179888355",
2025-07-25T14:04:47.8678370+03:00,A60000000000000000000000,,1,"-57,5","865,7",Speedwayr-15-32-c2,"4,479223900626073",
2025-07-25T14:04:47.8691740+03:00,A20000000000000000000000,,1,"-59,5","865,7",Speedwayr-15-32-c2,"1,4787574795217582",
2025-07-25T14:04:47.8734130+03:00,A70000000000000000000000,,1,"-66,5","865,7",Speedwayr-15-32-c2,"4,331961744989051",
2025-07-25T14:04:47.8780740+03:00,A40000000000000000000000,,1,"-68,5","865,7",Speedwayr-15-32-c2,"2,086213871524472",
2025-07-25T14:04:47.8917560+03:00,A20000000000000000000000,,1,-59,"865,7",Speedwayr-15-32-c2,"1,2885438618239387",
2025-07-25T14:04:47.8944920+03:00,A60000000000000000000000,,1,"-58,5","865,7",Speedwayr-15-32-c2,"4,583534594202296",
2025-07-25T14:04:47.8979440+03:00,A70000000000000000000000,,1,-65,"865,7",Speedwayr-15-32-c2,"5,117359908386499",
2025-07-25T14:04:47.8992640+03:00,A30000000000000000000000,,1,"-62,5","865,7",Speedwayr-15-32-c2,"2,1475731030398975",
2025-07-25T14:04:47.9017900+03:00,A40000000000000000000000,,1,"-69,5","865,7",Speedwayr-15-32-c2,"2,337786720737717",
2025-07-25T14:04:47.9136150+03:00,A20000000000000000000000,,1,"-60,5","865,7",Speedwayr-15-32-c2,"1,5707963267948966",
2025-07-25T14:04:47.9147710+03:00,A60000000000000000000000,,1,"-58,5","865,7",Speedwayr-15-32-c2,"4,546719055293041",
2025-07-25T14:04:47.9163960+03:00,A30000000000000000000000,,1,-63,"865,7",Speedwayr-15-32-c2,"2,12916533358527",
2025-07-25T14:04:47.9195610+03:00,A70000000000000000000000,,1,-66,"865,7",Speedwayr-15-32-c2,"4,681709364626977",
2025-07-25T14:04:47.9259150+03:00,A40000000000000000000000,,1,-68,"865,7",Speedwayr-15-32-c2,"2,067806102069844",
2025-07-25T14:04:47.9387400+03:00,A20000000000000000000000,,1,-61,"865,7",Speedwayr-15-32-c2,"1,6382914814618648",
2025-07-25T14:04:47.9432310+03:00,A30000000000000000000000,,1,-63,"865,7",Speedwayr-15-32-c2,"2,172116795646068",
2025-07-25T14:04:47.9442560+03:00,A70000000000000000000000,,1,-65,"865,7",Speedwayr-15-32-c2,"5,056000676871073",
2025-07-25T14:04:47.9456770+03:00,A60000000000000000000000,,1,"-58,5","865,7",Speedwayr-15-32-c2,"4,601942363656923",
2025-07-25T14:04:47.9476130+03:00,A40000000000000000000000,,1,-71,"865,7",Speedwayr-15-32-c2,"2,3009711818284617",
2025-07-25T14:04:47.9631350+03:00,A60000000000000000000000,,1,"-58,5","865,7",Speedwayr-15-32-c2,"4,558990901596125",
2025-07-25T14:04:47.9642470+03:00,A20000000000000000000000,,1,"-60,5","865,7",Speedwayr-15-32-c2,"1,4480778637640452",
2025-07-25T14:04:47.9658000+03:00,A70000000000000000000000,,1,-66,"865,7",Speedwayr-15-32-c2,"5,0253210611133605",
2025-07-25T14:04:47.9683220+03:00,A30000000000000000000000,,1,-63,"865,7",Speedwayr-15-32-c2,"2,1966604882522383",
2025-07-25T14:04:47.9866530+03:00,A30000000000000000000000,,1,-64,"865,7",Speedwayr-15-32-c2,"2,399145952253143",
2025-07-25T14:04:47.9892530+03:00,A70000000000000000000000,,1,"-66,5","865,7",Speedwayr-15-32-c2,"4,970097752749477",
2025-07-25T14:04:47.9910690+03:00,A20000000000000000000000,,1,-61,"865,7",Speedwayr-15-32-c2,"1,7548740213411735",
2025-07-25T14:04:47.9924640+03:00,A60000000000000000000000,,1,"-57,5","865,7",Speedwayr-15-32-c2,"4,565126824747668",
2025-07-25T14:04:48.0099610+03:00,A20000000000000000000000,,1,"-62,5","865,7",Speedwayr-15-32-c2,"1,6321555583103222",
2025-07-25T14:04:48.0113170+03:00,A70000000000000000000000,,1,"-66,5","865,7",Speedwayr-15-32-c2,"5,111223985234957",
2025-07-25T14:04:48.0148490+03:00,A30000000000000000000000,,1,"-63,5","865,7",Speedwayr-15-32-c2,"2,3316507975861747",
2025-07-25T14:04:48.0168010+03:00,A60000000000000000000000,,1,"-58,5","865,7",Speedwayr-15-32-c2,"4,571262747899211",
2025-07-25T14:04:48.0338540+03:00,A20000000000000000000000,,1,-62,"865,7",Speedwayr-15-32-c2,"1,8100973297050567",
2025-07-25T14:04:48.0355390+03:00,A60000000000000000000000,,1,"-58,5","865,7",Speedwayr-15-32-c2,"4,6448938257177215",
2025-07-25T14:04:48.0367240+03:00,A70000000000000000000000,,1,-66,"865,7",Speedwayr-15-32-c2,"4,97623367590102",
2025-07-25T14:04:48.0389940+03:00,A30000000000000000000000,,1,"-63,5","865,7",Speedwayr-15-32-c2,"2,2150682577068657",
2025-07-25T14:04:48.0477380+03:00,A40000000000000000000000,,1,"-69,5","865,7",Speedwayr-15-32-c2,"2,478912953223196",
2025-07-25T14:04:48.0637980+03:00,A70000000000000000000000,,1,"-62,5","865,7",Speedwayr-15-32-c2,"4,970097752749477",
2025-07-25T14:04:48.0654810+03:00,A30000000000000000000000,,1,-64,"865,7",Speedwayr-15-32-c2,"2,2886993355253766",
2025-07-25T14:04:48.0674770+03:00,A60000000000000000000000,,1,-60,"865,7",Speedwayr-15-32-c2,"4,663301595172349",
2025-07-25T14:04:48.0688390+03:00,A20000000000000000000000,,1,"-63,5","865,7",Speedwayr-15-32-c2,"2,012582793705961",
2025-07-25T14:04:48.0925920+03:00,A70000000000000000000000,,1,-65,"865,7",Speedwayr-15-32-c2,"5,049864753719531",
2025-07-25T14:04:48.0961560+03:00,A20000000000000000000000,,1,"-66,5","865,7",Speedwayr-15-32-c2,"2,073942025221387",
2025-07-25T14:04:48.0972960+03:00,A60000000000000000000000,,1,"-59,5","865,7",Speedwayr-15-32-c2,"4,595806440505381",
2025-07-25T14:04:48.0997140+03:00,A30000000000000000000000,,1,"-62,5","865,7",Speedwayr-15-32-c2,"2,509592568980909",
2025-07-25T14:04:48.1043540+03:00,A40000000000000000000000,,1,-68,"865,7",Speedwayr-15-32-c2,"2,6261751088602177",
2025-07-25T14:04:48.1191730+03:00,A70000000000000000000000,,1,"-66,5","865,7",Speedwayr-15-32-c2,"5,129631754689584",
2025-07-25T14:04:48.1204140+03:00,A60000000000000000000000,,1,-59,"865,7",Speedwayr-15-32-c2,"4,743068596142402",
2025-07-25T14:04:48.1232830+03:00,A20000000000000000000000,,1,-68,"865,7",Speedwayr-15-32-c2,"1,88986433067511",
2025-07-25T14:04:48.1258240+03:00,A30000000000000000000000,,1,"-65,5","865,7",Speedwayr-15-32-c2,"2,662990647769473",
2025-07-25T14:04:48.1463730+03:00,A40000000000000000000000,,1,-71,"865,7",Speedwayr-15-32-c2,"5,93343768754166",
2025-07-25T14:04:48.1493680+03:00,A30000000000000000000000,,1,-66,"865,7",Speedwayr-15-32-c2,"2,497320722677824",
2025-07-25T14:04:48.1525680+03:00,A60000000000000000000000,,1,"-59,5","865,7",Speedwayr-15-32-c2,"4,663301595172349",
2025-07-25T14:04:48.1552220+03:00,A70000000000000000000000,,1,-67,"865,7",Speedwayr-15-32-c2,"5,098952138931871",
2025-07-25T14:04:48.1575820+03:00,A40000000000000000000000,,1,"-70,5","865,7",Speedwayr-15-32-c2,"2,9391071895888885",
2025-07-25T14:04:48.1590500+03:00,A20000000000000000000000,,1,"-70,5","865,7",Speedwayr-15-32-c2,"2,1475731030398975",
2025-07-25T14:04:48.1714320+03:00,A60000000000000000000000,,1,"-59,5","865,7",Speedwayr-15-32-c2,"4,595806440505381",
2025-07-25T14:04:48.1730170+03:00,A30000000000000000000000,,1,"-63,5","865,7",Speedwayr-15-32-c2,"2,3623304133438876",
2025-07-25T14:04:48.1749160+03:00,A70000000000000000000000,,1,"-67,5","865,7",Speedwayr-15-32-c2,"5,197126909356553",
2025-07-25T14:04:48.1774910+03:00,A40000000000000000000000,,1,-71,"865,7",Speedwayr-15-32-c2,"2,816388726558037",
2025-07-25T14:04:48.2080450+03:00,A30000000000000000000000,,1,-67,"865,7",Speedwayr-15-32-c2,"2,313243028131547",
2025-07-25T14:04:48.2091600+03:00,A60000000000000000000000,,1,"-59,5","865,7",Speedwayr-15-32-c2,"4,681709364626977",
2025-07-25T14:04:48.2124150+03:00,A70000000000000000000000,,1,-64,"865,7",Speedwayr-15-32-c2,"5,209398755659637",
2025-07-25T14:04:48.2160960+03:00,A40000000000000000000000,,1,"-70,5","865,7",Speedwayr-15-32-c2,"2,6998061866787286",
2025-07-25T14:04:48.2303480+03:00,A70000000000000000000000,,1,-67,"865,7",Speedwayr-15-32-c2,"5,399612373357457",
2025-07-25T14:04:48.2315400+03:00,A30000000000000000000000,,1,-67,"865,7",Speedwayr-15-32-c2,"2,172116795646068",
2025-07-25T14:04:48.2326850+03:00,A60000000000000000000000,,1,-59,"865,7",Speedwayr-15-32-c2,"4,614214209960009",
2025-07-25T14:04:48.2539870+03:00,A30000000000000000000000,,1,-68,"865,7",Speedwayr-15-32-c2,"2,761165418194154",
2025-07-25T14:04:48.2564040+03:00,A70000000000000000000000,,1,"-65,5","865,7",Speedwayr-15-32-c2,"5,270757987175063",
2025-07-25T14:04:48.2602260+03:00,A60000000000000000000000,,1,-60,"865,7",Speedwayr-15-32-c2,"4,571262747899211",
2025-07-25T14:04:48.2680700+03:00,A40000000000000000000000,,1,-67,"865,7",Speedwayr-15-32-c2,"3,2643111166206444",
2025-07-25T14:04:48.2819830+03:00,A60000000000000000000000,,1,-60,"865,7",Speedwayr-15-32-c2,"4,546719055293041",
2025-07-25T14:04:48.2855900+03:00,A40000000000000000000000,,1,-69,"865,7",Speedwayr-15-32-c2,"3,5036121195308043",
2025-07-25T14:04:48.2881880+03:00,A70000000000000000000000,,1,-67,"865,7",Speedwayr-15-32-c2,"5,209398755659637",
2025-07-25T14:04:48.2912410+03:00,A30000000000000000000000,,1,"-65,5","865,7",Speedwayr-15-32-c2,"2,0800779483729293",
2025-07-25T14:04:48.3072130+03:00,A40000000000000000000000,,1,-69,"865,7",Speedwayr-15-32-c2,"3,2520392703175593",
2025-07-25T14:04:48.3084970+03:00,A70000000000000000000000,,1,-67,"865,7",Speedwayr-15-32-c2,"5,221670601962723",
2025-07-25T14:04:48.3104130+03:00,A60000000000000000000000,,1,"-59,5","865,7",Speedwayr-15-32-c2,"4,479223900626073",
2025-07-25T14:04:48.3121120+03:00,A30000000000000000000000,,1,-66,"865,7",Speedwayr-15-32-c2,"1,9512235621905356",
2025-07-25T14:04:48.3284950+03:00,A60000000000000000000000,,1,"-59,5","865,7",Speedwayr-15-32-c2,"4,442408361716817",
2025-07-25T14:04:48.3325020+03:00,A30000000000000000000000,,1,-69,"865,7",Speedwayr-15-32-c2,"2,098485717827557",
2025-07-25T14:04:48.3335580+03:00,A70000000000000000000000,,1,"-66,5","865,7",Speedwayr-15-32-c2,"5,160311370447297",
2025-07-25T14:04:48.3360990+03:00,A40000000000000000000000,,1,"-66,5","865,7",Speedwayr-15-32-c2,"3,184544115650591",
2025-07-25T14:04:48.3531450+03:00,A60000000000000000000000,,1,-60,"865,7",Speedwayr-15-32-c2,"4,4976316700806995",
2025-07-25T14:04:48.3573950+03:00,A40000000000000000000000,,1,-67,"865,7",Speedwayr-15-32-c2,"3,423845118560751",
2025-07-25T14:04:48.3587280+03:00,A70000000000000000000000,,1,"-68,5","865,7",Speedwayr-15-32-c2,"4,933282213840222",
2025-07-25T14:04:48.3632870+03:00,A30000000000000000000000,,1,"-64,5","865,7",Speedwayr-15-32-c2,"1,9941750242513334",
2025-07-25T14:04:48.3772380+03:00,A30000000000000000000000,,1,-68,"865,7",Speedwayr-15-32-c2,"1,9266798695843652",
2025-07-25T14:04:48.3783310+03:00,A60000000000000000000000,,1,"-60,5","865,7",Speedwayr-15-32-c2,"4,4362724385652745",
2025-07-25T14:04:48.3800890+03:00,A70000000000000000000000,,1,-68,"865,7",Speedwayr-15-32-c2,"5,203262832508095",
2025-07-25T14:04:48.3869300+03:00,A40000000000000000000000,,1,"-68,5","865,7",Speedwayr-15-32-c2,"3,4606606574700063",
2025-07-25T14:04:48.4015440+03:00,A60000000000000000000000,,1,"-59,5","865,7",Speedwayr-15-32-c2,"4,405592822807561",
2025-07-25T14:04:48.4076710+03:00,A30000000000000000000000,,1,"-67,5","865,7",Speedwayr-15-32-c2,"1,4480778637640452",
2025-07-25T14:04:48.4156010+03:00,A40000000000000000000000,,1,"-67,5","865,7",Speedwayr-15-32-c2,"3,5895150436524004",
2025-07-25T14:04:48.4170790+03:00,A70000000000000000000000,,1,-68,"865,7",Speedwayr-15-32-c2,"5,080544369477243",
2025-07-25T14:04:48.4342170+03:00,A70000000000000000000000,,1,-66,"865,7",Speedwayr-15-32-c2,"5,399612373357457",
2025-07-25T14:04:48.4375040+03:00,A40000000000000000000000,,1,-67,"865,7",Speedwayr-15-32-c2,"3,6754179677739964",
2025-07-25T14:04:48.4392620+03:00,A60000000000000000000000,,1,"-60,5","865,7",Speedwayr-15-32-c2,"4,374913207049849",
2025-07-25T14:04:48.4479800+03:00,A30000000000000000000000,,1,-70,"865,7",Speedwayr-15-32-c2,"1,3621749396424494",
2025-07-25T14:04:48.4609200+03:00,A60000000000000000000000,,1,-61,"865,7",Speedwayr-15-32-c2,"4,503767593232243",
2025-07-25T14:04:48.4673880+03:00,A40000000000000000000000,,1,"-67,5","865,7",Speedwayr-15-32-c2,"3,6017868899554855",
2025-07-25T14:04:48.4687140+03:00,A30000000000000000000000,,1,-70,"865,7",Speedwayr-15-32-c2,"1,1965050145508",
2025-07-25T14:04:48.4904220+03:00,A60000000000000000000000,,1,"-60,5","865,7",Speedwayr-15-32-c2,"4,71238898038469",
2025-07-25T14:04:48.4958000+03:00,A40000000000000000000000,,1,-67,"865,7",Speedwayr-15-32-c2,"3,6017868899554855",
2025-07-25T14:04:48.4975490+03:00,A30000000000000000000000,,1,-69,"865,7",Speedwayr-15-32-c2,"1,3928545554001621",
2025-07-25T14:04:48.5010030+03:00,A70000000000000000000000,,1,-67,"865,7",Speedwayr-15-32-c2,"6,0991076126333095",
2025-07-25T14:04:48.5161660+03:00,A60000000000000000000000,,1,"-61,5","865,7",Speedwayr-15-32-c2,"4,804427827657828",
2025-07-25T14:04:48.5186870+03:00,A30000000000000000000000,,1,-69,"865,7",Speedwayr-15-32-c2,"1,0615147052168636",
2025-07-25T14:04:48.5221720+03:00,A40000000000000000000000,,1,"-63,5","865,7",Speedwayr-15-32-c2,"3,6876898140770815",
2025-07-25T14:04:48.5309480+03:00,A70000000000000000000000,,1,-68,"865,7",Speedwayr-15-32-c2,"0,18407769454627693",
2025-07-25T14:04:48.5453000+03:00,A60000000000000000000000,,1,-62,"865,7",Speedwayr-15-32-c2,"5,056000676871073",
2025-07-25T14:04:48.5472400+03:00,A30000000000000000000000,,1,"-67,5","865,7",Speedwayr-15-32-c2,"0,7240389318820226",
2025-07-25T14:04:48.5485770+03:00,A40000000000000000000000,,1,"-67,5","865,7",Speedwayr-15-32-c2,"3,7429131224409646",
2025-07-25T14:04:48.5562680+03:00,A70000000000000000000000,,1,"-68,5","865,7",Speedwayr-15-32-c2,"0,4049709280018093",
2025-07-25T14:04:48.5581780+03:00,A20000000000000000000000,,1,"-70,5","865,7",Speedwayr-15-32-c2,"0,5767767762450011",
2025-07-25T14:04:48.5732320+03:00,A20000000000000000000000,,1,-68,"865,7",Speedwayr-15-32-c2,"0,5338253141842031",
2025-07-25T14:04:48.5746850+03:00,A60000000000000000000000,,1,"-62,5","865,7",Speedwayr-15-32-c2,"5,43029198911517",
2025-07-25T14:04:48.5777710+03:00,A40000000000000000000000,,1,"-66,5","865,7",Speedwayr-15-32-c2,"3,8963112012295285",
2025-07-25T14:04:48.5794540+03:00,A30000000000000000000000,,1,"-65,5","865,7",Speedwayr-15-32-c2,"1,3008157081270237",
2025-07-25T14:04:48.5848470+03:00,A70000000000000000000000,,1,"-67,5","865,7",Speedwayr-15-32-c2,"0,5583690067903734",
2025-07-25T14:04:48.5969980+03:00,A70000000000000000000000,,1,-67,"865,7",Speedwayr-15-32-c2,"0,7669903939428205",
2025-07-25T14:04:48.6004540+03:00,A60000000000000000000000,,1,"-61,5","865,7",Speedwayr-15-32-c2,"5,608233760509904",
2025-07-25T14:04:48.6051570+03:00,A20000000000000000000000,,1,"-63,5","865,7",Speedwayr-15-32-c2,"0,662679700366597",
2025-07-25T14:04:48.6063020+03:00,A30000000000000000000000,,1,"-65,5","865,7",Speedwayr-15-32-c2,"1,6260196351587797",
2025-07-25T14:04:48.6074970+03:00,A40000000000000000000000,,1,-66,"865,7",Speedwayr-15-32-c2,"3,8840393549264434",
2025-07-25T14:04:48.6231610+03:00,A20000000000000000000000,,1,"-62,5","865,7",Speedwayr-15-32-c2,"0,7485826244881929",
2025-07-25T14:04:48.6249960+03:00,A60000000000000000000000,,1,"-61,5","865,7",Speedwayr-15-32-c2,"0,03681553890925539",
2025-07-25T14:04:48.6267280+03:00,A40000000000000000000000,,1,"-65,5","865,7",Speedwayr-15-32-c2,"3,8410878928656453",
2025-07-25T14:04:48.6287970+03:00,A70000000000000000000000,,1,-67,"865,7",Speedwayr-15-32-c2,"1,1106020904292042",
2025-07-25T14:04:48.6302370+03:00,A30000000000000000000000,,1,"-62,5","865,7",Speedwayr-15-32-c2,"1,6751070203711202",
2025-07-25T14:04:48.6487080+03:00,A60000000000000000000000,,1,-61,"865,7",Speedwayr-15-32-c2,"0,09817477042468103",
2025-07-25T14:04:48.6497920+03:00,A30000000000000000000000,,1,-64,"865,7",Speedwayr-15-32-c2,"1,6812429435226628",
2025-07-25T14:04:48.6551510+03:00,A20000000000000000000000,,1,"-59,5","865,7",Speedwayr-15-32-c2,"0,8099418560036186",
2025-07-25T14:04:48.6580000+03:00,A40000000000000000000000,,1,-65,"865,7",Speedwayr-15-32-c2,"3,9269908169872414",
2025-07-25T14:04:48.6591400+03:00,A70000000000000000000000,,1,-65,"865,7",Speedwayr-15-32-c2,"1,3989904785517047",
2025-07-25T14:04:48.6717760+03:00,A40000000000000000000000,,1,"-65,5","865,7",Speedwayr-15-32-c2,"4,049709280018092",
2025-07-25T14:04:48.6737680+03:00,A20000000000000000000000,,1,-58,"865,7",Speedwayr-15-32-c2,"0,9019807032767571",
2025-07-25T14:04:48.6749530+03:00,A60000000000000000000000,,1,"-59,5","865,7",Speedwayr-15-32-c2,"0,5338253141842031",
2025-07-25T14:04:48.6787670+03:00,A70000000000000000000000,,1,"-65,5","865,7",Speedwayr-15-32-c2,"1,6689710972195777",
2025-07-25T14:04:48.6798060+03:00,A30000000000000000000000,,1,-64,"865,7",Speedwayr-15-32-c2,"1,8653206380689396",
2025-07-25T14:04:48.6941480+03:00,A40000000000000000000000,,1,"-64,5","865,7",Speedwayr-15-32-c2,"4,006757817957295",
2025-07-25T14:04:48.6955600+03:00,A70000000000000000000000,,1,-65,"865,7",Speedwayr-15-32-c2,"1,6751070203711202",
2025-07-25T14:04:48.6969160+03:00,A30000000000000000000000,,1,"-63,5","865,7",Speedwayr-15-32-c2,"1,8530487917658545",
2025-07-25T14:04:48.7003920+03:00,A20000000000000000000000,,1,-57,"865,7",Speedwayr-15-32-c2,"1,0185632431560658",
2025-07-25T14:04:48.7019910+03:00,A60000000000000000000000,,1,-59,"865,7",Speedwayr-15-32-c2,"0,7301748550335652",
2025-07-25T14:04:48.7166800+03:00,A60000000000000000000000,,1,-60,"865,7",Speedwayr-15-32-c2,"0,8467573949128739",
2025-07-25T14:04:48.7176940+03:00,A30000000000000000000000,,1,-63,"865,7",Speedwayr-15-32-c2,"1,9757672547967058",
2025-07-25T14:04:48.7192280+03:00,A40000000000000000000000,,1,"-62,5","865,7",Speedwayr-15-32-c2,"3,9638063558964967",
2025-07-25T14:04:48.7203370+03:00,A20000000000000000000000,,1,-56,"865,7",Speedwayr-15-32-c2,"0,9265243958829272",
2025-07-25T14:04:48.7244280+03:00,A70000000000000000000000,,1,"-63,5","865,7",Speedwayr-15-32-c2,"1,5033011721279284",
2025-07-25T14:04:48.7421120+03:00,A60000000000000000000000,,1,-59,"865,7",Speedwayr-15-32-c2,"0,9387962421860124",
2025-07-25T14:04:48.7440520+03:00,A30000000000000000000000,,1,-65,"865,7",Speedwayr-15-32-c2,"2,2948352586769194",
2025-07-25T14:04:48.7451300+03:00,A20000000000000000000000,,1,-58,"865,7",Speedwayr-15-32-c2,"1,1290098598838318",
2025-07-25T14:04:48.7475040+03:00,A40000000000000000000000,,1,"-64,5","865,7",Speedwayr-15-32-c2,"4,0558452031696355",
2025-07-25T14:04:48.7485720+03:00,A70000000000000000000000,,1,"-63,5","865,7",Speedwayr-15-32-c2,"1,7978254834019713",
2025-07-25T14:04:48.7639280+03:00,A20000000000000000000000,,1,-59,"865,7",Speedwayr-15-32-c2,"1,2333205534600555",
2025-07-25T14:04:48.7671320+03:00,A30000000000000000000000,,1,-64,"865,7",Speedwayr-15-32-c2,"2,6200391857086753",
2025-07-25T14:04:48.7695260+03:00,A70000000000000000000000,,1,-61,"865,7",Speedwayr-15-32-c2,"1,8039614065535141",
2025-07-25T14:04:48.7712740+03:00,A40000000000000000000000,,1,-61,"865,7",Speedwayr-15-32-c2,"3,8533597391687304",
2025-07-25T14:04:48.7724430+03:00,A60000000000000000000000,,1,-60,"865,7",Speedwayr-15-32-c2,"1,4173982480063325",
2025-07-25T14:04:48.7892200+03:00,A80000000000000000000000,,1,"-73,5","865,7",Speedwayr-15-32-c2,"4,301282129231338",
2025-07-25T14:04:48.7958820+03:00,A70000000000000000000000,,1,"-64,5","865,7",Speedwayr-15-32-c2,"1,945087639038993",
2025-07-25T14:04:48.7971220+03:00,A40000000000000000000000,,1,"-62,5","865,7",Speedwayr-15-32-c2,"3,6754179677739964",
2025-07-25T14:04:48.8063060+03:00,A30000000000000000000000,,1,"-64,5","865,7",Speedwayr-15-32-c2,"3,6692820446224537",
2025-07-25T14:04:48.8079740+03:00,A20000000000000000000000,,1,-66,"865,7",Speedwayr-15-32-c2,"0,8897088569736719",
2025-07-25T14:04:48.8177630+03:00,A80000000000000000000000,,1,-72,"865,7",Speedwayr-15-32-c2,"4,310486013958652",
2025-07-25T14:04:48.8268200+03:00,A70000000000000000000000,,1,-64,"865,7",Speedwayr-15-32-c2,"1,9389517158874505",
2025-07-25T14:04:48.8290250+03:00,A30000000000000000000000,,1,"-65,5","865,7",Speedwayr-15-32-c2,"4,23378697456437",
2025-07-25T14:04:48.8336640+03:00,A60000000000000000000000,,1,-63,"865,7",Speedwayr-15-32-c2,"0,25770877236478773",
2025-07-25T14:04:48.8350000+03:00,A40000000000000000000000,,1,-61,"865,7",Speedwayr-15-32-c2,"3,522019888985432",
2025-07-25T14:04:48.8361280+03:00,A80000000000000000000000,,1,"-70,5","865,7",Speedwayr-15-32-c2,"1,2455923997631406",
2025-07-25T14:04:48.8376120+03:00,A20000000000000000000000,,1,-71,"865,7",Speedwayr-15-32-c2,"5,915029918087033",
2025-07-25T14:04:48.8498190+03:00,A40000000000000000000000,,1,"-62,5","865,7",Speedwayr-15-32-c2,"3,429981041712294",
2025-07-25T14:04:48.8538990+03:00,A70000000000000000000000,,1,"-63,5","865,7",Speedwayr-15-32-c2,"1,9389517158874505",
2025-07-25T14:04:48.8565120+03:00,A30000000000000000000000,,1,-64,"865,7",Speedwayr-15-32-c2,"4,571262747899211",
2025-07-25T14:04:48.8576130+03:00,A60000000000000000000000,,1,-66,"865,7",Speedwayr-15-32-c2,"0,6504078540635119",
2025-07-25T14:04:48.8682170+03:00,A80000000000000000000000,,1,-71,"865,7",Speedwayr-15-32-c2,"4,310486013958652",
2025-07-25T14:04:48.8725480+03:00,A20000000000000000000000,,1,"-69,5","865,7",Speedwayr-15-32-c2,"0,3313398501832985",
2025-07-25T14:04:48.8782130+03:00,A30000000000000000000000,,1,"-63,5","865,7",Speedwayr-15-32-c2,"4,595806440505381",
2025-07-25T14:04:48.8826050+03:00,A40000000000000000000000,,1,-64,"865,7",Speedwayr-15-32-c2,"3,3072625786814425",
2025-07-25T14:04:48.8869600+03:00,A70000000000000000000000,,1,"-63,5","865,7",Speedwayr-15-32-c2,"1,662835174068035",
2025-07-25T14:04:48.8881740+03:00,A60000000000000000000000,,1,"-67,5","865,7",Speedwayr-15-32-c2,"0,07363107781851078",
2025-07-25T14:04:48.8894870+03:00,A80000000000000000000000,,1,-66,"865,7",Speedwayr-15-32-c2,"1,0983302441261191",
2025-07-25T14:04:48.9048060+03:00,A30000000000000000000000,,1,"-62,5","865,7",Speedwayr-15-32-c2,"4,663301595172349",
2025-07-25T14:04:48.9067440+03:00,A70000000000000000000000,,1,"-64,5","865,7",Speedwayr-15-32-c2,"1,4542137869155878",
2025-07-25T14:04:48.9130410+03:00,A40000000000000000000000,,1,-64,"865,7",Speedwayr-15-32-c2,"3,380893656499953",
2025-07-25T14:04:48.9187800+03:00,A80000000000000000000000,,1,"-70,5","865,7",Speedwayr-15-32-c2,"0,2086213871524472",
2025-07-25T14:04:48.9263180+03:00,A20000000000000000000000,,1,-66,"865,7",Speedwayr-15-32-c2,"2,5280003384355365",
2025-07-25T14:04:48.9452810+03:00,A60000000000000000000000,,1,"-70,5","865,7",Speedwayr-15-32-c2,"4,9823695990525625",
2025-07-25T14:04:48.9604700+03:00,A30000000000000000000000,,1,-61,"865,7",Speedwayr-15-32-c2,"4,442408361716817",
2025-07-25T14:04:48.9620730+03:00,A20000000000000000000000,,1,-64,"865,7",Speedwayr-15-32-c2,"2,411417798556228",
2025-07-25T14:04:48.9654880+03:00,A40000000000000000000000,,1,-64,"865,7",Speedwayr-15-32-c2,"3,129320807286708",
2025-07-25T14:04:48.9689830+03:00,A70000000000000000000000,,1,"-64,5","865,7",Speedwayr-15-32-c2,"0,7669903939428205",
2025-07-25T14:04:48.9784120+03:00,A80000000000000000000000,,1,-73,"865,7",Speedwayr-15-32-c2,"0,3988350048502667",
2025-07-25T14:04:48.9848010+03:00,A60000000000000000000000,,1,"-66,5","865,7",Speedwayr-15-32-c2,"4,92714629068868",
2025-07-25T14:04:49.0004780+03:00,A70000000000000000000000,,1,-63,"865,7",Speedwayr-15-32-c2,"0,6320000846088841",
2025-07-25T14:04:49.0021330+03:00,A30000000000000000000000,,1,"-62,5","865,7",Speedwayr-15-32-c2,"4,2092432819582",
2025-07-25T14:04:49.0040860+03:00,A40000000000000000000000,,1,-64,"865,7",Speedwayr-15-32-c2,"2,5893595699509624",
2025-07-25T14:04:49.0059740+03:00,A60000000000000000000000,,1,"-70,5","865,7",Speedwayr-15-32-c2,"4,9823695990525625",
2025-07-25T14:04:49.0070730+03:00,A20000000000000000000000,,1,-67,"865,7",Speedwayr-15-32-c2,"2,448233337465483",
2025-07-25T14:04:49.0266850+03:00,A20000000000000000000000,,1,"-68,5","865,7",Speedwayr-15-32-c2,"2,6384469551633027",
2025-07-25T14:04:49.0282660+03:00,A40000000000000000000000,,1,-64,"865,7",Speedwayr-15-32-c2,"3,153864499892878",
2025-07-25T14:04:49.0312440+03:00,A30000000000000000000000,,1,-60,"865,7",Speedwayr-15-32-c2,"4,031301510563465",
2025-07-25T14:04:49.0341360+03:00,A70000000000000000000000,,1,-64,"865,7",Speedwayr-15-32-c2,"0,521553467881118",
2025-07-25T14:04:49.0377240+03:00,A60000000000000000000000,,1,"-69,5","865,7",Speedwayr-15-32-c2,"4,718524903536232",
2025-07-25T14:04:49.0518420+03:00,A40000000000000000000000,,1,-64,"865,7",Speedwayr-15-32-c2,"3,0250101137104846",
2025-07-25T14:04:49.0545800+03:00,A70000000000000000000000,,1,"-64,5","865,7",Speedwayr-15-32-c2,"0,2638446955163303",
2025-07-25T14:04:49.0566470+03:00,A30000000000000000000000,,1,-63,"865,7",Speedwayr-15-32-c2,"3,80427235395639",
2025-07-25T14:04:49.0577170+03:00,A20000000000000000000000,,1,"-67,5","865,7",Speedwayr-15-32-c2,"2,4727770300716534",
2025-07-25T14:04:49.0599200+03:00,A60000000000000000000000,,1,"-68,5","865,7",Speedwayr-15-32-c2,"4,325825821837508",
2025-07-25T14:04:49.0974720+03:00,A40000000000000000000000,,1,"-63,5","865,7",Speedwayr-15-32-c2,"2,9636508821950587",
2025-07-25T14:04:49.1009330+03:00,A70000000000000000000000,,1,-64,"865,7",Speedwayr-15-32-c2,"6,160466844148735",
2025-07-25T14:04:49.1028700+03:00,A30000000000000000000000,,1,-62,"865,7",Speedwayr-15-32-c2,"3,761320891895592",
2025-07-25T14:04:49.1044390+03:00,A20000000000000000000000,,1,"-67,5","865,7",Speedwayr-15-32-c2,"2,4850488763747385",
2025-07-25T14:04:49.1134350+03:00,A60000000000000000000000,,1,"-64,5","865,7",Speedwayr-15-32-c2,"4,528311285838413",
2025-07-25T14:04:49.1256960+03:00,A30000000000000000000000,,1,"-62,5","865,7",Speedwayr-15-32-c2,"3,5588354278946874",
2025-07-25T14:04:49.1275910+03:00,A20000000000000000000000,,1,-66,"865,7",Speedwayr-15-32-c2,"2,6200391857086753",
2025-07-25T14:04:49.1311810+03:00,A40000000000000000000000,,1,"-62,5","865,7",Speedwayr-15-32-c2,"2,9943304979527716",
2025-07-25T14:04:49.1343270+03:00,A70000000000000000000000,,1,-64,"865,7",Speedwayr-15-32-c2,"6,252505691421874",
2025-07-25T14:04:49.1466300+03:00,A60000000000000000000000,,1,"-67,5","865,7",Speedwayr-15-32-c2,"4,540583132141498",
2025-07-25T14:04:49.1680660+03:00,A80000000000000000000000,,1,-73,"865,7",Speedwayr-15-32-c2,"5,4671075280244255",
2025-07-25T14:04:49.1735240+03:00,A40000000000000000000000,,1,"-63,5","865,7",Speedwayr-15-32-c2,"2,9513790358919736",
2025-07-25T14:04:49.1762440+03:00,A30000000000000000000000,,1,-63,"865,7",Speedwayr-15-32-c2,"3,822680123411018",
2025-07-25T14:04:49.1804020+03:00,A70000000000000000000000,,1,"-61,5","865,7",Speedwayr-15-32-c2,"0,03681553890925539",
2025-07-25T14:04:49.1868740+03:00,A60000000000000000000000,,1,-68,"865,7",Speedwayr-15-32-c2,"5,086680292628786",
2025-07-25T14:04:49.1881960+03:00,A20000000000000000000000,,1,"-67,5","865,7",Speedwayr-15-32-c2,"2,6261751088602177",
2025-07-25T14:04:49.2125090+03:00,A30000000000000000000000,,1,"-62,5","865,7",Speedwayr-15-32-c2,"4,104932588381976",
2025-07-25T14:04:49.2154180+03:00,A20000000000000000000000,,1,-67,"865,7",Speedwayr-15-32-c2,"2,8777479580734626",
2025-07-25T14:04:49.2169730+03:00,A60000000000000000000000,,1,-68,"865,7",Speedwayr-15-32-c2,"5,123495831538041",
2025-07-25T14:04:49.2183640+03:00,A40000000000000000000000,,1,"-62,5","865,7",Speedwayr-15-32-c2,"3,043417883165112",
2025-07-25T14:04:49.2261470+03:00,A70000000000000000000000,,1,-64,"865,7",Speedwayr-15-32-c2,"0,4172427743048944",
2025-07-25T14:04:49.2475880+03:00,A80000000000000000000000,,1,-72,"865,7",Speedwayr-15-32-c2,"5,789243493480409",
2025-07-25T14:04:49.2556590+03:00,A40000000000000000000000,,1,"-63,5","865,7",Speedwayr-15-32-c2,"3,153864499892878",
2025-07-25T14:04:49.2578320+03:00,A70000000000000000000000,,1,-64,"865,7",Speedwayr-15-32-c2,"0,47860200582032003",
2025-07-25T14:04:49.2645540+03:00,A20000000000000000000000,,1,"-67,5","865,7",Speedwayr-15-32-c2,"2,8716120349219203",
2025-07-25T14:04:49.2678440+03:00,A60000000000000000000000,,1,-67,"865,7",Speedwayr-15-32-c2,"5,332117218690489",
2025-07-25T14:04:49.2874170+03:00,A80000000000000000000000,,1,"-71,5","865,7",Speedwayr-15-32-c2,"5,945709533844745",
2025-07-25T14:04:49.2974000+03:00,A30000000000000000000000,,1,-63,"865,7",Speedwayr-15-32-c2,"4,571262747899211",
2025-07-25T14:04:49.2989660+03:00,A40000000000000000000000,,1,"-63,5","865,7",Speedwayr-15-32-c2,"3,356349963893783",
2025-07-25T14:04:49.3030450+03:00,A70000000000000000000000,,1,-64,"865,7",Speedwayr-15-32-c2,"0,8099418560036186",
2025-07-25T14:04:49.3064150+03:00,A20000000000000000000000,,1,"-65,5","865,7",Speedwayr-15-32-c2,"2,8409324191642074",
2025-07-25T14:04:49.3076290+03:00,A60000000000000000000000,,1,-66,"865,7",Speedwayr-15-32-c2,"5,301437602932776",
2025-07-25T14:04:49.3166700+03:00,A80000000000000000000000,,1,-70,"865,7",Speedwayr-15-32-c2,"0,018407769454627694",
2025-07-25T14:04:49.3311990+03:00,A70000000000000000000000,,1,"-62,5","865,7",Speedwayr-15-32-c2,"1,0983302441261191",
2025-07-25T14:04:49.3322680+03:00,A30000000000000000000000,,1,"-63,5","865,7",Speedwayr-15-32-c2,"4,933282213840222",
2025-07-25T14:04:49.3338080+03:00,A60000000000000000000000,,1,"-65,5","865,7",Speedwayr-15-32-c2,"5,64504929941916",
2025-07-25T14:04:49.3351300+03:00,A40000000000000000000000,,1,-64,"865,7",Speedwayr-15-32-c2,"3,448388811166921",
2025-07-25T14:04:49.3365400+03:00,A20000000000000000000000,,1,"-65,5","865,7",Speedwayr-15-32-c2,"2,9391071895888885",
2025-07-25T14:04:49.3457710+03:00,A80000000000000000000000,,1,"-69,5","865,7",Speedwayr-15-32-c2,"6,074563920027139",
2025-07-25T14:04:49.3605210+03:00,A40000000000000000000000,,1,"-64,5","865,7",Speedwayr-15-32-c2,"3,5281558121369745",
2025-07-25T14:04:49.3620840+03:00,A30000000000000000000000,,1,"-63,5","865,7",Speedwayr-15-32-c2,"4,847379289718626",
2025-07-25T14:04:49.3657240+03:00,A70000000000000000000000,,1,"-61,5","865,7",Speedwayr-15-32-c2,"1,0369710126106935",
2025-07-25T14:04:49.3671240+03:00,A20000000000000000000000,,1,"-66,5","865,7",Speedwayr-15-32-c2,"3,0802334220743677",
2025-07-25T14:04:49.3685200+03:00,A60000000000000000000000,,1,"-64,5","865,7",Speedwayr-15-32-c2,"5,939573610693203",
2025-07-25T14:04:49.3965470+03:00,A80000000000000000000000,,1,"-71,5","865,7",Speedwayr-15-32-c2,"5,994796919057086",
2025-07-25T14:04:49.4051700+03:00,A30000000000000000000000,,1,-65,"865,7",Speedwayr-15-32-c2,"5,043728830567988",
2025-07-25T14:04:49.4062940+03:00,A70000000000000000000000,,1,-63,"865,7",Speedwayr-15-32-c2,"1,1044661672776617",
2025-07-25T14:04:49.4073810+03:00,A40000000000000000000000,,1,"-64,5","865,7",Speedwayr-15-32-c2,"3,479068426924634",
2025-07-25T14:04:49.4141630+03:00,A60000000000000000000000,,1,-63,"865,7",Speedwayr-15-32-c2,0,
2025-07-25T14:04:49.4165370+03:00,A20000000000000000000000,,1,-66,"865,7",Speedwayr-15-32-c2,"3,3502140407422405",
2025-07-25T14:04:49.4327930+03:00,A70000000000000000000000,,1,-62,"865,7",Speedwayr-15-32-c2,"1,3069516312785663",
2025-07-25T14:04:49.4359110+03:00,A30000000000000000000000,,1,-64,"865,7",Speedwayr-15-32-c2,"5,031456984264903",
2025-07-25T14:04:49.4385340+03:00,A40000000000000000000000,,1,-65,"865,7",Speedwayr-15-32-c2,"3,5772431973493153",
2025-07-25T14:04:49.4403120+03:00,A60000000000000000000000,,1,"-62,5","865,7",Speedwayr-15-32-c2,"0,05522330836388308",
2025-07-25T14:04:49.4461090+03:00,A20000000000000000000000,,1,"-65,5","865,7",Speedwayr-15-32-c2,"3,6876898140770815",
2025-07-25T14:04:49.4685090+03:00,A80000000000000000000000,,1,"-72,5","865,7",Speedwayr-15-32-c2,"5,924233802814347",
2025-07-25T14:04:49.4745780+03:00,A30000000000000000000000,,1,-64,"865,7",Speedwayr-15-32-c2,"5,0682725231741586",
2025-07-25T14:04:49.4756340+03:00,A40000000000000000000000,,1,-65,"865,7",Speedwayr-15-32-c2,"3,5833791205008576",
2025-07-25T14:04:49.4772180+03:00,A20000000000000000000000,,1,"-67,5","865,7",Speedwayr-15-32-c2,"3,8533597391687304",
2025-07-25T14:04:49.4783010+03:00,A70000000000000000000000,,1,"-63,5","865,7",Speedwayr-15-32-c2,"1,1965050145508",
2025-07-25T14:04:49.4846290+03:00,A60000000000000000000000,,1,"-61,5","865,7",Speedwayr-15-32-c2,"0,34974761963792617",
2025-07-25T14:04:49.4881940+03:00,A80000000000000000000000,,1,"-72,5","865,7",Speedwayr-15-32-c2,"5,902758071783947",
2025-07-25T14:04:49.5036910+03:00,A30000000000000000000000,,1,-65,"865,7",Speedwayr-15-32-c2,"4,902602598082509",
2025-07-25T14:04:49.5065510+03:00,A60000000000000000000000,,1,"-60,5","865,7",Speedwayr-15-32-c2,"0,42337869745643697",
2025-07-25T14:04:49.5092120+03:00,A80000000000000000000000,,1,-69,"865,7",Speedwayr-15-32-c2,"6,025476534814799",
2025-07-25T14:04:49.5102390+03:00,A70000000000000000000000,,1,-61,"865,7",Speedwayr-15-32-c2,"1,1658253987930873",
2025-07-25T14:04:49.5145420+03:00,A20000000000000000000000,,1,"-65,5","865,7",Speedwayr-15-32-c2,"3,890175278077986",
2025-07-25T14:04:49.5281570+03:00,A60000000000000000000000,,1,"-60,5","865,7",Speedwayr-15-32-c2,"0,4540583132141498",
2025-07-25T14:04:49.5308910+03:00,A70000000000000000000000,,1,-61,"865,7",Speedwayr-15-32-c2,"1,282407938672396",
2025-07-25T14:04:49.5337980+03:00,A30000000000000000000000,,1,"-63,5","865,7",Speedwayr-15-32-c2,"5,0682725231741586",
2025-07-25T14:04:49.5349790+03:00,A40000000000000000000000,,1,"-65,5","865,7",Speedwayr-15-32-c2,"3,6692820446224537",
2025-07-25T14:04:49.5379530+03:00,A20000000000000000000000,,1,"-66,5","865,7",Speedwayr-15-32-c2,"4,172427743048944",
2025-07-25T14:04:49.5492390+03:00,A80000000000000000000000,,1,-73,"865,7",Speedwayr-15-32-c2,"5,734020185116527",
2025-07-25T14:04:49.5567950+03:00,A40000000000000000000000,,1,-65,"865,7",Speedwayr-15-32-c2,"3,5711072741977725",
2025-07-25T14:04:49.5581370+03:00,A30000000000000000000000,,1,"-64,5","865,7",Speedwayr-15-32-c2,"5,062136600022616",
2025-07-25T14:04:49.5603470+03:00,A20000000000000000000000,,1,"-63,5","865,7",Speedwayr-15-32-c2,"3,988350048502667",
2025-07-25T14:04:49.5616860+03:00,A70000000000000000000000,,1,"-62,5","865,7",Speedwayr-15-32-c2,"1,2455923997631406",
2025-07-25T14:04:49.5637360+03:00,A60000000000000000000000,,1,-61,"865,7",Speedwayr-15-32-c2,"0,6135923151542565",
2025-07-25T14:04:49.5685960+03:00,A80000000000000000000000,,1,-72,"865,7",Speedwayr-15-32-c2,"5,743224069843841",
2025-07-25T14:04:49.5811050+03:00,A60000000000000000000000,,1,"-58,5","865,7",Speedwayr-15-32-c2,"0,5460971604872883",
2025-07-25T14:04:49.5830570+03:00,A70000000000000000000000,,1,-63,"865,7",Speedwayr-15-32-c2,"1,1903690913992575",
2025-07-25T14:04:49.5885190+03:00,A40000000000000000000000,,1,-65,"865,7",Speedwayr-15-32-c2,"3,472932503773092",
2025-07-25T14:04:49.5901020+03:00,A30000000000000000000000,,1,"-65,5","865,7",Speedwayr-15-32-c2,"5,0253210611133605",
2025-07-25T14:04:49.5952940+03:00,A20000000000000000000000,,1,-68,"865,7",Speedwayr-15-32-c2,"4,454680208019902",
2025-07-25T14:04:49.6067070+03:00,A80000000000000000000000,,1,-72,"865,7",Speedwayr-15-32-c2,"0,03681553890925539",
2025-07-25T14:04:49.6213410+03:00,A70000000000000000000000,,1,-63,"865,7",Speedwayr-15-32-c2,"1,1474176293384597",
2025-07-25T14:04:49.6238330+03:00,A30000000000000000000000,,1,-66,"865,7",Speedwayr-15-32-c2,"4,921010367537137",
2025-07-25T14:04:49.6250040+03:00,A40000000000000000000000,,1,"-64,5","865,7",Speedwayr-15-32-c2,"2,9820586516496865",
2025-07-25T14:04:49.6272970+03:00,A60000000000000000000000,,1,-59,"865,7",Speedwayr-15-32-c2,"0,5154175447295755",
2025-07-25T14:04:49.6387040+03:00,A20000000000000000000000,,1,-68,"865,7",Speedwayr-15-32-c2,"0,9050486648525283",
2025-07-25T14:04:49.6467630+03:00,A80000000000000000000000,,1,-73,"865,7",Speedwayr-15-32-c2,"5,513126951660994",
2025-07-25T14:04:49.6504610+03:00,A30000000000000000000000,,1,"-63,5","865,7",Speedwayr-15-32-c2,"4,3933209765044765",
2025-07-25T14:04:49.6526970+03:00,A60000000000000000000000,,1,"-61,5","865,7",Speedwayr-15-32-c2,"0,4172427743048944",
2025-07-25T14:04:49.6540530+03:00,A70000000000000000000000,,1,-63,"865,7",Speedwayr-15-32-c2,"1,043106935762236",
2025-07-25T14:04:49.6565460+03:00,A80000000000000000000000,,1,-69,"865,7",Speedwayr-15-32-c2,"5,638913376267617",
2025-07-25T14:04:49.6578890+03:00,A20000000000000000000000,,1,-67,"865,7",Speedwayr-15-32-c2,"3,6999616603801666",
2025-07-25T14:04:49.6760270+03:00,A60000000000000000000000,,1,"-60,5","865,7",Speedwayr-15-32-c2,"0,3374757733348411",
2025-07-25T14:04:49.6771210+03:00,A40000000000000000000000,,1,"-65,5","865,7",Speedwayr-15-32-c2,"3,3379421944391554",
2025-07-25T14:04:49.6786760+03:00,A30000000000000000000000,,1,"-65,5","865,7",Speedwayr-15-32-c2,"4,724660826687775",
2025-07-25T14:04:49.6797610+03:00,A70000000000000000000000,,1,-62,"865,7",Speedwayr-15-32-c2,"1,0983302441261191",
2025-07-25T14:04:49.6849890+03:00,A20000000000000000000000,,1,-67,"865,7",Speedwayr-15-32-c2,"3,9576704327449543",
2025-07-25T14:04:49.7064100+03:00,A80000000000000000000000,,1,"-71,5","865,7",Speedwayr-15-32-c2,"2,2672236044949776",
2025-07-25T14:04:49.7161870+03:00,A60000000000000000000000,,1,"-61,5","865,7",Speedwayr-15-32-c2,"0,09203884727313846",
2025-07-25T14:04:49.7183870+03:00,A20000000000000000000000,,1,-68,"865,7",Speedwayr-15-32-c2,"3,6570101983193686",
2025-07-25T14:04:49.7210210+03:00,A30000000000000000000000,,1,-65,"865,7",Speedwayr-15-32-c2,"4,773748211900116",
2025-07-25T14:04:49.7229950+03:00,A70000000000000000000000,,1,-63,"865,7",Speedwayr-15-32-c2,"1,055378782065321",
2025-07-25T14:04:49.7266720+03:00,A40000000000000000000000,,1,"-64,5","865,7",Speedwayr-15-32-c2,"3,215223731408304",
2025-07-25T14:04:49.7475520+03:00,A80000000000000000000000,,1,-71,"865,7",Speedwayr-15-32-c2,"5,439495873842484",
2025-07-25T14:04:49.7565300+03:00,A70000000000000000000000,,1,-63,"865,7",Speedwayr-15-32-c2,"0,9081166264282996",
2025-07-25T14:04:49.7576140+03:00,A30000000000000000000000,,1,"-64,5","865,7",Speedwayr-15-32-c2,"4,558990901596125",
2025-07-25T14:04:49.7612390+03:00,A20000000000000000000000,,1,"-62,5","865,7",Speedwayr-15-32-c2,"3,5895150436524004",
2025-07-25T14:04:49.7623980+03:00,A60000000000000000000000,,1,"-62,5","865,7",Speedwayr-15-32-c2,"0,2086213871524472",
2025-07-25T14:04:49.7634760+03:00,A40000000000000000000000,,1,-62,"865,7",Speedwayr-15-32-c2,"3,055689729468197",
2025-07-25T14:04:49.7794900+03:00,A80000000000000000000000,,1,"-70,5","865,7",Speedwayr-15-32-c2,"2,3285828360104035",
2025-07-25T14:04:49.7864490+03:00,A40000000000000000000000,,1,-65,"865,7",Speedwayr-15-32-c2,"2,84706834231575",
2025-07-25T14:04:49.7879460+03:00,A60000000000000000000000,,1,-62,"865,7",Speedwayr-15-32-c2,"6,19728238305799",
2025-07-25T14:04:49.7894880+03:00,A30000000000000000000000,,1,-62,"865,7",Speedwayr-15-32-c2,"4,178563666200486",
2025-07-25T14:04:49.7926340+03:00,A70000000000000000000000,,1,"-62,5","865,7",Speedwayr-15-32-c2,"0,859029241215959",
2025-07-25T14:04:49.7939690+03:00,A20000000000000000000000,,1,-66,"865,7",Speedwayr-15-32-c2,"3,448388811166921",
2025-07-25T14:04:49.7982790+03:00,A80000000000000000000000,,1,-68,"865,7",Speedwayr-15-32-c2,"5,442563835418255",
2025-07-25T14:04:49.8120160+03:00,A60000000000000000000000,,1,-61,"865,7",Speedwayr-15-32-c2,"6,1850105367549055",
2025-07-25T14:04:49.8169910+03:00,A30000000000000000000000,,1,-65,"865,7",Speedwayr-15-32-c2,"4,417864669110647",
2025-07-25T14:04:49.8180310+03:00,A70000000000000000000000,,1,-63,"865,7",Speedwayr-15-32-c2,"0,7915340865489908",
2025-07-25T14:04:49.8195270+03:00,A40000000000000000000000,,1,"-63,5","865,7",Speedwayr-15-32-c2,"2,8716120349219203",
2025-07-25T14:04:49.8216670+03:00,A20000000000000000000000,,1,"-63,5","865,7",Speedwayr-15-32-c2,"3,1354567304382504",
2025-07-25T14:04:49.8243290+03:00,A80000000000000000000000,,1,-67,"865,7",Speedwayr-15-32-c2,"5,227806525114265",
2025-07-25T14:04:49.8360610+03:00,A40000000000000000000000,,1,"-64,5","865,7",Speedwayr-15-32-c2,"2,791845033951867",
2025-07-25T14:04:49.8385110+03:00,A20000000000000000000000,,1,"-66,5","865,7",Speedwayr-15-32-c2,"3,3624858870453256",
2025-07-25T14:04:49.8410070+03:00,A70000000000000000000000,,1,-63,"865,7",Speedwayr-15-32-c2,"0,7301748550335652",
2025-07-25T14:04:49.8430570+03:00,A60000000000000000000000,,1,-63,"865,7",Speedwayr-15-32-c2,"5,841398840268521",
2025-07-25T14:04:49.8443960+03:00,A30000000000000000000000,,1,"-63,5","865,7",Speedwayr-15-32-c2,"4,28287435977671",
2025-07-25T14:04:49.8783420+03:00,A30000000000000000000000,,1,"-64,5","865,7",Speedwayr-15-32-c2,"4,1417481272912315",
2025-07-25T14:04:49.8844710+03:00,A40000000000000000000000,,1,"-62,5","865,7",Speedwayr-15-32-c2,"2,5832236467994196",
2025-07-25T14:04:49.8856110+03:00,A60000000000000000000000,,1,-64,"865,7",Speedwayr-15-32-c2,"5,589825991055276",
2025-07-25T14:04:49.8868700+03:00,A20000000000000000000000,,1,"-67,5","865,7",Speedwayr-15-32-c2,"3,2336315008629315",
2025-07-25T14:04:49.8879530+03:00,A70000000000000000000000,,1,-64,"865,7",Speedwayr-15-32-c2,"0,760854470791278",
2025-07-25T14:04:49.8964940+03:00,A80000000000000000000000,,1,-72,"865,7",Speedwayr-15-32-c2,"5,21553467881118",
2025-07-25T14:04:49.9083440+03:00,A40000000000000000000000,,1,"-63,5","865,7",Speedwayr-15-32-c2,"2,60776733940559",
2025-07-25T14:04:49.9105470+03:00,A60000000000000000000000,,1,"-63,5","865,7",Speedwayr-15-32-c2,"5,460971604872882",
2025-07-25T14:04:49.9116760+03:00,A30000000000000000000000,,1,"-63,5","865,7",Speedwayr-15-32-c2,"4,767612288748572",
2025-07-25T14:04:49.9148250+03:00,A70000000000000000000000,,1,"-63,5","865,7",Speedwayr-15-32-c2,"0,4663301595172349",
2025-07-25T14:04:49.9257990+03:00,A20000000000000000000000,,1,-70,"865,7",Speedwayr-15-32-c2,"3,031146036862027",
2025-07-25T14:04:49.9396910+03:00,A80000000000000000000000,,1,-70,"865,7",Speedwayr-15-32-c2,"1,9144080232812801",
2025-07-25T14:04:49.9458570+03:00,A70000000000000000000000,,1,"-63,5","865,7",Speedwayr-15-32-c2,"0,2761165418194154",
2025-07-25T14:04:49.9505480+03:00,A30000000000000000000000,,1,-64,"865,7",Speedwayr-15-32-c2,"4,135612204139688",
2025-07-25T14:04:49.9525070+03:00,A40000000000000000000000,,1,-64,"865,7",Speedwayr-15-32-c2,"2,705942109830271",
2025-07-25T14:04:49.9546980+03:00,A60000000000000000000000,,1,-64,"865,7",Speedwayr-15-32-c2,"5,037592907416445",
2025-07-25T14:04:49.9567530+03:00,A20000000000000000000000,,1,"-70,5","865,7",Speedwayr-15-32-c2,"3,810408277107933",
2025-07-25T14:04:49.9829810+03:00,A80000000000000000000000,,1,-70,"865,7",Speedwayr-15-32-c2,"1,7333982903107745",
2025-07-25T14:04:49.9863150+03:00,A40000000000000000000000,,1,"-63,5","865,7",Speedwayr-15-32-c2,"2,405281875404685",
2025-07-25T14:04:49.9903710+03:00,A30000000000000000000000,,1,"-63,5","865,7",Speedwayr-15-32-c2,"3,9515345095934116",
2025-07-25T14:04:49.9939290+03:00,A70000000000000000000000,,1,-63,"865,7",Speedwayr-15-32-c2,"0,1718058482431918",
2025-07-25T14:04:49.9950860+03:00,A60000000000000000000000,,1,-65,"865,7",Speedwayr-15-32-c2,"4,963961829597935",
2025-07-25T14:04:50.0118790+03:00,A20000000000000000000000,,1,"-71,5","865,7",Speedwayr-15-32-c2,"0,9909515889741242",
2025-07-25T14:04:50.0224100+03:00,A70000000000000000000000,,1,"-64,5","865,7",Speedwayr-15-32-c2,"0,030679615757712823",
2025-07-25T14:04:50.0246220+03:00,A30000000000000000000000,,1,-64,"865,7",Speedwayr-15-32-c2,"3,448388811166921",
2025-07-25T14:04:50.0259460+03:00,A40000000000000000000000,,1,-64,"865,7",Speedwayr-15-32-c2,"2,2457478734645786",
2025-07-25T14:04:50.0281670+03:00,A60000000000000000000000,,1,-65,"865,7",Speedwayr-15-32-c2,"4,6448938257177215",
2025-07-25T14:04:50.0359590+03:00,A80000000000000000000000,,1,"-70,5","865,7",Speedwayr-15-32-c2,"4,601942363656923",
2025-07-25T14:04:50.0517440+03:00,A60000000000000000000000,,1,-64,"865,7",Speedwayr-15-32-c2,"4,4362724385652745",
2025-07-25T14:04:50.0544450+03:00,A30000000000000000000000,,1,"-62,5","865,7",Speedwayr-15-32-c2,"3,56497135104623",
2025-07-25T14:04:50.0559210+03:00,A70000000000000000000000,,1,"-64,5","865,7",Speedwayr-15-32-c2,"6,191146459906448",
2025-07-25T14:04:50.0578500+03:00,A40000000000000000000000,,1,"-63,5","865,7",Speedwayr-15-32-c2,"2,2518837966161214",
2025-07-25T14:04:50.0717170+03:00,A80000000000000000000000,,1,-71,"865,7",Speedwayr-15-32-c2,"1,3130875544301088",
2025-07-25T14:04:50.0776200+03:00,A20000000000000000000000,,1,"-71,5","865,7",Speedwayr-15-32-c2,"1,6321555583103222",
2025-07-25T14:04:50.0843340+03:00,A40000000000000000000000,,1,"-63,5","865,7",Speedwayr-15-32-c2,"2,2457478734645786",
2025-07-25T14:04:50.0860950+03:00,A70000000000000000000000,,1,-64,"865,7",Speedwayr-15-32-c2,"5,957981380147831",
2025-07-25T14:04:50.0871700+03:00,A60000000000000000000000,,1,-65,"865,7",Speedwayr-15-32-c2,"4,411728745959104",
2025-07-25T14:04:50.0885250+03:00,A30000000000000000000000,,1,"-63,5","865,7",Speedwayr-15-32-c2,"3,5342917352885173",
2025-07-25T14:04:50.1059520+03:00,A20000000000000000000000,,1,-72,"865,7",Speedwayr-15-32-c2,"1,9358837543116791",
2025-07-25T14:04:50.1236350+03:00,A80000000000000000000000,,1,-71,"865,7",Speedwayr-15-32-c2,"1,227184630308513",
2025-07-25T14:04:50.1280440+03:00,A40000000000000000000000,,1,"-63,5","865,7",Speedwayr-15-32-c2,"2,1966604882522383",
2025-07-25T14:04:50.1302580+03:00,A60000000000000000000000,,1,-65,"865,7",Speedwayr-15-32-c2,"4,313553975534423",
2025-07-25T14:04:50.1333560+03:00,A70000000000000000000000,,1,-64,"865,7",Speedwayr-15-32-c2,"5,93343768754166",
2025-07-25T14:04:50.1377630+03:00,A30000000000000000000000,,1,"-63,5","865,7",Speedwayr-15-32-c2,"3,4606606574700063",
2025-07-25T14:04:50.1481200+03:00,A80000000000000000000000,,1,-73,"865,7",Speedwayr-15-32-c2,"4,074252972624263",
2025-07-25T14:04:50.1612170+03:00,A30000000000000000000000,,1,-62,"865,7",Speedwayr-15-32-c2,"3,3379421944391554",
2025-07-25T14:04:50.1667870+03:00,A70000000000000000000000,,1,-65,"865,7",Speedwayr-15-32-c2,"5,970253226450915",
2025-07-25T14:04:50.1707890+03:00,A40000000000000000000000,,1,"-61,5","865,7",Speedwayr-15-32-c2,"2,2518837966161214",
2025-07-25T14:04:50.1719460+03:00,A60000000000000000000000,,1,-65,"865,7",Speedwayr-15-32-c2,"4,289010282928253",
2025-07-25T14:04:50.1753470+03:00,A20000000000000000000000,,1,"-67,5","865,7",Speedwayr-15-32-c2,"5,436427912266712",
2025-07-25T14:04:50.1903290+03:00,A80000000000000000000000,,1,"-71,5","865,7",Speedwayr-15-32-c2,"1,3499030933393643",
2025-07-25T14:04:50.2001780+03:00,A40000000000000000000000,,1,-63,"865,7",Speedwayr-15-32-c2,"1,9573594853420782",
2025-07-25T14:04:50.2021030+03:00,A30000000000000000000000,,1,"-64,5","865,7",Speedwayr-15-32-c2,"3,227495577711389",
2025-07-25T14:04:50.2048150+03:00,A20000000000000000000000,,1,-66,"865,7",Speedwayr-15-32-c2,"5,5100589900852235",
2025-07-25T14:04:50.2059590+03:00,A60000000000000000000000,,1,"-64,5","865,7",Speedwayr-15-32-c2,"4,1172044346850605",
2025-07-25T14:04:50.2071860+03:00,A70000000000000000000000,,1,-65,"865,7",Speedwayr-15-32-c2,"6,000932842208628",
2025-07-25T14:04:50.2189480+03:00,A80000000000000000000000,,1,"-72,5","865,7",Speedwayr-15-32-c2,"1,1903690913992575",
2025-07-25T14:04:50.2247670+03:00,A60000000000000000000000,,1,"-64,5","865,7",Speedwayr-15-32-c2,"4,147884050442774",
2025-07-25T14:04:50.2263200+03:00,A40000000000000000000000,,1,-63,"865,7",Speedwayr-15-32-c2,"2,350058567040802",
2025-07-25T14:04:50.2298540+03:00,A20000000000000000000000,,1,-63,"865,7",Speedwayr-15-32-c2,"5,553010452146021",
2025-07-25T14:04:50.2329880+03:00,A30000000000000000000000,,1,"-62,5","865,7",Speedwayr-15-32-c2,"3,117048960983623",
2025-07-25T14:04:50.2346950+03:00,A70000000000000000000000,,1,-65,"865,7",Speedwayr-15-32-c2,"5,939573610693203",
2025-07-25T14:04:50.2478650+03:00,A80000000000000000000000,,1,-73,"865,7",Speedwayr-15-32-c2,"1,1566215140657734",
2025-07-25T14:04:50.2513220+03:00,A70000000000000000000000,,1,"-62,5","865,7",Speedwayr-15-32-c2,"6,062292073724054",
2025-07-25T14:04:50.2532840+03:00,A20000000000000000000000,,1,-64,"865,7",Speedwayr-15-32-c2,"5,460971604872882",
2025-07-25T14:04:50.2551300+03:00,A60000000000000000000000,,1,"-63,5","865,7",Speedwayr-15-32-c2,"4,129476280988146",
2025-07-25T14:04:50.2602230+03:00,A40000000000000000000000,,1,"-62,5","865,7",Speedwayr-15-32-c2,"2,1230294104337273",
2025-07-25T14:04:50.2628350+03:00,A30000000000000000000000,,1,"-64,5","865,7",Speedwayr-15-32-c2,"3,2520392703175593",
2025-07-25T14:04:50.2648340+03:00,A80000000000000000000000,,1,-70,"865,7",Speedwayr-15-32-c2,"4,246058820867455",
2025-07-25T14:04:50.2791670+03:00,A60000000000000000000000,,1,"-61,5","865,7",Speedwayr-15-32-c2,"4,154019973594316",
2025-07-25T14:04:50.2835890+03:00,A20000000000000000000000,,1,"-62,5","865,7",Speedwayr-15-32-c2,"5,4671075280244255",
2025-07-25T14:04:50.2849420+03:00,A40000000000000000000000,,1,"-63,5","865,7",Speedwayr-15-32-c2,"2,405281875404685",
2025-07-25T14:04:50.2860240+03:00,A30000000000000000000000,,1,-65,"865,7",Speedwayr-15-32-c2,"2,9329712664373457",
2025-07-25T14:04:50.2872330+03:00,A70000000000000000000000,,1,-65,"865,7",Speedwayr-15-32-c2,"5,835262917116979",
2025-07-25T14:04:50.2883520+03:00,A80000000000000000000000,,1,-73,"865,7",Speedwayr-15-32-c2,"4,246058820867455",
2025-07-25T14:04:50.3037590+03:00,A70000000000000000000000,,1,-64,"865,7",Speedwayr-15-32-c2,"5,859806609723149",
2025-07-25T14:04:50.3049550+03:00,A40000000000000000000000,,1,"-62,5","865,7",Speedwayr-15-32-c2,"2,405281875404685",
2025-07-25T14:04:50.3063090+03:00,A30000000000000000000000,,1,-65,"865,7",Speedwayr-15-32-c2,"2,767301341345697",
2025-07-25T14:04:50.3080610+03:00,A20000000000000000000000,,1,-63,"865,7",Speedwayr-15-32-c2,"5,301437602932776",
2025-07-25T14:04:50.3092890+03:00,A60000000000000000000000,,1,-61,"865,7",Speedwayr-15-32-c2,"3,9638063558964967",
2025-07-25T14:04:50.3328320+03:00,A80000000000000000000000,,1,"-71,5","865,7",Speedwayr-15-32-c2,"1,1167380135807468",
2025-07-25T14:04:50.3358180+03:00,A40000000000000000000000,,1,"-62,5","865,7",Speedwayr-15-32-c2,"2,497320722677824",
2025-07-25T14:04:50.3376430+03:00,A20000000000000000000000,,1,"-62,5","865,7",Speedwayr-15-32-c2,"5,356660911296659",
2025-07-25T14:04:50.3413190+03:00,A70000000000000000000000,,1,"-64,5","865,7",Speedwayr-15-32-c2,"5,540738605842936",
2025-07-25T14:04:50.3425880+03:00,A60000000000000000000000,,1,-62,"865,7",Speedwayr-15-32-c2,"3,8840393549264434",
2025-07-25T14:04:50.3464120+03:00,A30000000000000000000000,,1,-66,"865,7",Speedwayr-15-32-c2,"2,5954954931025047",
2025-07-25T14:04:50.3633620+03:00,A30000000000000000000000,,1,-66,"865,7",Speedwayr-15-32-c2,"2,5893595699509624",
2025-07-25T14:04:50.3644560+03:00,A40000000000000000000000,,1,-63,"865,7",Speedwayr-15-32-c2,"2,5709518004963345",
2025-07-25T14:04:50.3672530+03:00,A60000000000000000000000,,1,"-60,5","865,7",Speedwayr-15-32-c2,"3,730641276137879",
2025-07-25T14:04:50.3701500+03:00,A20000000000000000000000,,1,"-60,5","865,7",Speedwayr-15-32-c2,"5,264622064023521",
2025-07-25T14:04:50.3740640+03:00,A70000000000000000000000,,1,-63,"865,7",Speedwayr-15-32-c2,"5,792311455056181",
2025-07-25T14:04:50.3980750+03:00,A80000000000000000000000,,1,-74,"865,7",Speedwayr-15-32-c2,"0,9295923574586985",
2025-07-25T14:04:50.4014060+03:00,A40000000000000000000000,,1,-63,"865,7",Speedwayr-15-32-c2,"2,8532042654672924",
2025-07-25T14:04:50.4025170+03:00,A20000000000000000000000,,1,-61,"865,7",Speedwayr-15-32-c2,"5,442563835418255",
2025-07-25T14:04:50.4069030+03:00,A60000000000000000000000,,1,"-60,5","865,7",Speedwayr-15-32-c2,"3,7122335066832517",
2025-07-25T14:04:50.4156490+03:00,A70000000000000000000000,,1,-65,"865,7",Speedwayr-15-32-c2,"5,915029918087033",
2025-07-25T14:04:50.4177250+03:00,A30000000000000000000000,,1,"-65,5","865,7",Speedwayr-15-32-c2,"2,454369260617026",
2025-07-25T14:04:50.4263970+03:00,A80000000000000000000000,,1,-74,"865,7",Speedwayr-15-32-c2,"3,834951969714103",
2025-07-25T14:04:50.4331250+03:00,A20000000000000000000000,,1,-62,"865,7",Speedwayr-15-32-c2,"5,583690067903734",
2025-07-25T14:04:50.4349050+03:00,A40000000000000000000000,,1,-63,"865,7",Speedwayr-15-32-c2,"2,7979809571034093",
2025-07-25T14:04:50.4369470+03:00,A80000000000000000000000,,1,-70,"865,7",Speedwayr-15-32-c2,"3,4177091954092087",
2025-07-25T14:04:50.4394180+03:00,A60000000000000000000000,,1,-60,"865,7",Speedwayr-15-32-c2,"3,7429131224409646",
2025-07-25T14:04:50.4430150+03:00,A70000000000000000000000,,1,"-63,5","865,7",Speedwayr-15-32-c2,"5,896622148632405",
2025-07-25T14:04:50.4453030+03:00,A30000000000000000000000,,1,"-66,5","865,7",Speedwayr-15-32-c2,"2,313243028131547",
2025-07-25T14:04:50.4630010+03:00,A30000000000000000000000,,1,"-66,5","865,7",Speedwayr-15-32-c2,"2,442097414313941",
2025-07-25T14:04:50.4658670+03:00,A70000000000000000000000,,1,"-65,5","865,7",Speedwayr-15-32-c2,"5,773903685601553",
2025-07-25T14:04:50.4669490+03:00,A20000000000000000000000,,1,-61,"865,7",Speedwayr-15-32-c2,"5,8045833013592665",
2025-07-25T14:04:50.4698560+03:00,A40000000000000000000000,,1,"-60,5","865,7",Speedwayr-15-32-c2,"2,9329712664373457",
2025-07-25T14:04:50.4712100+03:00,A60000000000000000000000,,1,"-59,5","865,7",Speedwayr-15-32-c2,"3,6815538909255388",
2025-07-25T14:04:50.5155230+03:00,A70000000000000000000000,,1,"-65,5","865,7",Speedwayr-15-32-c2,"5,798447378207723",
2025-07-25T14:04:50.5170720+03:00,A60000000000000000000000,,1,-59,"865,7",Speedwayr-15-32-c2,"3,773592738198677",
2025-07-25T14:04:50.5184110+03:00,A40000000000000000000000,,1,"-63,5","865,7",Speedwayr-15-32-c2,"3,147728576741336",
2025-07-25T14:04:50.5199610+03:00,A20000000000000000000000,,1,"-59,5","865,7",Speedwayr-15-32-c2,"0,018407769454627694",
2025-07-25T14:04:50.5230760+03:00,A30000000000000000000000,,1,"-65,5","865,7",Speedwayr-15-32-c2,"2,3746022596469727",
2025-07-25T14:04:50.5374470+03:00,A20000000000000000000000,,1,-61,"865,7",Speedwayr-15-32-c2,"0,2086213871524472",
2025-07-25T14:04:50.5402450+03:00,A70000000000000000000000,,1,"-63,5","865,7",Speedwayr-15-32-c2,"6,270913460876501",
2025-07-25T14:04:50.5427560+03:00,A30000000000000000000000,,1,"-64,5","865,7",Speedwayr-15-32-c2,"2,4727770300716534",
2025-07-25T14:04:50.5449900+03:00,A40000000000000000000000,,1,"-63,5","865,7",Speedwayr-15-32-c2,"3,3440781175906977",
2025-07-25T14:04:50.5468300+03:00,A60000000000000000000000,,1,"-59,5","865,7",Speedwayr-15-32-c2,"3,816544200259475",
2025-07-25T14:04:50.5650830+03:00,A80000000000000000000000,,1,-73,"865,7",Speedwayr-15-32-c2,"5,7953794166319526",
2025-07-25T14:04:50.5688900+03:00,A30000000000000000000000,,1,-61,"865,7",Speedwayr-15-32-c2,"2,564815877344792",
2025-07-25T14:04:50.5702860+03:00,A60000000000000000000000,,1,"-60,5","865,7",Speedwayr-15-32-c2,"3,890175278077986",
2025-07-25T14:04:50.5735960+03:00,A20000000000000000000000,,1,"-60,5","865,7",Speedwayr-15-32-c2,"0,6872233929727672",
2025-07-25T14:04:50.5746940+03:00,A40000000000000000000000,,1,"-64,5","865,7",Speedwayr-15-32-c2,"3,4606606574700063",
2025-07-25T14:04:50.5790520+03:00,A70000000000000000000000,,1,"-65,5","865,7",Speedwayr-15-32-c2,"5,816855147662351",
2025-07-25T14:04:50.6264140+03:00,A20000000000000000000000,,1,-59,"865,7",Speedwayr-15-32-c2,"1,3008157081270237",
2025-07-25T14:04:50.6282970+03:00,A30000000000000000000000,,1,"-64,5","865,7",Speedwayr-15-32-c2,"2,337786720737717",
2025-07-25T14:04:50.6314320+03:00,A40000000000000000000000,,1,"-63,5","865,7",Speedwayr-15-32-c2,"3,6815538909255388",
2025-07-25T14:04:50.6328530+03:00,A60000000000000000000000,,1,-59,"865,7",Speedwayr-15-32-c2,"4,424000592262189",
2025-07-25T14:04:50.6351630+03:00,A70000000000000000000000,,1,-65,"865,7",Speedwayr-15-32-c2,"6,270913460876501",
2025-07-25T14:04:50.6576890+03:00,A40000000000000000000000,,1,-67,"865,7",Speedwayr-15-32-c2,"4,006757817957295",
2025-07-25T14:04:50.6607140+03:00,A20000000000000000000000,,1,"-59,5","865,7",Speedwayr-15-32-c2,"1,6566992509164924",
2025-07-25T14:04:50.6624650+03:00,A60000000000000000000000,,1,"-59,5","865,7",Speedwayr-15-32-c2,"4,516039439535327",
2025-07-25T14:04:50.6669340+03:00,A70000000000000000000000,,1,"-65,5","865,7",Speedwayr-15-32-c2,"6,17273869045182",
2025-07-25T14:04:50.6682460+03:00,A30000000000000000000000,,1,"-62,5","865,7",Speedwayr-15-32-c2,"2,5832236467994196",
2025-07-25T14:04:50.6970680+03:00,A80000000000000000000000,,1,-73,"865,7",Speedwayr-15-32-c2,"5,8475347634200645",
2025-07-25T14:04:50.7023000+03:00,A20000000000000000000000,,1,-57,"865,7",Speedwayr-15-32-c2,"1,9266798695843652",
2025-07-25T14:04:50.7051610+03:00,A60000000000000000000000,,1,-60,"865,7",Speedwayr-15-32-c2,"4,773748211900116",
2025-07-25T14:04:50.7115430+03:00,A30000000000000000000000,,1,-63,"865,7",Speedwayr-15-32-c2,"2,724349879284899",
2025-07-25T14:04:50.7153740+03:00,A40000000000000000000000,,1,-68,"865,7",Speedwayr-15-32-c2,"3,8717675086233583",
2025-07-25T14:04:50.7164610+03:00,A70000000000000000000000,,1,-65,"865,7",Speedwayr-15-32-c2,"6,264777537724958",
2025-07-25T14:04:50.7438910+03:00,A60000000000000000000000,,1,"-59,5","865,7",Speedwayr-15-32-c2,"5,013049214810275",
2025-07-25T14:04:50.7465820+03:00,A20000000000000000000000,,1,-57,"865,7",Speedwayr-15-32-c2,"2,1046216409791",
2025-07-25T14:04:50.7482940+03:00,A30000000000000000000000,,1,"-61,5","865,7",Speedwayr-15-32-c2,"2,9145634969827183",
2025-07-25T14:04:50.7557770+03:00,A70000000000000000000000,,1,"-65,5","865,7",Speedwayr-15-32-c2,"6,209554229361076",
2025-07-25T14:04:50.7638910+03:00,A40000000000000000000000,,1,-73,"865,7",Speedwayr-15-32-c2,"3,8963112012295285",
2025-07-25T14:04:50.7766770+03:00,A70000000000000000000000,,1,-67,"865,7",Speedwayr-15-32-c2,"6,19728238305799",
2025-07-25T14:04:50.7809380+03:00,A30000000000000000000000,,1,"-61,5","865,7",Speedwayr-15-32-c2,"3,0495538063166547",
2025-07-25T14:04:50.7821220+03:00,A20000000000000000000000,,1,"-56,5","865,7",Speedwayr-15-32-c2,"2,2150682577068657",
2025-07-25T14:04:50.7832480+03:00,A60000000000000000000000,,1,-61,"865,7",Speedwayr-15-32-c2,"5,350524988145116",
2025-07-25T14:04:50.8124880+03:00,A20000000000000000000000,,1,-57,"865,7",Speedwayr-15-32-c2,"2,3316507975861747",
2025-07-25T14:04:50.8153880+03:00,A30000000000000000000000,,1,-61,"865,7",Speedwayr-15-32-c2,"3,184544115650591",
2025-07-25T14:04:50.8175610+03:00,A70000000000000000000000,,1,-68,"865,7",Speedwayr-15-32-c2,"0,14112623248547898",
2025-07-25T14:04:50.8190420+03:00,A60000000000000000000000,,1,"-58,5","865,7",Speedwayr-15-32-c2,"5,66959299202533",
2025-07-25T14:04:50.8279210+03:00,A40000000000000000000000,,1,-73,"865,7",Speedwayr-15-32-c2,"0,6350680461846554",
2025-07-25T14:04:50.8368370+03:00,A70000000000000000000000,,1,-66,"865,7",Speedwayr-15-32-c2,"0,3620194659410113",
2025-07-25T14:04:50.8397820+03:00,A20000000000000000000000,,1,"-55,5","865,7",Speedwayr-15-32-c2,"2,448233337465483",
2025-07-25T14:04:50.8423200+03:00,A30000000000000000000000,,1,"-60,5","865,7",Speedwayr-15-32-c2,"3,2827188860752723",
2025-07-25T14:04:50.8436210+03:00,A60000000000000000000000,,1,"-61,5","865,7",Speedwayr-15-32-c2,"5,921165841238575",
2025-07-25T14:04:50.8773640+03:00,A40000000000000000000000,,1,"-73,5","865,7",Speedwayr-15-32-c2,"0,7301748550335652",
2025-07-25T14:04:50.8829780+03:00,A60000000000000000000000,,1,-61,"865,7",Speedwayr-15-32-c2,"6,0991076126333095",
2025-07-25T14:04:50.8856730+03:00,A30000000000000000000000,,1,"-59,5","865,7",Speedwayr-15-32-c2,"3,399301425954581",
2025-07-25T14:04:50.8873900+03:00,A20000000000000000000000,,1,-57,"865,7",Speedwayr-15-32-c2,"2,3746022596469727",
2025-07-25T14:04:50.8953180+03:00,A70000000000000000000000,,1,"-67,5","865,7",Speedwayr-15-32-c2,"0,3436116964863836",
2025-07-25T14:04:50.9178160+03:00,A40000000000000000000000,,1,"-73,5","865,7",Speedwayr-15-32-c2,"0,6688156235181395",
2025-07-25T14:04:50.9211270+03:00,A20000000000000000000000,,1,"-56,5","865,7",Speedwayr-15-32-c2,"2,3193789512830896",
2025-07-25T14:04:50.9251640+03:00,A70000000000000000000000,,1,-67,"865,7",Speedwayr-15-32-c2,"0,4356505437595221",
2025-07-25T14:04:50.9268720+03:00,A30000000000000000000000,,1,-60,"865,7",Speedwayr-15-32-c2,"3,54042765844006",
2025-07-25T14:04:50.9300290+03:00,A60000000000000000000000,,1,"-60,5","865,7",Speedwayr-15-32-c2,"0,18407769454627693",
2025-07-25T14:04:50.9523040+03:00,A30000000000000000000000,,1,"-60,5","865,7",Speedwayr-15-32-c2,"3,522019888985432",
2025-07-25T14:04:50.9556520+03:00,A20000000000000000000000,,1,-57,"865,7",Speedwayr-15-32-c2,"2,3316507975861747",
2025-07-25T14:04:50.9571340+03:00,A60000000000000000000000,,1,-61,"865,7",Speedwayr-15-32-c2,"0,37429131224409645",
2025-07-25T14:04:50.9648870+03:00,A70000000000000000000000,,1,"-66,5","865,7",Speedwayr-15-32-c2,"0,619728238305799",
2025-07-25T14:04:50.9781060+03:00,A70000000000000000000000,,1,-65,"865,7",Speedwayr-15-32-c2,"0,5706408530934585",
2025-07-25T14:04:50.9840780+03:00,A60000000000000000000000,,1,-61,"865,7",Speedwayr-15-32-c2,"0,6013204688511713",
2025-07-25T14:04:50.9851330+03:00,A20000000000000000000000,,1,-57,"865,7",Speedwayr-15-32-c2,"2,2641556429192065",
2025-07-25T14:04:50.9863030+03:00,A30000000000000000000000,,1,"-60,5","865,7",Speedwayr-15-32-c2,"3,4913402732277192",
2025-07-25T14:04:51.0155550+03:00,A40000000000000000000000,,1,-73,"865,7",Speedwayr-15-32-c2,"1,5677283652191252",
2025-07-25T14:04:51.0226470+03:00,A60000000000000000000000,,1,-61,"865,7",Speedwayr-15-32-c2,"0,9756117810952678",
2025-07-25T14:04:51.0243430+03:00,A20000000000000000000000,,1,"-56,5","865,7",Speedwayr-15-32-c2,"2,1046216409791",
2025-07-25T14:04:51.0253950+03:00,A30000000000000000000000,,1,"-61,5","865,7",Speedwayr-15-32-c2,"3,5036121195308043",
2025-07-25T14:04:51.0342800+03:00,A70000000000000000000000,,1,"-61,5","865,7",Speedwayr-15-32-c2,"0,6688156235181395",
2025-07-25T14:04:51.0359900+03:00,A40000000000000000000000,,1,"-68,5","865,7",Speedwayr-15-32-c2,"4,528311285838413",
2025-07-25T14:04:51.0491470+03:00,A20000000000000000000000,,1,-58,"865,7",Speedwayr-15-32-c2,"2,012582793705961",
2025-07-25T14:04:51.0513560+03:00,A70000000000000000000000,,1,-65,"865,7",Speedwayr-15-32-c2,"0,7301748550335652",
2025-07-25T14:04:51.0532960+03:00,A30000000000000000000000,,1,-61,"865,7",Speedwayr-15-32-c2,"3,4913402732277192",
2025-07-25T14:04:51.0549990+03:00,A60000000000000000000000,,1,-60,"865,7",Speedwayr-15-32-c2,"1,184233168247715",
2025-07-25T14:04:51.0861240+03:00,A70000000000000000000000,,1,-64,"865,7",Speedwayr-15-32-c2,"1,012427320004523",
2025-07-25T14:04:51.0875330+03:00,A20000000000000000000000,,1,"-59,5","865,7",Speedwayr-15-32-c2,"1,7978254834019713",
2025-07-25T14:04:51.0891870+03:00,A30000000000000000000000,,1,-62,"865,7",Speedwayr-15-32-c2,"3,6570101983193686",
2025-07-25T14:04:51.0903280+03:00,A60000000000000000000000,,1,"-60,5","865,7",Speedwayr-15-32-c2,"1,4173982480063325",
2025-07-25T14:04:51.1082250+03:00,A30000000000000000000000,,1,-65,"865,7",Speedwayr-15-32-c2,"3,7429131224409646",
2025-07-25T14:04:51.1108520+03:00,A20000000000000000000000,,1,-62,"865,7",Speedwayr-15-32-c2,"1,5401167110371838",
2025-07-25T14:04:51.1120230+03:00,A60000000000000000000000,,1,-60,"865,7",Speedwayr-15-32-c2,"1,8714565612204823",
2025-07-25T14:04:51.1137910+03:00,A40000000000000000000000,,1,"-66,5","865,7",Speedwayr-15-32-c2,"4,04357335686655",
2025-07-25T14:04:51.1151420+03:00,A70000000000000000000000,,1,-64,"865,7",Speedwayr-15-32-c2,"1,012427320004523",
2025-07-25T14:04:51.1346050+03:00,A30000000000000000000000,,1,-65,"865,7",Speedwayr-15-32-c2,"4,104932588381976",
2025-07-25T14:04:51.1359290+03:00,A70000000000000000000000,,1,"-64,5","865,7",Speedwayr-15-32-c2,"0,9878836273983529",
2025-07-25T14:04:51.1375370+03:00,A60000000000000000000000,,1,-60,"865,7",Speedwayr-15-32-c2,"1,8530487917658545",
2025-07-25T14:04:51.1386980+03:00,A20000000000000000000000,,1,-63,"865,7",Speedwayr-15-32-c2,"0,9756117810952678",
2025-07-25T14:04:51.1425760+03:00,A40000000000000000000000,,1,-67,"865,7",Speedwayr-15-32-c2,"4,0128937411088375",
2025-07-25T14:04:51.1549880+03:00,A60000000000000000000000,,1,"-60,5","865,7",Speedwayr-15-32-c2,"1,8837284075235674",
2025-07-25T14:04:51.1566300+03:00,A20000000000000000000000,,1,-65,"865,7",Speedwayr-15-32-c2,"0,8344855486097889",
2025-07-25T14:04:51.1590480+03:00,A40000000000000000000000,,1,-67,"865,7",Speedwayr-15-32-c2,"3,890175278077986",
2025-07-25T14:04:51.1638320+03:00,A70000000000000000000000,,1,-64,"865,7",Speedwayr-15-32-c2,"1,214912784005428",
2025-07-25T14:04:51.1820570+03:00,A70000000000000000000000,,1,-64,"865,7",Speedwayr-15-32-c2,"1,043106935762236",
2025-07-25T14:04:51.1847940+03:00,A20000000000000000000000,,1,-68,"865,7",Speedwayr-15-32-c2,"0,07363107781851078",
2025-07-25T14:04:51.1864900+03:00,A40000000000000000000000,,1,"-67,5","865,7",Speedwayr-15-32-c2,"3,749049045592507",
2025-07-25T14:04:51.1882290+03:00,A60000000000000000000000,,1,-60,"865,7",Speedwayr-15-32-c2,"1,6137477888556946",
2025-07-25T14:04:51.1901560+03:00,A30000000000000000000000,,1,-66,"865,7",Speedwayr-15-32-c2,"5,0682725231741586",
2025-07-25T14:04:51.2062540+03:00,A30000000000000000000000,,1,"-66,5","865,7",Speedwayr-15-32-c2,"5,387340527054372",
2025-07-25T14:04:51.2115050+03:00,A70000000000000000000000,,1,"-63,5","865,7",Speedwayr-15-32-c2,"1,0246991663076084",
2025-07-25T14:04:51.2126200+03:00,A60000000000000000000000,,1,"-60,5","865,7",Speedwayr-15-32-c2,"1,3130875544301088",
2025-07-25T14:04:51.2156820+03:00,A20000000000000000000000,,1,"-69,5","865,7",Speedwayr-15-32-c2,"5,301437602932776",
2025-07-25T14:04:51.2327700+03:00,A20000000000000000000000,,1,-70,"865,7",Speedwayr-15-32-c2,"5,123495831538041",
2025-07-25T14:04:51.2343050+03:00,A70000000000000000000000,,1,"-62,5","865,7",Speedwayr-15-32-c2,"1,214912784005428",
2025-07-25T14:04:51.2360670+03:00,A40000000000000000000000,,1,"-66,5","865,7",Speedwayr-15-32-c2,"3,3747577333484107",
2025-07-25T14:04:51.2372200+03:00,A60000000000000000000000,,1,-60,"865,7",Speedwayr-15-32-c2,"1,0799224746714913",
2025-07-25T14:04:51.2384180+03:00,A30000000000000000000000,,1,"-65,5","865,7",Speedwayr-15-32-c2,"5,5100589900852235",
2025-07-25T14:04:51.2540210+03:00,A80000000000000000000000,,1,-72,"865,7",Speedwayr-15-32-c2,"1,9726992932209346",
2025-07-25T14:04:51.2577530+03:00,A30000000000000000000000,,1,-63,"865,7",Speedwayr-15-32-c2,"5,313709449235861",
2025-07-25T14:04:51.2624540+03:00,A70000000000000000000000,,1,"-62,5","865,7",Speedwayr-15-32-c2,"1,0615147052168636",
2025-07-25T14:04:51.2635810+03:00,A60000000000000000000000,,1,-61,"865,7",Speedwayr-15-32-c2,"0,7117670855789375",
2025-07-25T14:04:51.2745110+03:00,A40000000000000000000000,,1,-66,"865,7",Speedwayr-15-32-c2,"3,5711072741977725",
2025-07-25T14:04:51.2961650+03:00,A80000000000000000000000,,1,-71,"865,7",Speedwayr-15-32-c2,"5,675728915176872",
2025-07-25T14:04:51.2975310+03:00,A20000000000000000000000,,1,"-70,5","865,7",Speedwayr-15-32-c2,"2,8838838812250054",
2025-07-25T14:04:51.3115070+03:00,A60000000000000000000000,,1,"-63,5","865,7",Speedwayr-15-32-c2,"6,191146459906448",
2025-07-25T14:04:51.3131740+03:00,A70000000000000000000000,,1,"-62,5","865,7",Speedwayr-15-32-c2,"1,0615147052168636",
2025-07-25T14:04:51.3165990+03:00,A40000000000000000000000,,1,-66,"865,7",Speedwayr-15-32-c2,"3,1784081924990484",
2025-07-25T14:04:51.3179360+03:00,A30000000000000000000000,,1,"-62,5","865,7",Speedwayr-15-32-c2,"4,7860200582032",
2025-07-25T14:04:51.3331940+03:00,A20000000000000000000000,,1,"-70,5","865,7",Speedwayr-15-32-c2,"5,402680334933228",
2025-07-25T14:04:51.3363920+03:00,A80000000000000000000000,,1,-71,"865,7",Speedwayr-15-32-c2,"5,608233760509904",
2025-07-25T14:04:51.3436640+03:00,A30000000000000000000000,,1,-61,"865,7",Speedwayr-15-32-c2,"4,28287435977671",
2025-07-25T14:04:51.3455050+03:00,A70000000000000000000000,,1,-64,"865,7",Speedwayr-15-32-c2,"1,0062913968529805",
2025-07-25T14:04:51.3468750+03:00,A60000000000000000000000,,1,-63,"865,7",Speedwayr-15-32-c2,"5,66959299202533",
2025-07-25T14:04:51.3490780+03:00,A40000000000000000000000,,1,-65,"865,7",Speedwayr-15-32-c2,"3,08636934522591",
2025-07-25T14:04:51.3576230+03:00,A80000000000000000000000,,1,-69,"865,7",Speedwayr-15-32-c2,"5,577554144752192",
2025-07-25T14:04:51.3834420+03:00,A60000000000000000000000,,1,"-67,5","865,7",Speedwayr-15-32-c2,"5,436427912266712",
2025-07-25T14:04:51.3845270+03:00,A70000000000000000000000,,1,-64,"865,7",Speedwayr-15-32-c2,"0,9572040116406401",
2025-07-25T14:04:51.3856090+03:00,A30000000000000000000000,,1,"-61,5","865,7",Speedwayr-15-32-c2,"3,877903431774901",
2025-07-25T14:04:51.3869460+03:00,A40000000000000000000000,,1,"-64,5","865,7",Speedwayr-15-32-c2,"2,730485802436441",
2025-07-25T14:04:51.5285360+03:00,A70000000000000000000000,,1,"-64,5","865,7",Speedwayr-15-32-c2,"5,712544454086128",
2025-07-25T14:04:51.5313070+03:00,A30000000000000000000000,,1,-62,"865,7",Speedwayr-15-32-c2,"2,5954954931025047",
2025-07-25T14:04:51.5323910+03:00,A40000000000000000000000,,1,"-63,5","865,7",Speedwayr-15-32-c2,"1,6996507129772904",
2025-07-25T14:04:51.5354690+03:00,A60000000000000000000000,,1,-70,"865,7",Speedwayr-15-32-c2,"3,663146121470911",
2025-07-25T14:04:51.5478720+03:00,A40000000000000000000000,,1,"-63,5","865,7",Speedwayr-15-32-c2,"1,7732817907958012",
2025-07-25T14:04:51.5567780+03:00,A30000000000000000000000,,1,-62,"865,7",Speedwayr-15-32-c2,"2,509592568980909",
2025-07-25T14:04:51.5579020+03:00,A70000000000000000000000,,1,-64,"865,7",Speedwayr-15-32-c2,"5,448699758569798",
2025-07-25T14:04:51.5666590+03:00,A20000000000000000000000,,1,-73,"865,7",Speedwayr-15-32-c2,"1,8223691760081417",
2025-07-25T14:04:51.5885420+03:00,A80000000000000000000000,,1,"-71,5","865,7",Speedwayr-15-32-c2,"1,4787574795217582",
2025-07-25T14:04:51.5955860+03:00,A60000000000000000000000,,1,"-71,5","865,7",Speedwayr-15-32-c2,"0,6933593161243098",
2025-07-25T14:04:51.6005710+03:00,A30000000000000000000000,,1,"-61,5","865,7",Speedwayr-15-32-c2,"2,6813984172241008",
2025-07-25T14:04:51.6031310+03:00,A40000000000000000000000,,1,"-63,5","865,7",Speedwayr-15-32-c2,"1,6137477888556946",
2025-07-25T14:04:51.6054450+03:00,A70000000000000000000000,,1,-65,"865,7",Speedwayr-15-32-c2,"5,405748296509",
2025-07-25T14:04:51.6166650+03:00,A60000000000000000000000,,1,-70,"865,7",Speedwayr-15-32-c2,"3,485204350076177",
2025-07-25T14:04:51.6473720+03:00,A20000000000000000000000,,1,-73,"865,7",Speedwayr-15-32-c2,"4,991573483779876",
2025-07-25T14:04:51.6506440+03:00,A80000000000000000000000,,1,-71,"865,7",Speedwayr-15-32-c2,"1,3652429012182206",
2025-07-25T14:04:51.6580590+03:00,A70000000000000000000000,,1,-65,"865,7",Speedwayr-15-32-c2,"5,534602682691394",
2025-07-25T14:04:51.6616430+03:00,A40000000000000000000000,,1,-62,"865,7",Speedwayr-15-32-c2,"1,6873788666742053",
2025-07-25T14:04:51.6640320+03:00,A30000000000000000000000,,1,-61,"865,7",Speedwayr-15-32-c2,"2,736621725587984",
2025-07-25T14:04:51.6869850+03:00,A80000000000000000000000,,1,-72,"865,7",Speedwayr-15-32-c2,"1,5615924420675826",
2025-07-25T14:04:51.6887660+03:00,A60000000000000000000000,,1,"-70,5","865,7",Speedwayr-15-32-c2,"1,021631204731837",
2025-07-25T14:04:51.6926570+03:00,A20000000000000000000000,,1,-71,"865,7",Speedwayr-15-32-c2,"5,157243408871525",
2025-07-25T14:04:51.6976600+03:00,A70000000000000000000000,,1,-64,"865,7",Speedwayr-15-32-c2,"5,8659425328746915",
2025-07-25T14:04:51.6995040+03:00,A40000000000000000000000,,1,-63,"865,7",Speedwayr-15-32-c2,"1,6996507129772904",
2025-07-25T14:04:51.7035530+03:00,A30000000000000000000000,,1,-62,"865,7",Speedwayr-15-32-c2,"2,834796496012665",
2025-07-25T14:04:51.7081080+03:00,A60000000000000000000000,,1,-71,"865,7",Speedwayr-15-32-c2,"4,154019973594316",
2025-07-25T14:04:51.7166420+03:00,A20000000000000000000000,,1,"-70,5","865,7",Speedwayr-15-32-c2,"1,8223691760081417",
2025-07-25T14:04:51.7339500+03:00,A80000000000000000000000,,1,-71,"865,7",Speedwayr-15-32-c2,"1,8867963690993386",
2025-07-25T14:04:51.7429420+03:00,A60000000000000000000000,,1,-66,"865,7",Speedwayr-15-32-c2,"4,417864669110647",
2025-07-25T14:04:51.7440720+03:00,A70000000000000000000000,,1,"-64,5","865,7",Speedwayr-15-32-c2,"0,04295146206079795",
2025-07-25T14:04:51.7461660+03:00,A30000000000000000000000,,1,"-62,5","865,7",Speedwayr-15-32-c2,"3,06182565261974",
2025-07-25T14:04:51.7499750+03:00,A40000000000000000000000,,1,"-62,5","865,7",Speedwayr-15-32-c2,"1,8530487917658545",
2025-07-25T14:04:51.7652170+03:00,A80000000000000000000000,,1,-72,"865,7",Speedwayr-15-32-c2,"5,206330794083867",
2025-07-25T14:04:51.7674930+03:00,A20000000000000000000000,,1,"-70,5","865,7",Speedwayr-15-32-c2,"1,9880391010997909",
2025-07-25T14:04:51.7719130+03:00,A40000000000000000000000,,1,-63,"865,7",Speedwayr-15-32-c2,"2,2580197197676637",
2025-07-25T14:04:51.7743830+03:00,A60000000000000000000000,,1,"-67,5","865,7",Speedwayr-15-32-c2,"4,700117134081604",
2025-07-25T14:04:51.7767780+03:00,A30000000000000000000000,,1,"-62,5","865,7",Speedwayr-15-32-c2,"2,9943304979527716",
2025-07-25T14:04:51.7791250+03:00,A70000000000000000000000,,1,-63,"865,7",Speedwayr-15-32-c2,"0,12885438618239387",
2025-07-25T14:04:51.7930800+03:00,A20000000000000000000000,,1,"-68,5","865,7",Speedwayr-15-32-c2,"2,141437179888355",
2025-07-25T14:04:51.8069960+03:00,A40000000000000000000000,,1,"-63,5","865,7",Speedwayr-15-32-c2,"2,055534255766759",
2025-07-25T14:04:51.8097510+03:00,A30000000000000000000000,,1,-62,"865,7",Speedwayr-15-32-c2,"3,3318062712876126",
2025-07-25T14:04:51.8115040+03:00,A60000000000000000000000,,1,"-65,5","865,7",Speedwayr-15-32-c2,"5,246214294568893",
2025-07-25T14:04:51.8132850+03:00,A70000000000000000000000,,1,"-63,5","865,7",Speedwayr-15-32-c2,"0,39269908169872414",
2025-07-25T14:04:51.8238420+03:00,A20000000000000000000000,,1,-69,"865,7",Speedwayr-15-32-c2,"1,7548740213411735",
2025-07-25T14:04:51.8370250+03:00,A80000000000000000000000,,1,-71,"865,7",Speedwayr-15-32-c2,"5,522330836388308",
2025-07-25T14:04:51.8516360+03:00,A40000000000000000000000,,1,"-63,5","865,7",Speedwayr-15-32-c2,"2,098485717827557",
2025-07-25T14:04:51.8544260+03:00,A70000000000000000000000,,1,-63,"865,7",Speedwayr-15-32-c2,"0,6258641614573416",
2025-07-25T14:04:51.8554650+03:00,A30000000000000000000000,,1,-63,"865,7",Speedwayr-15-32-c2,"3,5833791205008576",
2025-07-25T14:04:51.8591910+03:00,A60000000000000000000000,,1,-63,"865,7",Speedwayr-15-32-c2,"5,6143696836614465",
2025-07-25T14:04:51.8639660+03:00,A20000000000000000000000,,1,-68,"865,7",Speedwayr-15-32-c2,"1,8162332528565992",
2025-07-25T14:04:51.8675440+03:00,A80000000000000000000000,,1,-70,"865,7",Speedwayr-15-32-c2,"6,000932842208628",
2025-07-25T14:04:51.8801950+03:00,A40000000000000000000000,,1,"-63,5","865,7",Speedwayr-15-32-c2,"2,2334760271614935",
2025-07-25T14:04:51.8829150+03:00,A20000000000000000000000,,1,"-66,5","865,7",Speedwayr-15-32-c2,"2,098485717827557",
2025-07-25T14:04:51.8852580+03:00,A70000000000000000000000,,1,"-63,5","865,7",Speedwayr-15-32-c2,"0,8467573949128739",
2025-07-25T14:04:51.8872830+03:00,A60000000000000000000000,,1,-64,"865,7",Speedwayr-15-32-c2,"5,829126993965437",
2025-07-25T14:04:51.8890300+03:00,A30000000000000000000000,,1,"-62,5","865,7",Speedwayr-15-32-c2,"3,7122335066832517",
2025-07-25T14:04:51.9044370+03:00,A80000000000000000000000,,1,-70,"865,7",Speedwayr-15-32-c2,"5,7616318392984684",
2025-07-25T14:04:51.9171420+03:00,A60000000000000000000000,,1,-63,"865,7",Speedwayr-15-32-c2,"6,19728238305799",
2025-07-25T14:04:51.9210230+03:00,A40000000000000000000000,,1,"-63,5","865,7",Speedwayr-15-32-c2,"2,454369260617026",
2025-07-25T14:04:51.9244750+03:00,A80000000000000000000000,,1,-71,"865,7",Speedwayr-15-32-c2,"5,9518454569962875",
2025-07-25T14:04:51.9258140+03:00,A70000000000000000000000,,1,"-63,5","865,7",Speedwayr-15-32-c2,"1,086058397823034",
2025-07-25T14:04:51.9270970+03:00,A20000000000000000000000,,1,-63,"865,7",Speedwayr-15-32-c2,"2,429825568010856",
2025-07-25T14:04:51.9409920+03:00,A20000000000000000000000,,1,"-66,5","865,7",Speedwayr-15-32-c2,"2,2764274892222915",
2025-07-25T14:04:51.9442570+03:00,A40000000000000000000000,,1,"-63,5","865,7",Speedwayr-15-32-c2,"2,5341362615870793",
2025-07-25T14:04:51.9476650+03:00,A30000000000000000000000,,1,"-63,5","865,7",Speedwayr-15-32-c2,"4,04357335686655",
2025-07-25T14:04:51.9496920+03:00,A70000000000000000000000,,1,-63,"865,7",Speedwayr-15-32-c2,"1,141281706186917",
2025-07-25T14:04:51.9514580+03:00,A60000000000000000000000,,1,"-60,5","865,7",Speedwayr-15-32-c2,"0,14112623248547898",
2025-07-25T14:04:51.9565200+03:00,A80000000000000000000000,,1,"-70,5","865,7",Speedwayr-15-32-c2,"5,994796919057086",
2025-07-25T14:04:51.9729710+03:00,A60000000000000000000000,,1,"-61,5","865,7",Speedwayr-15-32-c2,"0,4479223900626072",
2025-07-25T14:04:51.9749960+03:00,A40000000000000000000000,,1,"-64,5","865,7",Speedwayr-15-32-c2,"2,6261751088602177",
2025-07-25T14:04:51.9763500+03:00,A70000000000000000000000,,1,"-63,5","865,7",Speedwayr-15-32-c2,"1,282407938672396",
2025-07-25T14:04:51.9777200+03:00,A30000000000000000000000,,1,-64,"865,7",Speedwayr-15-32-c2,"4,196971435655114",
2025-07-25T14:04:51.9847090+03:00,A20000000000000000000000,,1,"-66,5","865,7",Speedwayr-15-32-c2,"2,650718801466388",
2025-07-25T14:04:51.9863250+03:00,A80000000000000000000000,,1,"-70,5","865,7",Speedwayr-15-32-c2,"6,17273869045182",
2025-07-25T14:04:51.9999030+03:00,A70000000000000000000000,,1,"-63,5","865,7",Speedwayr-15-32-c2,"1,1535535524900022",
2025-07-25T14:04:52.0030660+03:00,A20000000000000000000000,,1,"-67,5","865,7",Speedwayr-15-32-c2,"2,8838838812250054",
2025-07-25T14:04:52.0042910+03:00,A40000000000000000000000,,1,"-64,5","865,7",Speedwayr-15-32-c2,"2,6813984172241008",
2025-07-25T14:04:52.0076070+03:00,A80000000000000000000000,,1,-70,"865,7",Speedwayr-15-32-c2,"0,1227184630308513",
2025-07-25T14:04:52.0087040+03:00,A60000000000000000000000,,1,-61,"865,7",Speedwayr-15-32-c2,"0,4049709280018093",
2025-07-25T14:04:52.0098010+03:00,A30000000000000000000000,,1,"-63,5","865,7",Speedwayr-15-32-c2,"4,086524818927348",
2025-07-25T14:04:52.0254380+03:00,A70000000000000000000000,,1,"-63,5","865,7",Speedwayr-15-32-c2,"1,5033011721279284",
2025-07-25T14:04:52.0274260+03:00,A60000000000000000000000,,1,"-60,5","865,7",Speedwayr-15-32-c2,"0,6442719309119693",
2025-07-25T14:04:52.0285980+03:00,A30000000000000000000000,,1,-64,"865,7",Speedwayr-15-32-c2,"4,1417481272912315",
2025-07-25T14:04:52.0356460+03:00,A20000000000000000000000,,1,-67,"865,7",Speedwayr-15-32-c2,"2,9513790358919736",
2025-07-25T14:04:52.0369710+03:00,A40000000000000000000000,,1,-65,"865,7",Speedwayr-15-32-c2,"2,816388726558037",
2025-07-25T14:04:52.0545450+03:00,A60000000000000000000000,,1,"-60,5","865,7",Speedwayr-15-32-c2,"0,5276893910326605",
2025-07-25T14:04:52.0556270+03:00,A70000000000000000000000,,1,-62,"865,7",Speedwayr-15-32-c2,"1,4787574795217582",
2025-07-25T14:04:52.0569260+03:00,A30000000000000000000000,,1,"-64,5","865,7",Speedwayr-15-32-c2,"4,031301510563465",
2025-07-25T14:04:52.0591660+03:00,A40000000000000000000000,,1,"-64,5","865,7",Speedwayr-15-32-c2,"2,5893595699509624",
2025-07-25T14:04:52.0621760+03:00,A20000000000000000000000,,1,-63,"865,7",Speedwayr-15-32-c2,"3,104777114680538",
2025-07-25T14:04:52.0644840+03:00,A80000000000000000000000,,1,"-69,5","865,7",Speedwayr-15-32-c2,"6,0991076126333095",
2025-07-25T14:04:52.0805140+03:00,A30000000000000000000000,,1,-64,"865,7",Speedwayr-15-32-c2,"4,331961744989051",
2025-07-25T14:04:52.0818380+03:00,A60000000000000000000000,,1,"-61,5","865,7",Speedwayr-15-32-c2,"0,8528933180644165",
2025-07-25T14:04:52.0842270+03:00,A20000000000000000000000,,1,"-66,5","865,7",Speedwayr-15-32-c2,"3,031146036862027",
2025-07-25T14:04:52.0861900+03:00,A40000000000000000000000,,1,"-65,5","865,7",Speedwayr-15-32-c2,"2,8286605728611223",
2025-07-25T14:04:52.0875460+03:00,A70000000000000000000000,,1,"-63,5","865,7",Speedwayr-15-32-c2,"1,5278448647340985",
2025-07-25T14:04:52.0971840+03:00,A80000000000000000000000,,1,"-70,5","865,7",Speedwayr-15-32-c2,"6,191146459906448",
2025-07-25T14:04:52.1100210+03:00,A70000000000000000000000,,1,-63,"865,7",Speedwayr-15-32-c2,"1,2640001692177683",
2025-07-25T14:04:52.1111070+03:00,A30000000000000000000000,,1,"-64,5","865,7",Speedwayr-15-32-c2,"4,743068596142402",
2025-07-25T14:04:52.1139700+03:00,A60000000000000000000000,,1,"-60,5","865,7",Speedwayr-15-32-c2,"0,859029241215959",
2025-07-25T14:04:52.1221040+03:00,A40000000000000000000000,,1,-64,"865,7",Speedwayr-15-32-c2,"2,767301341345697",
2025-07-25T14:04:52.1267680+03:00,A80000000000000000000000,,1,"-67,5","865,7",Speedwayr-15-32-c2,"0,07363107781851078",
2025-07-25T14:04:52.1286770+03:00,A20000000000000000000000,,1,"-66,5","865,7",Speedwayr-15-32-c2,"2,988194574801229",
2025-07-25T14:04:52.1444880+03:00,A80000000000000000000000,,1,-67,"865,7",Speedwayr-15-32-c2,"6,252505691421874",
2025-07-25T14:04:52.1459390+03:00,A20000000000000000000000,,1,-67,"865,7",Speedwayr-15-32-c2,"3,0802334220743677",
2025-07-25T14:04:52.1470360+03:00,A40000000000000000000000,,1,"-65,5","865,7",Speedwayr-15-32-c2,"2,8532042654672924",
2025-07-25T14:04:52.1483770+03:00,A70000000000000000000000,,1,"-63,5","865,7",Speedwayr-15-32-c2,"1,423534171157875",
2025-07-25T14:04:52.1493900+03:00,A30000000000000000000000,,1,-65,"865,7",Speedwayr-15-32-c2,"4,571262747899211",
2025-07-25T14:04:52.1505450+03:00,A60000000000000000000000,,1,"-60,5","865,7",Speedwayr-15-32-c2,"0,7915340865489908",
2025-07-25T14:04:52.1651020+03:00,A60000000000000000000000,,1,-60,"865,7",Speedwayr-15-32-c2,"0,7731263170943632",
2025-07-25T14:04:52.1672700+03:00,A40000000000000000000000,,1,"-64,5","865,7",Speedwayr-15-32-c2,"2,8654761117703775",
2025-07-25T14:04:52.1699820+03:00,A70000000000000000000000,,1,-64,"865,7",Speedwayr-15-32-c2,"0,8897088569736719",
2025-07-25T14:04:52.1714560+03:00,A30000000000000000000000,,1,-65,"865,7",Speedwayr-15-32-c2,"4,3933209765044765",
2025-07-25T14:04:52.1763520+03:00,A80000000000000000000000,,1,-70,"865,7",Speedwayr-15-32-c2,"0,018407769454627694",
2025-07-25T14:04:52.1780660+03:00,A20000000000000000000000,,1,"-64,5","865,7",Speedwayr-15-32-c2,"2,9820586516496865",
2025-07-25T14:04:52.1935940+03:00,A30000000000000000000000,,1,-65,"865,7",Speedwayr-15-32-c2,"4,301282129231338",
2025-07-25T14:04:52.1963430+03:00,A40000000000000000000000,,1,-65,"865,7",Speedwayr-15-32-c2,"2,8716120349219203",
2025-07-25T14:04:52.1974410+03:00,A20000000000000000000000,,1,-67,"865,7",Speedwayr-15-32-c2,"2,9022916506796332",
2025-07-25T14:04:52.1984810+03:00,A70000000000000000000000,,1,"-62,5","865,7",Speedwayr-15-32-c2,"1,4480778637640452",
2025-07-25T14:04:52.1995220+03:00,A60000000000000000000000,,1,"-59,5","865,7",Speedwayr-15-32-c2,"0,6994952392758523",
2025-07-25T14:04:52.2056760+03:00,A80000000000000000000000,,1,-70,"865,7",Speedwayr-15-32-c2,"6,12365130523948",
2025-07-25T14:04:52.2177920+03:00,A60000000000000000000000,,1,"-61,5","865,7",Speedwayr-15-32-c2,"0,6872233929727672",
2025-07-25T14:04:52.2193750+03:00,A30000000000000000000000,,1,-64,"865,7",Speedwayr-15-32-c2,"4,344233591292136",
2025-07-25T14:04:52.2218120+03:00,A70000000000000000000000,,1,"-62,5","865,7",Speedwayr-15-32-c2,"1,41126232485479",
2025-07-25T14:04:52.2246270+03:00,A20000000000000000000000,,1,-67,"865,7",Speedwayr-15-32-c2,"3,074097498922825",
2025-07-25T14:04:52.2257230+03:00,A40000000000000000000000,,1,"-65,5","865,7",Speedwayr-15-32-c2,"2,890019804376548",
2025-07-25T14:04:52.2363290+03:00,A80000000000000000000000,,1,"-67,5","865,7",Speedwayr-15-32-c2,"5,822991070813893",
2025-07-25T14:04:52.2496530+03:00,A30000000000000000000000,,1,-64,"865,7",Speedwayr-15-32-c2,"4,252194744018997",
2025-07-25T14:04:52.2517230+03:00,A70000000000000000000000,,1,"-62,5","865,7",Speedwayr-15-32-c2,"1,3314953238847365",
2025-07-25T14:04:52.2527870+03:00,A40000000000000000000000,,1,"-65,5","865,7",Speedwayr-15-32-c2,"2,988194574801229",
2025-07-25T14:04:52.2546580+03:00,A60000000000000000000000,,1,"-61,5","865,7",Speedwayr-15-32-c2,"0,37429131224409645",
2025-07-25T14:04:52.2573660+03:00,A20000000000000000000000,,1,"-66,5","865,7",Speedwayr-15-32-c2,"2,60776733940559",
2025-07-25T14:04:52.2666150+03:00,A80000000000000000000000,,1,-70,"865,7",Speedwayr-15-32-c2,"6,191146459906448",
2025-07-25T14:04:52.2791100+03:00,A30000000000000000000000,,1,"-63,5","865,7",Speedwayr-15-32-c2,"4,276738436625168",
2025-07-25T14:04:52.2826790+03:00,A40000000000000000000000,,1,"-64,5","865,7",Speedwayr-15-32-c2,"3,141592653589793",
2025-07-25T14:04:52.2881050+03:00,A60000000000000000000000,,1,-63,"865,7",Speedwayr-15-32-c2,"0,18407769454627693",
2025-07-25T14:04:52.2900720+03:00,A70000000000000000000000,,1,-63,"865,7",Speedwayr-15-32-c2,"1,1658253987930873",
2025-07-25T14:04:52.3051160+03:00,A80000000000000000000000,,1,"-71,5","865,7",Speedwayr-15-32-c2,"5,887418263905091",
2025-07-25T14:04:52.3071140+03:00,A20000000000000000000000,,1,-67,"865,7",Speedwayr-15-32-c2,"2,6445828783148455",
2025-07-25T14:04:52.3161120+03:00,A30000000000000000000000,,1,-63,"865,7",Speedwayr-15-32-c2,"4,3503695144436785",
2025-07-25T14:04:52.3175800+03:00,A60000000000000000000000,,1,-63,"865,7",Speedwayr-15-32-c2,"0,01227184630308513",
2025-07-25T14:04:52.3193170+03:00,A20000000000000000000000,,1,-66,"865,7",Speedwayr-15-32-c2,"2,497320722677824",
2025-07-25T14:04:52.3206280+03:00,A70000000000000000000000,,1,"-62,5","865,7",Speedwayr-15-32-c2,"1,0492428589137786",
2025-07-25T14:04:52.3236890+03:00,A40000000000000000000000,,1,-65,"865,7",Speedwayr-15-32-c2,"2,8409324191642074",
2025-07-25T14:04:52.3268850+03:00,A80000000000000000000000,,1,"-70,5","865,7",Speedwayr-15-32-c2,"5,982525072754001",
2025-07-25T14:04:52.3405830+03:00,A20000000000000000000000,,1,"-65,5","865,7",Speedwayr-15-32-c2,"2,067806102069844",
2025-07-25T14:04:52.3430560+03:00,A30000000000000000000000,,1,-63,"865,7",Speedwayr-15-32-c2,"4,356505437595221",
2025-07-25T14:04:52.3441530+03:00,A40000000000000000000000,,1,-65,"865,7",Speedwayr-15-32-c2,"2,890019804376548",
2025-07-25T14:04:52.3465960+03:00,A70000000000000000000000,,1,-63,"865,7",Speedwayr-15-32-c2,"0,9142525495798421",
2025-07-25T14:04:52.3496590+03:00,A60000000000000000000000,,1,-63,"865,7",Speedwayr-15-32-c2,"5,8045833013592665",
2025-07-25T14:04:52.3570470+03:00,A80000000000000000000000,,1,"-69,5","865,7",Speedwayr-15-32-c2,"5,148039524144211",
2025-07-25T14:04:52.3729460+03:00,A30000000000000000000000,,1,-63,"865,7",Speedwayr-15-32-c2,"4,227651051412827",
2025-07-25T14:04:52.3746320+03:00,A20000000000000000000000,,1,-67,"865,7",Speedwayr-15-32-c2,"2,172116795646068",
2025-07-25T14:04:52.3771320+03:00,A70000000000000000000000,,1,"-63,5","865,7",Speedwayr-15-32-c2,"0,803805932852076",
2025-07-25T14:04:52.3782300+03:00,A60000000000000000000000,,1,"-64,5","865,7",Speedwayr-15-32-c2,"5,6573211457222445",
2025-07-25T14:04:52.3839670+03:00,A80000000000000000000000,,1,"-69,5","865,7",Speedwayr-15-32-c2,"5,460971604872882",
2025-07-25T14:04:52.3980850+03:00,A40000000000000000000000,,1,"-64,5","865,7",Speedwayr-15-32-c2,"2,773437264497239",
2025-07-25T14:04:52.4032010+03:00,A30000000000000000000000,,1,"-62,5","865,7",Speedwayr-15-32-c2,"4,301282129231338",
2025-07-25T14:04:52.4048250+03:00,A70000000000000000000000,,1,-64,"865,7",Speedwayr-15-32-c2,"0,6013204688511713",
2025-07-25T14:04:52.4061920+03:00,A60000000000000000000000,,1,"-65,5","865,7",Speedwayr-15-32-c2,"5,4671075280244255",
2025-07-25T14:04:52.4088000+03:00,A20000000000000000000000,,1,-65,"865,7",Speedwayr-15-32-c2,"2,184388641949153",
2025-07-25T14:04:52.4272930+03:00,A80000000000000000000000,,1,-72,"865,7",Speedwayr-15-32-c2,"5,3627968344482015",
2025-07-25T14:04:52.4325790+03:00,A20000000000000000000000,,1,-67,"865,7",Speedwayr-15-32-c2,"2,1230294104337273",
2025-07-25T14:04:52.4339350+03:00,A70000000000000000000000,,1,-64,"865,7",Speedwayr-15-32-c2,"0,5645049299419159",
2025-07-25T14:04:52.4359800+03:00,A30000000000000000000000,,1,-62,"865,7",Speedwayr-15-32-c2,"4,246058820867455",
2025-07-25T14:04:52.4378440+03:00,A60000000000000000000000,,1,"-65,5","865,7",Speedwayr-15-32-c2,"5,368932757599744",
2025-07-25T14:04:52.4433000+03:00,A40000000000000000000000,,1,"-64,5","865,7",Speedwayr-15-32-c2,"2,773437264497239",
2025-07-25T14:04:52.4551760+03:00,A80000000000000000000000,,1,"-69,5","865,7",Speedwayr-15-32-c2,"5,602097837358362",
2025-07-25T14:04:52.4683380+03:00,A70000000000000000000000,,1,-62,"865,7",Speedwayr-15-32-c2,"0,3436116964863836",
2025-07-25T14:04:52.4711960+03:00,A40000000000000000000000,,1,"-62,5","865,7",Speedwayr-15-32-c2,"2,742757648739526",
2025-07-25T14:04:52.4723080+03:00,A30000000000000000000000,,1,-62,"865,7",Speedwayr-15-32-c2,"4,2031073588066565",
2025-07-25T14:04:52.4777270+03:00,A60000000000000000000000,,1,-66,"865,7",Speedwayr-15-32-c2,"4,957825906446392",
2025-07-25T14:04:52.4788790+03:00,A20000000000000000000000,,1,"-66,5","865,7",Speedwayr-15-32-c2,"2,000310947402876",
2025-07-25T14:04:52.4882100+03:00,A80000000000000000000000,,1,"-71,5","865,7",Speedwayr-15-32-c2,"5,240078371417351",
2025-07-25T14:04:52.4961700+03:00,A40000000000000000000000,,1,-64,"865,7",Speedwayr-15-32-c2,"2,779573187648782",
2025-07-25T14:04:52.4972980+03:00,A60000000000000000000000,,1,-67,"865,7",Speedwayr-15-32-c2,"4,755340442445488",
2025-07-25T14:04:52.4996050+03:00,A30000000000000000000000,,1,-61,"865,7",Speedwayr-15-32-c2,"4,09266074207889",
2025-07-25T14:04:52.5037000+03:00,A20000000000000000000000,,1,"-67,5","865,7",Speedwayr-15-32-c2,"1,9941750242513334",
2025-07-25T14:04:52.5050100+03:00,A70000000000000000000000,,1,"-64,5","865,7",Speedwayr-15-32-c2,"0,1043106935762236",
2025-07-25T14:04:52.5069740+03:00,A80000000000000000000000,,1,"-67,5","865,7",Speedwayr-15-32-c2,"5,197126909356553",
2025-07-25T14:04:52.5217360+03:00,A30000000000000000000000,,1,"-62,5","865,7",Speedwayr-15-32-c2,"4,111068511533518",
2025-07-25T14:04:52.5245530+03:00,A40000000000000000000000,,1,-64,"865,7",Speedwayr-15-32-c2,"2,9329712664373457",
2025-07-25T14:04:52.5297530+03:00,A70000000000000000000000,,1,"-63,5","865,7",Speedwayr-15-32-c2,"0,14112623248547898",
2025-07-25T14:04:52.5314710+03:00,A60000000000000000000000,,1,-67,"865,7",Speedwayr-15-32-c2,"4,601942363656923",
2025-07-25T14:04:52.5349660+03:00,A20000000000000000000000,,1,-67,"865,7",Speedwayr-15-32-c2,"2,0064468705544187",
2025-07-25T14:04:52.5490180+03:00,A20000000000000000000000,,1,-68,"865,7",Speedwayr-15-32-c2,"1,9634954084936207",
2025-07-25T14:04:52.5511540+03:00,A40000000000000000000000,,1,-63,"865,7",Speedwayr-15-32-c2,"2,718213956133356",
2025-07-25T14:04:52.5526470+03:00,A30000000000000000000000,,1,-62,"865,7",Speedwayr-15-32-c2,"4,154019973594316",
2025-07-25T14:04:52.5546970+03:00,A60000000000000000000000,,1,-68,"865,7",Speedwayr-15-32-c2,"4,651029748869264",
2025-07-25T14:04:52.5557520+03:00,A70000000000000000000000,,1,"-64,5","865,7",Speedwayr-15-32-c2,"6,22182607566416",
2025-07-25T14:04:52.5704030+03:00,A80000000000000000000000,,1,"-70,5","865,7",Speedwayr-15-32-c2,"1,6566992509164924",
2025-07-25T14:04:52.5784240+03:00,A30000000000000000000000,,1,"-62,5","865,7",Speedwayr-15-32-c2,"4,1601558967458585",
2025-07-25T14:04:52.5839320+03:00,A40000000000000000000000,,1,"-64,5","865,7",Speedwayr-15-32-c2,"2,730485802436441",
2025-07-25T14:04:52.5853810+03:00,A70000000000000000000000,,1,-64,"865,7",Speedwayr-15-32-c2,"6,0991076126333095",
2025-07-25T14:04:52.5881090+03:00,A20000000000000000000000,,1,-69,"865,7",Speedwayr-15-32-c2,"2,6200391857086753",
2025-07-25T14:04:52.5976070+03:00,A80000000000000000000000,,1,"-72,5","865,7",Speedwayr-15-32-c2,"1,5922720578252956",
2025-07-25T14:04:52.6053150+03:00,A30000000000000000000000,,1,-63,"865,7",Speedwayr-15-32-c2,"4,104932588381976",
2025-07-25T14:04:52.6070140+03:00,A60000000000000000000000,,1,-68,"865,7",Speedwayr-15-32-c2,"4,473087977474529",
2025-07-25T14:04:52.6098040+03:00,A40000000000000000000000,,1,"-63,5","865,7",Speedwayr-15-32-c2,"2,724349879284899",
2025-07-25T14:04:52.6111520+03:00,A70000000000000000000000,,1,-64,"865,7",Speedwayr-15-32-c2,"6,007068765360171",
2025-07-25T14:04:52.6155330+03:00,A20000000000000000000000,,1,"-68,5","865,7",Speedwayr-15-32-c2,"2,1230294104337273",
2025-07-25T14:04:52.6316500+03:00,A80000000000000000000000,,1,"-71,5","865,7",Speedwayr-15-32-c2,"1,4511458253398166",
2025-07-25T14:04:52.6357680+03:00,A60000000000000000000000,,1,"-68,5","865,7",Speedwayr-15-32-c2,"4,3503695144436785",
2025-07-25T14:04:52.6375120+03:00,A70000000000000000000000,,1,"-64,5","865,7",Speedwayr-15-32-c2,"5,8475347634200645",
2025-07-25T14:04:52.6398080+03:00,A20000000000000000000000,,1,-67,"865,7",Speedwayr-15-32-c2,"2,454369260617026",
2025-07-25T14:04:52.6447310+03:00,A30000000000000000000000,,1,"-62,5","865,7",Speedwayr-15-32-c2,"4,184699589352029",
2025-07-25T14:04:52.6475430+03:00,A40000000000000000000000,,1,"-64,5","865,7",Speedwayr-15-32-c2,"2,748893571891069",
2025-07-25T14:04:52.6617920+03:00,A80000000000000000000000,,1,-71,"865,7",Speedwayr-15-32-c2,"1,4634176716429017",
2025-07-25T14:04:52.6655180+03:00,A70000000000000000000000,,1,"-64,5","865,7",Speedwayr-15-32-c2,"5,902758071783947",
2025-07-25T14:04:52.6678420+03:00,A60000000000000000000000,,1,-68,"865,7",Speedwayr-15-32-c2,"4,509903516383785",
2025-07-25T14:04:52.6750460+03:00,A30000000000000000000000,,1,"-62,5","865,7",Speedwayr-15-32-c2,"4,1601558967458585",
2025-07-25T14:04:52.6762450+03:00,A40000000000000000000000,,1,"-64,5","865,7",Speedwayr-15-32-c2,"2,736621725587984",
2025-07-25T14:04:52.6828810+03:00,A20000000000000000000000,,1,"-68,5","865,7",Speedwayr-15-32-c2,"2,1905245651006955",
2025-07-25T14:04:52.6878700+03:00,A80000000000000000000000,,1,-72,"865,7",Speedwayr-15-32-c2,"1,4081943632790186",
2025-07-25T14:04:52.6968160+03:00,A40000000000000000000000,,1,"-62,5","865,7",Speedwayr-15-32-c2,"2,7857091108003242",
2025-07-25T14:04:52.7014960+03:00,A70000000000000000000000,,1,"-64,5","865,7",Speedwayr-15-32-c2,"5,9088939949354895",
2025-07-25T14:04:52.7030820+03:00,A20000000000000000000000,,1,"-68,5","865,7",Speedwayr-15-32-c2,"2,2764274892222915",
2025-07-25T14:04:52.7066960+03:00,A30000000000000000000000,,1,-62,"865,7",Speedwayr-15-32-c2,"4,215379205109742",
2025-07-25T14:04:52.7081370+03:00,A60000000000000000000000,,1,"-68,5","865,7",Speedwayr-15-32-c2,"4,28287435977671",
2025-07-25T14:04:52.7161890+03:00,A80000000000000000000000,,1,"-72,5","865,7",Speedwayr-15-32-c2,"1,4787574795217582",
2025-07-25T14:04:52.7261650+03:00,A40000000000000000000000,,1,"-64,5","865,7",Speedwayr-15-32-c2,"2,742757648739526",
2025-07-25T14:04:52.7286880+03:00,A30000000000000000000000,,1,"-62,5","865,7",Speedwayr-15-32-c2,"4,405592822807561",
2025-07-25T14:04:52.7298280+03:00,A70000000000000000000000,,1,"-62,5","865,7",Speedwayr-15-32-c2,"6,14819499784565",
2025-07-25T14:04:52.7309690+03:00,A60000000000000000000000,,1,"-66,5","865,7",Speedwayr-15-32-c2,"4,460816131171445",
2025-07-25T14:04:52.7324360+03:00,A20000000000000000000000,,1,"-67,5","865,7",Speedwayr-15-32-c2,"2,0371264863121317",
2025-07-25T14:04:52.7479340+03:00,A80000000000000000000000,,1,"-71,5","865,7",Speedwayr-15-32-c2,"1,4818254410975293",
2025-07-25T14:04:52.7547050+03:00,A70000000000000000000000,,1,"-64,5","865,7",Speedwayr-15-32-c2,"6,031612457966341",
2025-07-25T14:04:52.7576630+03:00,A60000000000000000000000,,1,"-65,5","865,7",Speedwayr-15-32-c2,"4,442408361716817",
2025-07-25T14:04:52.7587030+03:00,A30000000000000000000000,,1,-63,"865,7",Speedwayr-15-32-c2,"4,4362724385652745",
2025-07-25T14:04:52.7605490+03:00,A20000000000000000000000,,1,-65,"865,7",Speedwayr-15-32-c2,"2,172116795646068",
2025-07-25T14:04:52.7625740+03:00,A40000000000000000000000,,1,"-62,5","865,7",Speedwayr-15-32-c2,"2,8838838812250054",
2025-07-25T14:04:52.7820200+03:00,A80000000000000000000000,,1,-70,"865,7",Speedwayr-15-32-c2,"1,193437052975029",
2025-07-25T14:04:52.7910360+03:00,A30000000000000000000000,,1,"-62,5","865,7",Speedwayr-15-32-c2,"4,172427743048944",
2025-07-25T14:04:52.7925750+03:00,A70000000000000000000000,,1,"-64,5","865,7",Speedwayr-15-32-c2,"6,037748381117884",
2025-07-25T14:04:52.7936950+03:00,A40000000000000000000000,,1,"-63,5","865,7",Speedwayr-15-32-c2,"2,9513790358919736",
2025-07-25T14:04:52.7952750+03:00,A20000000000000000000000,,1,-65,"865,7",Speedwayr-15-32-c2,"2,356194490192345",
2025-07-25T14:04:52.7966260+03:00,A60000000000000000000000,,1,"-65,5","865,7",Speedwayr-15-32-c2,"4,601942363656923",
2025-07-25T14:04:52.8271620+03:00,A30000000000000000000000,,1,"-63,5","865,7",Speedwayr-15-32-c2,"4,381049130201391",
2025-07-25T14:04:52.8314400+03:00,A40000000000000000000000,,1,-65,"865,7",Speedwayr-15-32-c2,"3,0127382674073995",
2025-07-25T14:04:52.8334230+03:00,A60000000000000000000000,,1,"-65,5","865,7",Speedwayr-15-32-c2,"4,749204519293945",
2025-07-25T14:04:52.8348810+03:00,A70000000000000000000000,,1,"-64,5","865,7",Speedwayr-15-32-c2,"5,921165841238575",
2025-07-25T14:04:52.8368210+03:00,A20000000000000000000000,,1,-68,"865,7",Speedwayr-15-32-c2,"2,2150682577068657",
2025-07-25T14:04:52.8608720+03:00,A70000000000000000000000,,1,-62,"865,7",Speedwayr-15-32-c2,"6,264777537724958",
2025-07-25T14:04:52.8628500+03:00,A80000000000000000000000,,1,-70,"865,7",Speedwayr-15-32-c2,"4,473087977474529",
2025-07-25T14:04:52.8642730+03:00,A20000000000000000000000,,1,-67,"865,7",Speedwayr-15-32-c2,"2,356194490192345",
2025-07-25T14:04:52.8658450+03:00,A40000000000000000000000,,1,"-65,5","865,7",Speedwayr-15-32-c2,"2,890019804376548",
2025-07-25T14:04:52.8670120+03:00,A30000000000000000000000,,1,-63,"865,7",Speedwayr-15-32-c2,"4,448544284868359",
2025-07-25T14:04:52.8681660+03:00,A60000000000000000000000,,1,"-65,5","865,7",Speedwayr-15-32-c2,"4,73693267299086",
2025-07-25T14:04:52.8815710+03:00,A30000000000000000000000,,1,"-63,5","865,7",Speedwayr-15-32-c2,"4,381049130201391",
2025-07-25T14:04:52.8826860+03:00,A60000000000000000000000,,1,"-65,5","865,7",Speedwayr-15-32-c2,"4,9394181369917645",
2025-07-25T14:04:52.8837010+03:00,A70000000000000000000000,,1,"-64,5","865,7",Speedwayr-15-32-c2,"6,14819499784565",
2025-07-25T14:04:52.8875190+03:00,A20000000000000000000000,,1,"-66,5","865,7",Speedwayr-15-32-c2,"2,4605051837685683",
2025-07-25T14:04:52.8947810+03:00,A40000000000000000000000,,1,"-64,5","865,7",Speedwayr-15-32-c2,"3,0127382674073995",
2025-07-25T14:04:52.9026370+03:00,A80000000000000000000000,,1,"-70,5","865,7",Speedwayr-15-32-c2,"1,6996507129772904",
2025-07-25T14:04:52.9130690+03:00,A60000000000000000000000,,1,-64,"865,7",Speedwayr-15-32-c2,"4,669437518323892",
2025-07-25T14:04:52.9147630+03:00,A70000000000000000000000,,1,-63,"865,7",Speedwayr-15-32-c2,"0,06135923151542565",
2025-07-25T14:04:52.9158290+03:00,A40000000000000000000000,,1,"-65,5","865,7",Speedwayr-15-32-c2,"3,2397674240144743",
2025-07-25T14:04:52.9196590+03:00,A30000000000000000000000,,1,"-62,5","865,7",Speedwayr-15-32-c2,"4,430136515413731",
2025-07-25T14:04:52.9238840+03:00,A20000000000000000000000,,1,-66,"865,7",Speedwayr-15-32-c2,"2,2764274892222915",
2025-07-25T14:04:52.9254840+03:00,A80000000000000000000000,,1,-70,"865,7",Speedwayr-15-32-c2,"4,638757902566179",
2025-07-25T14:04:52.9425940+03:00,A30000000000000000000000,,1,-63,"865,7",Speedwayr-15-32-c2,"4,442408361716817",
2025-07-25T14:04:52.9444990+03:00,A70000000000000000000000,,1,-64,"865,7",Speedwayr-15-32-c2,"6,240233845118788",
2025-07-25T14:04:52.9456640+03:00,A40000000000000000000000,,1,-65,"865,7",Speedwayr-15-32-c2,"3,0802334220743677",
2025-07-25T14:04:52.9477090+03:00,A60000000000000000000000,,1,-64,"865,7",Speedwayr-15-32-c2,"5,098952138931871",
2025-07-25T14:04:52.9526310+03:00,A20000000000000000000000,,1,"-66,5","865,7",Speedwayr-15-32-c2,"2,3009711818284617",
2025-07-25T14:04:52.9554230+03:00,A80000000000000000000000,,1,"-70,5","865,7",Speedwayr-15-32-c2,"4,620350133111551",
2025-07-25T14:04:52.9696450+03:00,A70000000000000000000000,,1,-64,"865,7",Speedwayr-15-32-c2,"0,03681553890925539",
2025-07-25T14:04:52.9709970+03:00,A30000000000000000000000,,1,"-64,5","865,7",Speedwayr-15-32-c2,"4,424000592262189",
2025-07-25T14:04:52.9725920+03:00,A60000000000000000000000,,1,"-63,5","865,7",Speedwayr-15-32-c2,"5,031456984264903",
2025-07-25T14:04:52.9766790+03:00,A20000000000000000000000,,1,-66,"865,7",Speedwayr-15-32-c2,"2,5280003384355365",
2025-07-25T14:04:52.9786370+03:00,A40000000000000000000000,,1,"-64,5","865,7",Speedwayr-15-32-c2,"3,043417883165112",
2025-07-25T14:04:53.0003820+03:00,A30000000000000000000000,,1,-64,"865,7",Speedwayr-15-32-c2,"4,871922982324796",
2025-07-25T14:04:53.0027730+03:00,A40000000000000000000000,,1,-65,"865,7",Speedwayr-15-32-c2,"2,8777479580734626",
2025-07-25T14:04:53.0049670+03:00,A60000000000000000000000,,1,-63,"865,7",Speedwayr-15-32-c2,"5,313709449235861",
2025-07-25T14:04:53.0087140+03:00,A70000000000000000000000,,1,"-63,5","865,7",Speedwayr-15-32-c2,"0,14726215563702155",
2025-07-25T14:04:53.0154270+03:00,A80000000000000000000000,,1,"-70,5","865,7",Speedwayr-15-32-c2,"4,638757902566179",
2025-07-25T14:04:53.0167830+03:00,A20000000000000000000000,,1,"-65,5","865,7",Speedwayr-15-32-c2,"2,5586799541932495",
2025-07-25T14:04:53.0305160+03:00,A60000000000000000000000,,1,"-63,5","865,7",Speedwayr-15-32-c2,"5,129631754689584",
2025-07-25T14:04:53.0324110+03:00,A70000000000000000000000,,1,-63,"865,7",Speedwayr-15-32-c2,"0,14726215563702155",
2025-07-25T14:04:53.0348450+03:00,A20000000000000000000000,,1,"-65,5","865,7",Speedwayr-15-32-c2,"2,6323110320117604",
2025-07-25T14:04:53.0359440+03:00,A30000000000000000000000,,1,"-63,5","865,7",Speedwayr-15-32-c2,"4,362641360746763",
2025-07-25T14:04:53.0372530+03:00,A40000000000000000000000,,1,-65,"865,7",Speedwayr-15-32-c2,"3,055689729468197",
2025-07-25T14:04:53.0511650+03:00,A80000000000000000000000,,1,-70,"865,7",Speedwayr-15-32-c2,"1,5677283652191252",
2025-07-25T14:04:53.0612190+03:00,A30000000000000000000000,,1,-65,"865,7",Speedwayr-15-32-c2,"4,6448938257177215",
2025-07-25T14:04:53.0627580+03:00,A60000000000000000000000,,1,"-62,5","865,7",Speedwayr-15-32-c2,"5,387340527054372",
2025-07-25T14:04:53.0654060+03:00,A40000000000000000000000,,1,"-64,5","865,7",Speedwayr-15-32-c2,"3,153864499892878",
2025-07-25T14:04:53.0665210+03:00,A20000000000000000000000,,1,"-65,5","865,7",Speedwayr-15-32-c2,"2,4727770300716534",
2025-07-25T14:04:53.0684110+03:00,A70000000000000000000000,,1,-63,"865,7",Speedwayr-15-32-c2,"0,2638446955163303",
2025-07-25T14:04:53.0767050+03:00,A80000000000000000000000,,1,-69,"865,7",Speedwayr-15-32-c2,"4,884194828627882",
2025-07-25T14:04:53.0912990+03:00,A40000000000000000000000,,1,-63,"865,7",Speedwayr-15-32-c2,"3,0802334220743677",
2025-07-25T14:04:53.0923830+03:00,A30000000000000000000000,,1,-63,"865,7",Speedwayr-15-32-c2,"4,540583132141498",
2025-07-25T14:04:53.0937090+03:00,A70000000000000000000000,,1,-63,"865,7",Speedwayr-15-32-c2,"0,17794177139473438",
2025-07-25T14:04:53.0963720+03:00,A20000000000000000000000,,1,"-65,5","865,7",Speedwayr-15-32-c2,"2,662990647769473",
2025-07-25T14:04:53.0988470+03:00,A60000000000000000000000,,1,-64,"865,7",Speedwayr-15-32-c2,"5,5284667595398505",
2025-07-25T14:04:53.1054810+03:00,A80000000000000000000000,,1,-71,"865,7",Speedwayr-15-32-c2,"1,6413594430376361",
2025-07-25T14:04:53.1163560+03:00,A20000000000000000000000,,1,-66,"865,7",Speedwayr-15-32-c2,"2,552544031041707",
2025-07-25T14:04:53.1174530+03:00,A70000000000000000000000,,1,"-63,5","865,7",Speedwayr-15-32-c2,"0,20248546400090464",
2025-07-25T14:04:53.1195990+03:00,A60000000000000000000000,,1,"-63,5","865,7",Speedwayr-15-32-c2,"5,460971604872882",
2025-07-25T14:04:53.1206680+03:00,A40000000000000000000000,,1,-65,"865,7",Speedwayr-15-32-c2,"3,0372819600135696",
2025-07-25T14:04:53.1221880+03:00,A30000000000000000000000,,1,-62,"865,7",Speedwayr-15-32-c2,"4,589670517353839",
2025-07-25T14:04:53.1278940+03:00,A80000000000000000000000,,1,"-68,5","865,7",Speedwayr-15-32-c2,"4,534447208989955",
2025-07-25T14:04:53.1438010+03:00,A30000000000000000000000,,1,-64,"865,7",Speedwayr-15-32-c2,"4,509903516383785",
2025-07-25T14:04:53.1448860+03:00,A20000000000000000000000,,1,"-65,5","865,7",Speedwayr-15-32-c2,"2,5034566458293663",
2025-07-25T14:04:53.1465250+03:00,A60000000000000000000000,,1,"-64,5","865,7",Speedwayr-15-32-c2,"5,534602682691394",
2025-07-25T14:04:53.1476500+03:00,A70000000000000000000000,,1,"-62,5","865,7",Speedwayr-15-32-c2,"0,3190680038802134",
2025-07-25T14:04:53.1522210+03:00,A40000000000000000000000,,1,-65,"865,7",Speedwayr-15-32-c2,"3,06182565261974",
2025-07-25T14:04:53.1547460+03:00,A80000000000000000000000,,1,"-70,5","865,7",Speedwayr-15-32-c2,"4,6878452877785195",
2025-07-25T14:04:53.1699070+03:00,A30000000000000000000000,,1,"-64,5","865,7",Speedwayr-15-32-c2,"4,601942363656923",
2025-07-25T14:04:53.1738910+03:00,A80000000000000000000000,,1,"-68,5","865,7",Speedwayr-15-32-c2,"4,914874444385594",
2025-07-25T14:04:53.1761410+03:00,A70000000000000000000000,,1,"-61,5","865,7",Speedwayr-15-32-c2,"0,18407769454627693",
2025-07-25T14:04:53.1772780+03:00,A20000000000000000000000,,1,-65,"865,7",Speedwayr-15-32-c2,"2,5464081078901644",
2025-07-25T14:04:53.1828220+03:00,A40000000000000000000000,,1,-65,"865,7",Speedwayr-15-32-c2,"3,0372819600135696",
2025-07-25T14:04:53.1839050+03:00,A60000000000000000000000,,1,"-63,5","865,7",Speedwayr-15-32-c2,"5,424156065963627",
2025-07-25T14:04:53.1993010+03:00,A60000000000000000000000,,1,-64,"865,7",Speedwayr-15-32-c2,"5,375068680751287",
2025-07-25T14:04:53.2003850+03:00,A20000000000000000000000,,1,-65,"865,7",Speedwayr-15-32-c2,"2,4850488763747385",
2025-07-25T14:04:53.2020090+03:00,A30000000000000000000000,,1,"-64,5","865,7",Speedwayr-15-32-c2,"4,620350133111551",
2025-07-25T14:04:53.2035680+03:00,A70000000000000000000000,,1,"-62,5","865,7",Speedwayr-15-32-c2,"0,1718058482431918",
2025-07-25T14:04:53.2052480+03:00,A40000000000000000000000,,1,"-65,5","865,7",Speedwayr-15-32-c2,"2,9697868053466014",
2025-07-25T14:04:53.2067650+03:00,A80000000000000000000000,,1,-70,"865,7",Speedwayr-15-32-c2,"4,503767593232243",
2025-07-25T14:04:53.2209690+03:00,A30000000000000000000000,,1,"-63,5","865,7",Speedwayr-15-32-c2,"4,454680208019902",
2025-07-25T14:04:53.2229540+03:00,A20000000000000000000000,,1,-66,"865,7",Speedwayr-15-32-c2,"2,4850488763747385",
2025-07-25T14:04:53.2254260+03:00,A40000000000000000000000,,1,-65,"865,7",Speedwayr-15-32-c2,"2,9636508821950587",
2025-07-25T14:04:53.2269370+03:00,A60000000000000000000000,,1,-64,"865,7",Speedwayr-15-32-c2,"5,460971604872882",
2025-07-25T14:04:53.2301090+03:00,A70000000000000000000000,,1,"-63,5","865,7",Speedwayr-15-32-c2,"0,12885438618239387",
2025-07-25T14:04:53.2345440+03:00,A80000000000000000000000,,1,-68,"865,7",Speedwayr-15-32-c2,"4,442408361716817",
2025-07-25T14:04:53.2471070+03:00,A70000000000000000000000,,1,"-63,5","865,7",Speedwayr-15-32-c2,"0,0859029241215959",
2025-07-25T14:04:53.2481760+03:00,A60000000000000000000000,,1,-64,"865,7",Speedwayr-15-32-c2,"5,411884219660542",
2025-07-25T14:04:53.2518530+03:00,A20000000000000000000000,,1,-64,"865,7",Speedwayr-15-32-c2,"2,423689644859313",
2025-07-25T14:04:53.2547290+03:00,A30000000000000000000000,,1,-64,"865,7",Speedwayr-15-32-c2,"4,448544284868359",
2025-07-25T14:04:53.2560970+03:00,A40000000000000000000000,,1,-65,"865,7",Speedwayr-15-32-c2,"2,9575149590435164",
2025-07-25T14:04:53.2661790+03:00,A80000000000000000000000,,1,"-70,5","865,7",Speedwayr-15-32-c2,"4,463884092747215",
2025-07-25T14:04:53.2765910+03:00,A20000000000000000000000,,1,-67,"865,7",Speedwayr-15-32-c2,"2,448233337465483",
2025-07-25T14:04:53.2785290+03:00,A70000000000000000000000,,1,-64,"865,7",Speedwayr-15-32-c2,"0,22089323345553233",
2025-07-25T14:04:53.2801570+03:00,A60000000000000000000000,,1,"-63,5","865,7",Speedwayr-15-32-c2,"4,9394181369917645",
2025-07-25T14:04:53.2836810+03:00,A40000000000000000000000,,1,-65,"865,7",Speedwayr-15-32-c2,"2,8716120349219203",
2025-07-25T14:04:53.2847400+03:00,A30000000000000000000000,,1,-64,"865,7",Speedwayr-15-32-c2,"4,135612204139688",
2025-07-25T14:04:53.3160810+03:00,A70000000000000000000000,,1,-63,"865,7",Speedwayr-15-32-c2,"0,2945243112740431",
2025-07-25T14:04:53.3196850+03:00,A30000000000000000000000,,1,"-63,5","865,7",Speedwayr-15-32-c2,"4,430136515413731",
2025-07-25T14:04:53.3218640+03:00,A60000000000000000000000,,1,"-64,5","865,7",Speedwayr-15-32-c2,"5,148039524144211",
2025-07-25T14:04:53.3234950+03:00,A20000000000000000000000,,1,"-63,5","865,7",Speedwayr-15-32-c2,"2,2580197197676637",
2025-07-25T14:04:53.3245900+03:00,A40000000000000000000000,,1,-63,"865,7",Speedwayr-15-32-c2,"2,8286605728611223",
2025-07-25T14:04:53.3264000+03:00,A80000000000000000000000,,1,"-70,5","865,7",Speedwayr-15-32-c2,"4,546719055293041",
2025-07-25T14:04:53.3394360+03:00,A30000000000000000000000,,1,"-63,5","865,7",Speedwayr-15-32-c2,"4,344233591292136",
2025-07-25T14:04:53.3418350+03:00,A60000000000000000000000,,1,-64,"865,7",Speedwayr-15-32-c2,"5,074408446325701",
2025-07-25T14:04:53.3431900+03:00,A40000000000000000000000,,1,-65,"865,7",Speedwayr-15-32-c2,"2,988194574801229",
2025-07-25T14:04:53.3465920+03:00,A70000000000000000000000,,1,"-63,5","865,7",Speedwayr-15-32-c2,"0,0859029241215959",
2025-07-25T14:04:53.3476320+03:00,A20000000000000000000000,,1,"-66,5","865,7",Speedwayr-15-32-c2,"2,3746022596469727",
2025-07-25T14:04:53.3543010+03:00,A80000000000000000000000,,1,-70,"865,7",Speedwayr-15-32-c2,"4,558990901596125",
2025-07-25T14:04:53.3668780+03:00,A80000000000000000000000,,1,-70,"865,7",Speedwayr-15-32-c2,"4,583534594202296",
2025-07-25T14:04:53.3694210+03:00,A40000000000000000000000,,1,-64,"865,7",Speedwayr-15-32-c2,"2,816388726558037",
2025-07-25T14:04:53.3716680+03:00,A30000000000000000000000,,1,-63,"865,7",Speedwayr-15-32-c2,"4,3933209765044765",
2025-07-25T14:04:53.3738330+03:00,A70000000000000000000000,,1,-63,"865,7",Speedwayr-15-32-c2,"6,270913460876501",
2025-07-25T14:04:53.3749510+03:00,A60000000000000000000000,,1,-65,"865,7",Speedwayr-15-32-c2,"4,884194828627882",
2025-07-25T14:04:53.3767560+03:00,A20000000000000000000000,,1,-66,"865,7",Speedwayr-15-32-c2,"2,012582793705961",
2025-07-25T14:04:53.3915380+03:00,A20000000000000000000000,,1,"-65,5","865,7",Speedwayr-15-32-c2,"2,2641556429192065",
2025-07-25T14:04:53.3928770+03:00,A30000000000000000000000,,1,"-63,5","865,7",Speedwayr-15-32-c2,"4,295146206079795",
2025-07-25T14:04:53.3947240+03:00,A60000000000000000000000,,1,-65,"865,7",Speedwayr-15-32-c2,"4,908738521234052",
2025-07-25T14:04:53.3962710+03:00,A40000000000000000000000,,1,"-64,5","865,7",Speedwayr-15-32-c2,"2,791845033951867",
2025-07-25T14:04:53.4008760+03:00,A70000000000000000000000,,1,"-62,5","865,7",Speedwayr-15-32-c2,"6,2463697682703305",
2025-07-25T14:04:53.4237360+03:00,A60000000000000000000000,,1,-65,"865,7",Speedwayr-15-32-c2,"5,062136600022616",
2025-07-25T14:04:53.4250330+03:00,A70000000000000000000000,,1,-64,"865,7",Speedwayr-15-32-c2,"6,086835766330224",
2025-07-25T14:04:53.4263280+03:00,A30000000000000000000000,,1,-64,"865,7",Speedwayr-15-32-c2,"4,270602513473625",
2025-07-25T14:04:53.4283900+03:00,A40000000000000000000000,,1,-64,"865,7",Speedwayr-15-32-c2,"2,834796496012665",
2025-07-25T14:04:53.4295010+03:00,A20000000000000000000000,,1,-65,"865,7",Speedwayr-15-32-c2,"1,662835174068035",
2025-07-25T14:04:53.4373520+03:00,A80000000000000000000000,,1,"-70,5","865,7",Speedwayr-15-32-c2,"4,313553975534423",
2025-07-25T14:04:53.4516830+03:00,A60000000000000000000000,,1,-66,"865,7",Speedwayr-15-32-c2,"5,0682725231741586",
2025-07-25T14:04:53.4527800+03:00,A30000000000000000000000,,1,"-62,5","865,7",Speedwayr-15-32-c2,"4,252194744018997",
2025-07-25T14:04:53.4549300+03:00,A40000000000000000000000,,1,"-64,5","865,7",Speedwayr-15-32-c2,"2,82252464970958",
2025-07-25T14:04:53.4630150+03:00,A70000000000000000000000,,1,"-63,5","865,7",Speedwayr-15-32-c2,"5,988660995905543",
2025-07-25T14:04:53.4640850+03:00,A20000000000000000000000,,1,-67,"865,7",Speedwayr-15-32-c2,"2,2764274892222915",
2025-07-25T14:04:53.4715990+03:00,A80000000000000000000000,,1,-70,"865,7",Speedwayr-15-32-c2,"4,1601558967458585",
2025-07-25T14:04:53.4852080+03:00,A60000000000000000000000,,1,-66,"865,7",Speedwayr-15-32-c2,"4,638757902566179",
2025-07-25T14:04:53.4882880+03:00,A30000000000000000000000,,1,"-62,5","865,7",Speedwayr-15-32-c2,"4,313553975534423",
2025-07-25T14:04:53.4949940+03:00,A40000000000000000000000,,1,"-64,5","865,7",Speedwayr-15-32-c2,"2,9329712664373457",
2025-07-25T14:04:53.4969650+03:00,A70000000000000000000000,,1,-64,"865,7",Speedwayr-15-32-c2,"6,129787228391022",
2025-07-25T14:04:53.4981040+03:00,A20000000000000000000000,,1,-64,"865,7",Speedwayr-15-32-c2,"2,1353012567368124",
2025-07-25T14:04:53.5060290+03:00,A80000000000000000000000,,1,-69,"865,7",Speedwayr-15-32-c2,"5,086680292628786",
2025-07-25T14:04:53.5213310+03:00,A70000000000000000000000,,1,-64,"865,7",Speedwayr-15-32-c2,"6,025476534814799",
2025-07-25T14:04:53.5227240+03:00,A40000000000000000000000,,1,-63,"865,7",Speedwayr-15-32-c2,"2,779573187648782",
2025-07-25T14:04:53.5251600+03:00,A30000000000000000000000,,1,"-63,5","865,7",Speedwayr-15-32-c2,"4,270602513473625",
2025-07-25T14:04:53.5262550+03:00,A60000000000000000000000,,1,"-66,5","865,7",Speedwayr-15-32-c2,"4,7307967498393175",
2025-07-25T14:04:53.5304500+03:00,A20000000000000000000000,,1,-66,"865,7",Speedwayr-15-32-c2,"2,1905245651006955",
2025-07-25T14:04:53.5352390+03:00,A80000000000000000000000,,1,"-69,5","865,7",Speedwayr-15-32-c2,"4,1601558967458585",
2025-07-25T14:04:53.5510740+03:00,A20000000000000000000000,,1,"-65,5","865,7",Speedwayr-15-32-c2,"2,110757564130642",
2025-07-25T14:04:53.5542130+03:00,A80000000000000000000000,,1,-67,"865,7",Speedwayr-15-32-c2,"4,319689898685965",
2025-07-25T14:04:53.5552950+03:00,A70000000000000000000000,,1,"-63,5","865,7",Speedwayr-15-32-c2,"6,025476534814799",
2025-07-25T14:04:53.5563890+03:00,A30000000000000000000000,,1,"-63,5","865,7",Speedwayr-15-32-c2,"4,270602513473625",
2025-07-25T14:04:53.5583040+03:00,A40000000000000000000000,,1,"-63,5","865,7",Speedwayr-15-32-c2,"2,6323110320117604",
2025-07-25T14:04:53.5599010+03:00,A60000000000000000000000,,1,"-65,5","865,7",Speedwayr-15-32-c2,"4,76147636559703",
2025-07-25T14:04:53.5738130+03:00,A30000000000000000000000,,1,"-63,5","865,7",Speedwayr-15-32-c2,"4,23378697456437",
2025-07-25T14:04:53.5765020+03:00,A20000000000000000000000,,1,"-66,5","865,7",Speedwayr-15-32-c2,"2,411417798556228",
2025-07-25T14:04:53.5802410+03:00,A40000000000000000000000,,1,"-64,5","865,7",Speedwayr-15-32-c2,"2,791845033951867",
2025-07-25T14:04:53.5814070+03:00,A70000000000000000000000,,1,-63,"865,7",Speedwayr-15-32-c2,"6,0991076126333095",
2025-07-25T14:04:53.5861970+03:00,A60000000000000000000000,,1,-66,"865,7",Speedwayr-15-32-c2,"4,71238898038469",
2025-07-25T14:04:53.5882130+03:00,A80000000000000000000000,,1,"-70,5","865,7",Speedwayr-15-32-c2,"4,190835512503572",
2025-07-25T14:04:53.6032970+03:00,A70000000000000000000000,,1,-64,"865,7",Speedwayr-15-32-c2,"6,068427996875596",
2025-07-25T14:04:53.6059010+03:00,A80000000000000000000000,,1,"-69,5","865,7",Speedwayr-15-32-c2,"4,338097668140593",
2025-07-25T14:04:53.6069710+03:00,A20000000000000000000000,,1,"-65,5","865,7",Speedwayr-15-32-c2,"2,2150682577068657",
2025-07-25T14:04:53.6082960+03:00,A30000000000000000000000,,1,"-63,5","865,7",Speedwayr-15-32-c2,"4,2092432819582",
2025-07-25T14:04:53.6097090+03:00,A60000000000000000000000,,1,"-65,5","865,7",Speedwayr-15-32-c2,"4,626486056263094",
2025-07-25T14:04:53.6112320+03:00,A40000000000000000000000,,1,"-63,5","865,7",Speedwayr-15-32-c2,"2,5832236467994196",
2025-07-25T14:04:53.6300190+03:00,A30000000000000000000000,,1,-62,"865,7",Speedwayr-15-32-c2,"4,2092432819582",
2025-07-25T14:04:53.6311430+03:00,A70000000000000000000000,,1,-62,"865,7",Speedwayr-15-32-c2,"6,105243535784852",
2025-07-25T14:04:53.6332910+03:00,A60000000000000000000000,,1,-66,"865,7",Speedwayr-15-32-c2,"4,743068596142402",
2025-07-25T14:04:53.6387580+03:00,A40000000000000000000000,,1,"-62,5","865,7",Speedwayr-15-32-c2,"2,5586799541932495",
2025-07-25T14:04:53.6407210+03:00,A20000000000000000000000,,1,-65,"865,7",Speedwayr-15-32-c2,"2,2886993355253766",
2025-07-25T14:04:53.6429360+03:00,A80000000000000000000000,,1,"-68,5","865,7",Speedwayr-15-32-c2,"4,289010282928253",
2025-07-25T14:04:53.6566770+03:00,A40000000000000000000000,,1,-65,"865,7",Speedwayr-15-32-c2,"2,791845033951867",
2025-07-25T14:04:53.6614070+03:00,A60000000000000000000000,,1,-65,"865,7",Speedwayr-15-32-c2,"4,2031073588066565",
2025-07-25T14:04:53.6627400+03:00,A70000000000000000000000,,1,"-64,5","865,7",Speedwayr-15-32-c2,"6,043884304269426",
2025-07-25T14:04:53.6673960+03:00,A80000000000000000000000,,1,"-69,5","865,7",Speedwayr-15-32-c2,"4,276738436625168",
2025-07-25T14:04:53.6688720+03:00,A30000000000000000000000,,1,"-62,5","865,7",Speedwayr-15-32-c2,"4,368777283898306",
2025-07-25T14:04:53.6699670+03:00,A20000000000000000000000,,1,"-63,5","865,7",Speedwayr-15-32-c2,"2,3930100291016",
2025-07-25T14:04:53.6841730+03:00,A30000000000000000000000,,1,-64,"865,7",Speedwayr-15-32-c2,"4,264466590322082",
2025-07-25T14:04:53.6858790+03:00,A20000000000000000000000,,1,-65,"865,7",Speedwayr-15-32-c2,"2,386874105950058",
2025-07-25T14:04:53.6869790+03:00,A40000000000000000000000,,1,"-64,5","865,7",Speedwayr-15-32-c2,"2,8716120349219203",
2025-07-25T14:04:53.6902820+03:00,A60000000000000000000000,,1,-66,"865,7",Speedwayr-15-32-c2,"4,466952054322987",
2025-07-25T14:04:53.6930060+03:00,A70000000000000000000000,,1,"-62,5","865,7",Speedwayr-15-32-c2,"5,982525072754001",
2025-07-25T14:04:53.7079790+03:00,A80000000000000000000000,,1,"-70,5","865,7",Speedwayr-15-32-c2,"1,1596894756415448",
2025-07-25T14:04:53.7153580+03:00,A40000000000000000000000,,1,-65,"865,7",Speedwayr-15-32-c2,"2,8102528034064944",
2025-07-25T14:04:53.7178400+03:00,A60000000000000000000000,,1,-65,"865,7",Speedwayr-15-32-c2,"4,773748211900116",
2025-07-25T14:04:53.7203170+03:00,A30000000000000000000000,,1,-64,"865,7",Speedwayr-15-32-c2,"4,534447208989955",
2025-07-25T14:04:53.7218370+03:00,A20000000000000000000000,,1,-66,"865,7",Speedwayr-15-32-c2,"2,2396119503130363",
2025-07-25T14:04:53.7231230+03:00,A70000000000000000000000,,1,"-62,5","865,7",Speedwayr-15-32-c2,"6,19728238305799",
2025-07-25T14:04:53.7252150+03:00,A80000000000000000000000,,1,"-71,5","865,7",Speedwayr-15-32-c2,"4,301282129231338",
2025-07-25T14:04:53.7419360+03:00,A30000000000000000000000,,1,-64,"865,7",Speedwayr-15-32-c2,"4,589670517353839",
2025-07-25T14:04:53.7442550+03:00,A70000000000000000000000,,1,-64,"865,7",Speedwayr-15-32-c2,"6,191146459906448",
2025-07-25T14:04:53.7468310+03:00,A20000000000000000000000,,1,"-66,5","865,7",Speedwayr-15-32-c2,"2,5893595699509624",
2025-07-25T14:04:53.7482090+03:00,A60000000000000000000000,,1,-65,"865,7",Speedwayr-15-32-c2,"5,227806525114265",
2025-07-25T14:04:53.7521010+03:00,A40000000000000000000000,,1,-65,"865,7",Speedwayr-15-32-c2,"2,718213956133356",
2025-07-25T14:04:53.7646900+03:00,A80000000000000000000000,,1,"-71,5","865,7",Speedwayr-15-32-c2,"4,4976316700806995",
2025-07-25T14:04:53.7794310+03:00,A30000000000000000000000,,1,-61,"865,7",Speedwayr-15-32-c2,"4,491495746929157",
2025-07-25T14:04:53.7825250+03:00,A40000000000000000000000,,1,-65,"865,7",Speedwayr-15-32-c2,"2,7857091108003242",
2025-07-25T14:04:53.7856740+03:00,A20000000000000000000000,,1,"-64,5","865,7",Speedwayr-15-32-c2,"2,325514874434632",
2025-07-25T14:04:53.7874010+03:00,A60000000000000000000000,,1,-65,"865,7",Speedwayr-15-32-c2,"4,773748211900116",
2025-07-25T14:04:53.7884520+03:00,A70000000000000000000000,,1,-63,"865,7",Speedwayr-15-32-c2,"6,252505691421874",
2025-07-25T14:04:53.7943760+03:00,A80000000000000000000000,,1,"-70,5","865,7",Speedwayr-15-32-c2,"4,405592822807561",
2025-07-25T14:04:53.8088530+03:00,A70000000000000000000000,,1,"-62,5","865,7",Speedwayr-15-32-c2,"6,270913460876501",
2025-07-25T14:04:53.8115090+03:00,A20000000000000000000000,,1,-65,"865,7",Speedwayr-15-32-c2,"2,497320722677824",
2025-07-25T14:04:53.8125640+03:00,A30000000000000000000000,,1,-64,"865,7",Speedwayr-15-32-c2,"4,411728745959104",
2025-07-25T14:04:53.8142030+03:00,A60000000000000000000000,,1,-64,"865,7",Speedwayr-15-32-c2,"4,9823695990525625",
2025-07-25T14:04:53.8152800+03:00,A40000000000000000000000,,1,"-63,5","865,7",Speedwayr-15-32-c2,"2,8961557275280905",
2025-07-25T14:04:53.8265200+03:00,A80000000000000000000000,,1,-71,"865,7",Speedwayr-15-32-c2,"4,543651093717269",
2025-07-25T14:04:53.8406230+03:00,A40000000000000000000000,,1,"-64,5","865,7",Speedwayr-15-32-c2,"2,834796496012665",
2025-07-25T14:04:53.8433900+03:00,A20000000000000000000000,,1,-65,"865,7",Speedwayr-15-32-c2,"2,5464081078901644",
2025-07-25T14:04:53.8445420+03:00,A60000000000000000000000,,1,-65,"865,7",Speedwayr-15-32-c2,"5,019185137961818",
2025-07-25T14:04:53.8472070+03:00,A70000000000000000000000,,1,-64,"865,7",Speedwayr-15-32-c2,"0,16566992509164924",
2025-07-25T14:04:53.8491990+03:00,A30000000000000000000000,,1,-64,"865,7",Speedwayr-15-32-c2,"4,270602513473625",
2025-07-25T14:04:53.8584340+03:00,A80000000000000000000000,,1,-70,"865,7",Speedwayr-15-32-c2,"1,4266021327336462",
2025-07-25T14:04:53.8651690+03:00,A70000000000000000000000,,1,"-62,5","865,7",Speedwayr-15-32-c2,"0,1043106935762236",
2025-07-25T14:04:53.8687080+03:00,A40000000000000000000000,,1,-64,"865,7",Speedwayr-15-32-c2,"2,9022916506796332",
2025-07-25T14:04:53.8699370+03:00,A30000000000000000000000,,1,-63,"865,7",Speedwayr-15-32-c2,"4,313553975534423",
2025-07-25T14:04:53.8724030+03:00,A60000000000000000000000,,1,-65,"865,7",Speedwayr-15-32-c2,"5,086680292628786",
2025-07-25T14:04:53.8765350+03:00,A20000000000000000000000,,1,"-66,5","865,7",Speedwayr-15-32-c2,"2,705942109830271",
2025-07-25T14:04:53.8963110+03:00,A60000000000000000000000,,1,-65,"865,7",Speedwayr-15-32-c2,"5,227806525114265",
2025-07-25T14:04:53.8974050+03:00,A20000000000000000000000,,1,"-65,5","865,7",Speedwayr-15-32-c2,"2,773437264497239",
2025-07-25T14:04:53.8984620+03:00,A70000000000000000000000,,1,"-63,5","865,7",Speedwayr-15-32-c2,"0,1595340019401067",
2025-07-25T14:04:53.8995470+03:00,A30000000000000000000000,,1,-65,"865,7",Speedwayr-15-32-c2,"4,773748211900116",
2025-07-25T14:04:53.9047850+03:00,A40000000000000000000000,,1,"-64,5","865,7",Speedwayr-15-32-c2,"2,8777479580734626",
2025-07-25T14:04:53.9181260+03:00,A20000000000000000000000,,1,-63,"865,7",Speedwayr-15-32-c2,"2,6200391857086753",
2025-07-25T14:04:53.9213860+03:00,A30000000000000000000000,,1,"-64,5","865,7",Speedwayr-15-32-c2,"4,129476280988146",
2025-07-25T14:04:53.9230070+03:00,A60000000000000000000000,,1,"-64,5","865,7",Speedwayr-15-32-c2,"5,325981295538946",
2025-07-25T14:04:53.9240880+03:00,A40000000000000000000000,,1,"-64,5","865,7",Speedwayr-15-32-c2,"2,9268353432858034",
2025-07-25T14:04:53.9282310+03:00,A70000000000000000000000,,1,-63,"865,7",Speedwayr-15-32-c2,"0,09817477042468103",
2025-07-25T14:04:53.9344130+03:00,A80000000000000000000000,,1,"-69,5","865,7",Speedwayr-15-32-c2,"4,706253057233147",
2025-07-25T14:04:53.9499760+03:00,A60000000000000000000000,,1,"-63,5","865,7",Speedwayr-15-32-c2,"5,338253141842031",
2025-07-25T14:04:53.9517310+03:00,A70000000000000000000000,,1,-63,"865,7",Speedwayr-15-32-c2,"0,2638446955163303",
2025-07-25T14:04:53.9538560+03:00,A40000000000000000000000,,1,"-64,5","865,7",Speedwayr-15-32-c2,"3,215223731408304",
2025-07-25T14:04:53.9560730+03:00,A30000000000000000000000,,1,-65,"865,7",Speedwayr-15-32-c2,"4,276738436625168",
2025-07-25T14:04:53.9571160+03:00,A20000000000000000000000,,1,"-66,5","865,7",Speedwayr-15-32-c2,"3,215223731408304",
2025-07-25T14:04:53.9656470+03:00,A80000000000000000000000,,1,-71,"865,7",Speedwayr-15-32-c2,"1,6168157504314657",
2025-07-25T14:04:53.9754450+03:00,A40000000000000000000000,,1,"-63,5","865,7",Speedwayr-15-32-c2,"2,8961557275280905",
2025-07-25T14:04:53.9764880+03:00,A20000000000000000000000,,1,"-67,5","865,7",Speedwayr-15-32-c2,"2,9697868053466014",
2025-07-25T14:04:53.9783250+03:00,A60000000000000000000000,,1,-64,"865,7",Speedwayr-15-32-c2,"5,332117218690489",
2025-07-25T14:04:53.9823870+03:00,A30000000000000000000000,,1,-65,"865,7",Speedwayr-15-32-c2,"4,25833066717054",
2025-07-25T14:04:53.9837550+03:00,A70000000000000000000000,,1,"-63,5","865,7",Speedwayr-15-32-c2,"0,25770877236478773",
2025-07-25T14:04:53.9865830+03:00,A80000000000000000000000,,1,"-69,5","865,7",Speedwayr-15-32-c2,"4,878058905476339",
2025-07-25T14:04:54.0031520+03:00,A30000000000000000000000,,1,-65,"865,7",Speedwayr-15-32-c2,"4,3074180523828804",
2025-07-25T14:04:54.0042500+03:00,A60000000000000000000000,,1,"-64,5","865,7",Speedwayr-15-32-c2,"5,424156065963627",
2025-07-25T14:04:54.0053220+03:00,A70000000000000000000000,,1,"-63,5","865,7",Speedwayr-15-32-c2,"0,3436116964863836",
2025-07-25T14:04:54.0072700+03:00,A20000000000000000000000,,1,-65,"865,7",Speedwayr-15-32-c2,"3,06182565261974",
2025-07-25T14:04:54.0094710+03:00,A80000000000000000000000,,1,"-68,5","865,7",Speedwayr-15-32-c2,"5,264622064023521",
2025-07-25T14:04:54.0220540+03:00,A70000000000000000000000,,1,"-62,5","865,7",Speedwayr-15-32-c2,"0,1595340019401067",
2025-07-25T14:04:54.0251250+03:00,A40000000000000000000000,,1,-64,"865,7",Speedwayr-15-32-c2,"2,859340188618835",
2025-07-25T14:04:54.0262250+03:00,A20000000000000000000000,,1,-67,"865,7",Speedwayr-15-32-c2,"3,043417883165112",
2025-07-25T14:04:54.0285290+03:00,A60000000000000000000000,,1,-64,"865,7",Speedwayr-15-32-c2,"5,368932757599744",
2025-07-25T14:04:54.0323330+03:00,A30000000000000000000000,,1,-64,"865,7",Speedwayr-15-32-c2,"4,405592822807561",
2025-07-25T14:04:54.0346880+03:00,A80000000000000000000000,,1,-70,"865,7",Speedwayr-15-32-c2,"4,884194828627882",
2025-07-25T14:04:54.0501800+03:00,A30000000000000000000000,,1,-64,"865,7",Speedwayr-15-32-c2,"4,362641360746763",
2025-07-25T14:04:54.0515500+03:00,A40000000000000000000000,,1,-64,"865,7",Speedwayr-15-32-c2,"2,945243112740431",
2025-07-25T14:04:54.0529280+03:00,A20000000000000000000000,,1,-66,"865,7",Speedwayr-15-32-c2,"3,0802334220743677",
2025-07-25T14:04:54.0540020+03:00,A60000000000000000000000,,1,-65,"865,7",Speedwayr-15-32-c2,"5,491651220630596",
2025-07-25T14:04:54.0554060+03:00,A70000000000000000000000,,1,"-62,5","865,7",Speedwayr-15-32-c2,"0,3374757733348411",
2025-07-25T14:04:54.0653180+03:00,A80000000000000000000000,,1,"-70,5","865,7",Speedwayr-15-32-c2,"4,850447251294398",
2025-07-25T14:04:54.0729870+03:00,A30000000000000000000000,,1,"-64,5","865,7",Speedwayr-15-32-c2,"4,534447208989955",
2025-07-25T14:04:54.0740670+03:00,A40000000000000000000000,,1,"-64,5","865,7",Speedwayr-15-32-c2,"2,9145634969827183",
2025-07-25T14:04:54.0765080+03:00,A20000000000000000000000,,1,"-66,5","865,7",Speedwayr-15-32-c2,"3,074097498922825",
2025-07-25T14:04:54.0779790+03:00,A60000000000000000000000,,1,"-65,5","865,7",Speedwayr-15-32-c2,"5,356660911296659",
2025-07-25T14:04:54.0816870+03:00,A70000000000000000000000,,1,-61,"865,7",Speedwayr-15-32-c2,"0,32520392703175593",
2025-07-25T14:04:54.0859160+03:00,A80000000000000000000000,,1,-70,"865,7",Speedwayr-15-32-c2,"4,914874444385594",
2025-07-25T14:04:54.1039580+03:00,A30000000000000000000000,,1,-65,"865,7",Speedwayr-15-32-c2,"4,313553975534423",
2025-07-25T14:04:54.1050400+03:00,A40000000000000000000000,,1,"-63,5","865,7",Speedwayr-15-32-c2,"2,8777479580734626",
2025-07-25T14:04:54.1073080+03:00,A60000000000000000000000,,1,"-63,5","865,7",Speedwayr-15-32-c2,"5,540738605842936",
2025-07-25T14:04:54.1083890+03:00,A70000000000000000000000,,1,"-62,5","865,7",Speedwayr-15-32-c2,"0,35588354278946877",
2025-07-25T14:04:54.1124730+03:00,A80000000000000000000000,,1,-66,"865,7",Speedwayr-15-32-c2,"4,73693267299086",
2025-07-25T14:04:54.1258050+03:00,A60000000000000000000000,,1,-64,"865,7",Speedwayr-15-32-c2,"5,522330836388308",
2025-07-25T14:04:54.1299350+03:00,A70000000000000000000000,,1,-63,"865,7",Speedwayr-15-32-c2,"0,32520392703175593",
2025-07-25T14:04:54.1319970+03:00,A40000000000000000000000,,1,"-64,5","865,7",Speedwayr-15-32-c2,"2,9759227284981438",
2025-07-25T14:04:54.1345200+03:00,A30000000000000000000000,,1,"-64,5","865,7",Speedwayr-15-32-c2,"4,356505437595221",
2025-07-25T14:04:54.1362170+03:00,A20000000000000000000000,,1,-67,"865,7",Speedwayr-15-32-c2,"2,8532042654672924",
2025-07-25T14:04:54.1436770+03:00,A80000000000000000000000,,1,-69,"865,7",Speedwayr-15-32-c2,"1,7426021750380885",
2025-07-25T14:04:54.1535140+03:00,A30000000000000000000000,,1,"-64,5","865,7",Speedwayr-15-32-c2,"4,289010282928253",
2025-07-25T14:04:54.1548580+03:00,A60000000000000000000000,,1,"-65,5","865,7",Speedwayr-15-32-c2,"5,399612373357457",
2025-07-25T14:04:54.1577800+03:00,A40000000000000000000000,,1,"-63,5","865,7",Speedwayr-15-32-c2,"2,7979809571034093",
2025-07-25T14:04:54.1588630+03:00,A70000000000000000000000,,1,"-63,5","865,7",Speedwayr-15-32-c2,"0,22089323345553233",
2025-07-25T14:04:54.1619990+03:00,A80000000000000000000000,,1,-70,"865,7",Speedwayr-15-32-c2,"5,00077736850719",
2025-07-25T14:04:54.1635050+03:00,A20000000000000000000000,,1,"-67,5","865,7",Speedwayr-15-32-c2,"2,650718801466388",
2025-07-25T14:04:54.1771550+03:00,A30000000000000000000000,,1,"-65,5","865,7",Speedwayr-15-32-c2,"4,325825821837508",
2025-07-25T14:04:54.1798180+03:00,A40000000000000000000000,,1,-64,"865,7",Speedwayr-15-32-c2,"2,8716120349219203",
2025-07-25T14:04:54.1825030+03:00,A60000000000000000000000,,1,"-64,5","865,7",Speedwayr-15-32-c2,"5,43029198911517",
2025-07-25T14:04:54.1838730+03:00,A70000000000000000000000,,1,"-63,5","865,7",Speedwayr-15-32-c2,"0,35588354278946877",
2025-07-25T14:04:54.1863940+03:00,A20000000000000000000000,,1,-66,"865,7",Speedwayr-15-32-c2,"2,890019804376548",
2025-07-25T14:04:54.2095330+03:00,A60000000000000000000000,,1,-63,"865,7",Speedwayr-15-32-c2,"5,141903600992669",
2025-07-25T14:04:54.2132930+03:00,A30000000000000000000000,,1,"-64,5","865,7",Speedwayr-15-32-c2,"4,147884050442774",
2025-07-25T14:04:54.2146260+03:00,A70000000000000000000000,,1,"-61,5","865,7",Speedwayr-15-32-c2,"0,3436116964863836",
2025-07-25T14:04:54.2169390+03:00,A20000000000000000000000,,1,-67,"865,7",Speedwayr-15-32-c2,"2,773437264497239",
2025-07-25T14:04:54.2188440+03:00,A40000000000000000000000,,1,"-62,5","865,7",Speedwayr-15-32-c2,"2,7550294950426117",
2025-07-25T14:04:54.2205020+03:00,A80000000000000000000000,,1,-65,"865,7",Speedwayr-15-32-c2,"4,9394181369917645",
2025-07-25T14:04:54.2343850+03:00,A30000000000000000000000,,1,"-64,5","865,7",Speedwayr-15-32-c2,"4,2092432819582",
2025-07-25T14:04:54.2354560+03:00,A70000000000000000000000,,1,-63,"865,7",Speedwayr-15-32-c2,"0,3374757733348411",
2025-07-25T14:04:54.2396400+03:00,A60000000000000000000000,,1,-66,"865,7",Speedwayr-15-32-c2,"5,289165756629691",
2025-07-25T14:04:54.2424560+03:00,A40000000000000000000000,,1,"-64,5","865,7",Speedwayr-15-32-c2,"2,84706834231575",
2025-07-25T14:04:54.2492800+03:00,A20000000000000000000000,,1,-63,"865,7",Speedwayr-15-32-c2,"2,742757648739526",
2025-07-25T14:04:54.2627010+03:00,A60000000000000000000000,,1,"-64,5","865,7",Speedwayr-15-32-c2,"5,344389064993574",
2025-07-25T14:04:54.2656210+03:00,A30000000000000000000000,,1,"-64,5","865,7",Speedwayr-15-32-c2,"4,264466590322082",
2025-07-25T14:04:54.2680440+03:00,A70000000000000000000000,,1,-63,"865,7",Speedwayr-15-32-c2,"0,28838838812250056",
2025-07-25T14:04:54.2724540+03:00,A40000000000000000000000,,1,-64,"865,7",Speedwayr-15-32-c2,"2,748893571891069",
2025-07-25T14:04:54.2741370+03:00,A20000000000000000000000,,1,-66,"865,7",Speedwayr-15-32-c2,"2,6384469551633027",
2025-07-25T14:04:54.2764430+03:00,A80000000000000000000000,,1,"-69,5","865,7",Speedwayr-15-32-c2,"4,657165672020807",
2025-07-25T14:04:54.2900180+03:00,A30000000000000000000000,,1,-64,"865,7",Speedwayr-15-32-c2,"4,491495746929157",
2025-07-25T14:04:54.2933570+03:00,A80000000000000000000000,,1,-70,"865,7",Speedwayr-15-32-c2,"4,651029748869264",
2025-07-25T14:04:54.2944120+03:00,A70000000000000000000000,,1,-64,"865,7",Speedwayr-15-32-c2,"0,11044661672776616",
2025-07-25T14:04:54.2966110+03:00,A40000000000000000000000,,1,"-64,5","865,7",Speedwayr-15-32-c2,"2,8838838812250054",
2025-07-25T14:04:54.3014680+03:00,A60000000000000000000000,,1,-64,"865,7",Speedwayr-15-32-c2,"5,418020142812084",
2025-07-25T14:04:54.3041000+03:00,A20000000000000000000000,,1,"-66,5","865,7",Speedwayr-15-32-c2,"2,6323110320117604",
2025-07-25T14:04:54.3172570+03:00,A20000000000000000000000,,1,"-66,5","865,7",Speedwayr-15-32-c2,"2,5157284921324514",
2025-07-25T14:04:54.3222120+03:00,A70000000000000000000000,,1,-64,"865,7",Speedwayr-15-32-c2,"0,18407769454627693",
2025-07-25T14:04:54.3245500+03:00,A60000000000000000000000,,1,"-64,5","865,7",Speedwayr-15-32-c2,"5,160311370447297",
2025-07-25T14:04:54.3268350+03:00,A30000000000000000000000,,1,"-64,5","865,7",Speedwayr-15-32-c2,"4,246058820867455",
2025-07-25T14:04:54.3286840+03:00,A40000000000000000000000,,1,"-63,5","865,7",Speedwayr-15-32-c2,"2,767301341345697",
2025-07-25T14:04:54.3344200+03:00,A80000000000000000000000,,1,-69,"865,7",Speedwayr-15-32-c2,"4,491495746929157",
2025-07-25T14:04:54.3497530+03:00,A70000000000000000000000,,1,"-63,5","865,7",Speedwayr-15-32-c2,"0,1718058482431918",
2025-07-25T14:04:54.3511080+03:00,A30000000000000000000000,,1,-63,"865,7",Speedwayr-15-32-c2,"4,178563666200486",
2025-07-25T14:04:54.3544410+03:00,A60000000000000000000000,,1,-65,"865,7",Speedwayr-15-32-c2,"5,184855063053467",
2025-07-25T14:04:54.3562620+03:00,A40000000000000000000000,,1,"-63,5","865,7",Speedwayr-15-32-c2,"2,693670263527186",
2025-07-25T14:04:54.3574290+03:00,A20000000000000000000000,,1,"-63,5","865,7",Speedwayr-15-32-c2,"2,564815877344792",
2025-07-25T14:04:54.3634520+03:00,A80000000000000000000000,,1,-69,"865,7",Speedwayr-15-32-c2,"4,381049130201391",
2025-07-25T14:04:54.3761320+03:00,A20000000000000000000000,,1,-66,"865,7",Speedwayr-15-32-c2,"2,466641106920111",
2025-07-25T14:04:54.3780270+03:00,A40000000000000000000000,,1,"-63,5","865,7",Speedwayr-15-32-c2,"2,36846633649543",
2025-07-25T14:04:54.3798330+03:00,A70000000000000000000000,,1,"-62,5","865,7",Speedwayr-15-32-c2,"0,0674951546669682",
2025-07-25T14:04:54.3820030+03:00,A30000000000000000000000,,1,"-63,5","865,7",Speedwayr-15-32-c2,"4,424000592262189",
2025-07-25T14:04:54.3840280+03:00,A60000000000000000000000,,1,-65,"865,7",Speedwayr-15-32-c2,"4,884194828627882",
2025-07-25T14:04:54.3903610+03:00,A80000000000000000000000,,1,-66,"865,7",Speedwayr-15-32-c2,"4,608078286808466",
2025-07-25T14:04:54.4032850+03:00,A30000000000000000000000,,1,"-64,5","865,7",Speedwayr-15-32-c2,"4,037437433715008",
2025-07-25T14:04:54.4064570+03:00,A60000000000000000000000,,1,"-65,5","865,7",Speedwayr-15-32-c2,"5,141903600992669",
2025-07-25T14:04:54.4078110+03:00,A40000000000000000000000,,1,"-62,5","865,7",Speedwayr-15-32-c2,"2,9636508821950587",
2025-07-25T14:04:54.4105740+03:00,A70000000000000000000000,,1,"-62,5","865,7",Speedwayr-15-32-c2,"0,04295146206079795",
2025-07-25T14:04:54.4117040+03:00,A80000000000000000000000,,1,"-65,5","865,7",Speedwayr-15-32-c2,"4,589670517353839",
2025-07-25T14:04:54.4127920+03:00,A20000000000000000000000,,1,"-66,5","865,7",Speedwayr-15-32-c2,"1,9634954084936207",
2025-07-25T14:04:54.4257030+03:00,A70000000000000000000000,,1,"-63,5","865,7",Speedwayr-15-32-c2,"0,030679615757712823",
2025-07-25T14:04:54.4291250+03:00,A60000000000000000000000,,1,"-65,5","865,7",Speedwayr-15-32-c2,"5,062136600022616",
2025-07-25T14:04:54.4306050+03:00,A40000000000000000000000,,1,-64,"865,7",Speedwayr-15-32-c2,"2,5464081078901644",
2025-07-25T14:04:54.4331660+03:00,A30000000000000000000000,,1,-63,"865,7",Speedwayr-15-32-c2,"4,2092432819582",
2025-07-25T14:04:54.4342520+03:00,A80000000000000000000000,,1,-69,"865,7",Speedwayr-15-32-c2,"4,491495746929157",
2025-07-25T14:04:54.4362120+03:00,A20000000000000000000000,,1,-64,"865,7",Speedwayr-15-32-c2,"2,337786720737717",
2025-07-25T14:04:54.4486530+03:00,A30000000000000000000000,,1,-64,"865,7",Speedwayr-15-32-c2,"3,9944859716542096",
2025-07-25T14:04:54.4503600+03:00,A60000000000000000000000,,1,-66,"865,7",Speedwayr-15-32-c2,"5,043728830567988",
2025-07-25T14:04:54.4514590+03:00,A70000000000000000000000,,1,"-62,5","865,7",Speedwayr-15-32-c2,"0,0674951546669682",
2025-07-25T14:04:54.4561260+03:00,A40000000000000000000000,,1,-65,"865,7",Speedwayr-15-32-c2,"2,6998061866787286",
2025-07-25T14:04:54.4576650+03:00,A20000000000000000000000,,1,-66,"865,7",Speedwayr-15-32-c2,"2,5832236467994196",
2025-07-25T14:04:54.4642930+03:00,A80000000000000000000000,,1,"-69,5","865,7",Speedwayr-15-32-c2,"4,589670517353839",
2025-07-25T14:04:54.4799980+03:00,A70000000000000000000000,,1,-62,"865,7",Speedwayr-15-32-c2,"6,12365130523948",
2025-07-25T14:04:54.4826210+03:00,A30000000000000000000000,,1,-64,"865,7",Speedwayr-15-32-c2,"4,006757817957295",
2025-07-25T14:04:54.4846300+03:00,A60000000000000000000000,,1,-67,"865,7",Speedwayr-15-32-c2,"4,884194828627882",
2025-07-25T14:04:54.4862870+03:00,A20000000000000000000000,,1,"-66,5","865,7",Speedwayr-15-32-c2,"2,337786720737717",
2025-07-25T14:04:54.4873610+03:00,A80000000000000000000000,,1,"-66,5","865,7",Speedwayr-15-32-c2,"4,430136515413731",
2025-07-25T14:04:54.4887110+03:00,A40000000000000000000000,,1,-63,"865,7",Speedwayr-15-32-c2,"2,650718801466388",
2025-07-25T14:04:54.5029410+03:00,A80000000000000000000000,,1,-70,"865,7",Speedwayr-15-32-c2,"4,4362724385652745",
2025-07-25T14:04:54.5040120+03:00,A70000000000000000000000,,1,-63,"865,7",Speedwayr-15-32-c2,"6,178874613603362",
2025-07-25T14:04:54.5063920+03:00,A60000000000000000000000,,1,"-66,5","865,7",Speedwayr-15-32-c2,"4,853515212870168",
2025-07-25T14:04:54.5075140+03:00,A40000000000000000000000,,1,"-64,5","865,7",Speedwayr-15-32-c2,"2,7120780329818137",
2025-07-25T14:04:54.5094290+03:00,A20000000000000000000000,,1,"-66,5","865,7",Speedwayr-15-32-c2,"1,9819031779482483",
2025-07-25T14:04:54.5110220+03:00,A30000000000000000000000,,1,-64,"865,7",Speedwayr-15-32-c2,"4,246058820867455",
2025-07-25T14:04:54.5287860+03:00,A30000000000000000000000,,1,-64,"865,7",Speedwayr-15-32-c2,"3,847223816017188",
2025-07-25T14:04:54.5328840+03:00,A40000000000000000000000,,1,-64,"865,7",Speedwayr-15-32-c2,"2,6445828783148455",
2025-07-25T14:04:54.5340140+03:00,A60000000000000000000000,,1,-66,"865,7",Speedwayr-15-32-c2,"5,013049214810275",
2025-07-25T14:04:54.5366520+03:00,A20000000000000000000000,,1,-63,"865,7",Speedwayr-15-32-c2,"2,1905245651006955",
2025-07-25T14:04:54.5385890+03:00,A70000000000000000000000,,1,"-63,5","865,7",Speedwayr-15-32-c2,"6,2034183062095325",
2025-07-25T14:04:54.5451750+03:00,A80000000000000000000000,,1,"-69,5","865,7",Speedwayr-15-32-c2,"4,430136515413731",
2025-07-25T14:04:54.5600910+03:00,A60000000000000000000000,,1,"-65,5","865,7",Speedwayr-15-32-c2,"5,013049214810275",
2025-07-25T14:04:54.5633910+03:00,A30000000000000000000000,,1,-64,"865,7",Speedwayr-15-32-c2,"4,0558452031696355",
2025-07-25T14:04:54.5645040+03:00,A70000000000000000000000,,1,-64,"865,7",Speedwayr-15-32-c2,"6,166602767300278",
2025-07-25T14:04:54.5655850+03:00,A40000000000000000000000,,1,"-63,5","865,7",Speedwayr-15-32-c2,"2,6139032625571326",
2025-07-25T14:04:54.5671080+03:00,A20000000000000000000000,,1,"-65,5","865,7",Speedwayr-15-32-c2,"2,061670178918302",
2025-07-25T14:04:54.5711520+03:00,A80000000000000000000000,,1,"-65,5","865,7",Speedwayr-15-32-c2,"4,473087977474529",
2025-07-25T14:04:54.5866390+03:00,A80000000000000000000000,,1,-70,"865,7",Speedwayr-15-32-c2,"4,3503695144436785",
2025-07-25T14:04:54.5896000+03:00,A40000000000000000000000,,1,"-64,5","865,7",Speedwayr-15-32-c2,"2,6323110320117604",
2025-07-25T14:04:54.5913760+03:00,A70000000000000000000000,,1,-64,"865,7",Speedwayr-15-32-c2,"6,117515382087937",
2025-07-25T14:04:54.5924700+03:00,A30000000000000000000000,,1,-64,"865,7",Speedwayr-15-32-c2,"4,049709280018092",
2025-07-25T14:04:54.5943230+03:00,A60000000000000000000000,,1,"-64,5","865,7",Speedwayr-15-32-c2,"4,743068596142402",
2025-07-25T14:04:54.5954560+03:00,A20000000000000000000000,,1,"-66,5","865,7",Speedwayr-15-32-c2,"1,8960002538266525",
2025-07-25T14:04:54.6113200+03:00,A30000000000000000000000,,1,"-63,5","865,7",Speedwayr-15-32-c2,"4,049709280018092",
2025-07-25T14:04:54.6133410+03:00,A60000000000000000000000,,1,"-64,5","865,7",Speedwayr-15-32-c2,"4,417864669110647",
2025-07-25T14:04:54.6161320+03:00,A70000000000000000000000,,1,"-63,5","865,7",Speedwayr-15-32-c2,"6,12365130523948",
2025-07-25T14:04:54.6172180+03:00,A20000000000000000000000,,1,"-65,5","865,7",Speedwayr-15-32-c2,"2,110757564130642",
2025-07-25T14:04:54.6201770+03:00,A40000000000000000000000,,1,-65,"865,7",Speedwayr-15-32-c2,"2,724349879284899",
2025-07-25T14:04:54.6244490+03:00,A80000000000000000000000,,1,"-69,5","865,7",Speedwayr-15-32-c2,"4,6878452877785195",
2025-07-25T14:04:54.6373070+03:00,A40000000000000000000000,,1,"-64,5","865,7",Speedwayr-15-32-c2,"2,5770877236478773",
2025-07-25T14:04:54.6397820+03:00,A20000000000000000000000,,1,"-64,5","865,7",Speedwayr-15-32-c2,"2,000310947402876",
2025-07-25T14:04:54.6422530+03:00,A30000000000000000000000,,1,"-64,5","865,7",Speedwayr-15-32-c2,"4,031301510563465",
2025-07-25T14:04:54.6465410+03:00,A70000000000000000000000,,1,"-62,5","865,7",Speedwayr-15-32-c2,"6,135923151542564",
2025-07-25T14:04:54.6507670+03:00,A60000000000000000000000,,1,-65,"865,7",Speedwayr-15-32-c2,"4,620350133111551",
2025-07-25T14:04:54.6541950+03:00,A80000000000000000000000,,1,-70,"865,7",Speedwayr-15-32-c2,"4,804427827657828",
2025-07-25T14:04:54.6661420+03:00,A40000000000000000000000,,1,-65,"865,7",Speedwayr-15-32-c2,"2,60776733940559",
2025-07-25T14:04:54.6672720+03:00,A60000000000000000000000,,1,-67,"865,7",Speedwayr-15-32-c2,"4,755340442445488",
2025-07-25T14:04:54.6707050+03:00,A70000000000000000000000,,1,"-63,5","865,7",Speedwayr-15-32-c2,"0,03681553890925539",
2025-07-25T14:04:54.6728430+03:00,A20000000000000000000000,,1,-64,"865,7",Speedwayr-15-32-c2,"1,859184714917397",
2025-07-25T14:04:54.6749370+03:00,A30000000000000000000000,,1,"-63,5","865,7",Speedwayr-15-32-c2,"3,9208548938356986",
2025-07-25T14:04:54.6829390+03:00,A80000000000000000000000,,1,"-69,5","865,7",Speedwayr-15-32-c2,"4,522175362686871",
2025-07-25T14:04:54.6957890+03:00,A70000000000000000000000,,1,-64,"865,7",Speedwayr-15-32-c2,"6,2463697682703305",
2025-07-25T14:04:54.6979690+03:00,A20000000000000000000000,,1,-65,"865,7",Speedwayr-15-32-c2,"1,4603497100671303",
2025-07-25T14:04:54.6990950+03:00,A60000000000000000000000,,1,-64,"865,7",Speedwayr-15-32-c2,"4,828971520263998",
2025-07-25T14:04:54.7014890+03:00,A40000000000000000000000,,1,"-64,5","865,7",Speedwayr-15-32-c2,"2,693670263527186",
2025-07-25T14:04:54.7025750+03:00,A30000000000000000000000,,1,-64,"865,7",Speedwayr-15-32-c2,"4,104932588381976",
2025-07-25T14:04:54.7061890+03:00,A80000000000000000000000,,1,-67,"865,7",Speedwayr-15-32-c2,"4,4976316700806995",
2025-07-25T14:04:54.7199300+03:00,A70000000000000000000000,,1,"-63,5","865,7",Speedwayr-15-32-c2,"5,927301764390117",
2025-07-25T14:04:54.7219280+03:00,A60000000000000000000000,,1,-63,"865,7",Speedwayr-15-32-c2,"4,503767593232243",
2025-07-25T14:04:54.7235390+03:00,A30000000000000000000000,,1,-64,"865,7",Speedwayr-15-32-c2,"4,006757817957295",
2025-07-25T14:04:54.7260520+03:00,A40000000000000000000000,,1,"-64,5","865,7",Speedwayr-15-32-c2,"2,564815877344792",
2025-07-25T14:04:54.7272640+03:00,A20000000000000000000000,,1,"-66,5","865,7",Speedwayr-15-32-c2,"1,7855536370988863",
2025-07-25T14:04:54.7324000+03:00,A80000000000000000000000,,1,-70,"865,7",Speedwayr-15-32-c2,"4,129476280988146",
2025-07-25T14:04:54.7448650+03:00,A20000000000000000000000,,1,-65,"865,7",Speedwayr-15-32-c2,"1,7548740213411735",
2025-07-25T14:04:54.7473010+03:00,A70000000000000000000000,,1,-64,"865,7",Speedwayr-15-32-c2,"6,043884304269426",
2025-07-25T14:04:54.7491800+03:00,A40000000000000000000000,,1,-64,"865,7",Speedwayr-15-32-c2,"2,5341362615870793",
2025-07-25T14:04:54.7519650+03:00,A60000000000000000000000,,1,-66,"865,7",Speedwayr-15-32-c2,"4,71238898038469",
2025-07-25T14:04:54.7531620+03:00,A30000000000000000000000,,1,-64,"865,7",Speedwayr-15-32-c2,"3,9515345095934116",
2025-07-25T14:04:54.7553370+03:00,A80000000000000000000000,,1,-69,"865,7",Speedwayr-15-32-c2,"4,595806440505381",
2025-07-25T14:04:54.7681490+03:00,A30000000000000000000000,,1,"-62,5","865,7",Speedwayr-15-32-c2,"3,9515345095934116",
2025-07-25T14:04:54.7697600+03:00,A60000000000000000000000,,1,"-64,5","865,7",Speedwayr-15-32-c2,"4,669437518323892",
2025-07-25T14:04:54.7708280+03:00,A70000000000000000000000,,1,"-64,5","865,7",Speedwayr-15-32-c2,"6,1850105367549055",
2025-07-25T14:04:54.7758190+03:00,A80000000000000000000000,,1,"-69,5","865,7",Speedwayr-15-32-c2,"4,546719055293041",
2025-07-25T14:04:54.7775420+03:00,A20000000000000000000000,,1,-65,"865,7",Speedwayr-15-32-c2,"1,4480778637640452",
2025-07-25T14:04:54.7786180+03:00,A40000000000000000000000,,1,"-65,5","865,7",Speedwayr-15-32-c2,"2,497320722677824",
2025-07-25T14:04:54.7927980+03:00,A20000000000000000000000,,1,"-64,5","865,7",Speedwayr-15-32-c2,"1,932815792735908",
2025-07-25T14:04:54.7966280+03:00,A70000000000000000000000,,1,-64,"865,7",Speedwayr-15-32-c2,"6,037748381117884",
2025-07-25T14:04:54.7997510+03:00,A30000000000000000000000,,1,-63,"865,7",Speedwayr-15-32-c2,"3,9699422790480394",
2025-07-25T14:04:54.8010880+03:00,A40000000000000000000000,,1,-64,"865,7",Speedwayr-15-32-c2,"2,5464081078901644",
2025-07-25T14:04:54.8022460+03:00,A60000000000000000000000,,1,"-65,5","865,7",Speedwayr-15-32-c2,"4,933282213840222",
2025-07-25T14:04:54.8065690+03:00,A80000000000000000000000,,1,"-70,5","865,7",Speedwayr-15-32-c2,"4,448544284868359",
2025-07-25T14:04:54.8221660+03:00,A40000000000000000000000,,1,-65,"865,7",Speedwayr-15-32-c2,"2,36846633649543",
2025-07-25T14:04:54.8236040+03:00,A30000000000000000000000,,1,"-63,5","865,7",Speedwayr-15-32-c2,"4,000621894805752",
2025-07-25T14:04:54.8247470+03:00,A60000000000000000000000,,1,-66,"865,7",Speedwayr-15-32-c2,"5,117359908386499",
2025-07-25T14:04:54.8260260+03:00,A20000000000000000000000,,1,-66,"865,7",Speedwayr-15-32-c2,"1,8530487917658545",
2025-07-25T14:04:54.8309250+03:00,A70000000000000000000000,,1,"-64,5","865,7",Speedwayr-15-32-c2,"6,129787228391022",
2025-07-25T14:04:54.8473320+03:00,A20000000000000000000000,,1,-65,"865,7",Speedwayr-15-32-c2,"1,8714565612204823",
2025-07-25T14:04:54.8485700+03:00,A70000000000000000000000,,1,-63,"865,7",Speedwayr-15-32-c2,"6,270913460876501",
2025-07-25T14:04:54.8506780+03:00,A30000000000000000000000,,1,"-63,5","865,7",Speedwayr-15-32-c2,"4,184699589352029",
2025-07-25T14:04:54.8522310+03:00,A40000000000000000000000,,1,-65,"865,7",Speedwayr-15-32-c2,"2,718213956133356",
2025-07-25T14:04:54.8533740+03:00,A60000000000000000000000,,1,-65,"865,7",Speedwayr-15-32-c2,"4,540583132141498",
2025-07-25T14:04:54.8645640+03:00,A80000000000000000000000,,1,-69,"865,7",Speedwayr-15-32-c2,"4,411728745959104",
2025-07-25T14:04:54.8785020+03:00,A20000000000000000000000,,1,"-65,5","865,7",Speedwayr-15-32-c2,"1,7794177139473437",
2025-07-25T14:04:54.8798830+03:00,A70000000000000000000000,,1,"-63,5","865,7",Speedwayr-15-32-c2,"6,135923151542564",
2025-07-25T14:04:54.8836040+03:00,A60000000000000000000000,,1,-65,"865,7",Speedwayr-15-32-c2,"4,798291904506286",
2025-07-25T14:04:54.8847340+03:00,A30000000000000000000000,,1,"-63,5","865,7",Speedwayr-15-32-c2,"3,7551849687440497",
2025-07-25T14:04:54.8861250+03:00,A40000000000000000000000,,1,"-64,5","865,7",Speedwayr-15-32-c2,"2,4727770300716534",
2025-07-25T14:04:54.8874970+03:00,A80000000000000000000000,,1,"-67,5","865,7",Speedwayr-15-32-c2,"4,0987966652304335",
2025-07-25T14:04:54.9023780+03:00,A60000000000000000000000,,1,"-64,5","865,7",Speedwayr-15-32-c2,"4,884194828627882",
2025-07-25T14:04:54.9043170+03:00,A30000000000000000000000,,1,-64,"865,7",Speedwayr-15-32-c2,"4,049709280018092",
2025-07-25T14:04:54.9054010+03:00,A70000000000000000000000,,1,-63,"865,7",Speedwayr-15-32-c2,"6,2034183062095325",
2025-07-25T14:04:54.9064270+03:00,A40000000000000000000000,,1,-65,"865,7",Speedwayr-15-32-c2,"2,6261751088602177",
2025-07-25T14:04:54.9101550+03:00,A20000000000000000000000,,1,"-65,5","865,7",Speedwayr-15-32-c2,"1,7855536370988863",
2025-07-25T14:04:54.9145110+03:00,A80000000000000000000000,,1,-67,"865,7",Speedwayr-15-32-c2,"4,706253057233147",
2025-07-25T14:04:54.9268760+03:00,A60000000000000000000000,,1,-65,"865,7",Speedwayr-15-32-c2,"4,908738521234052",
2025-07-25T14:04:54.9301210+03:00,A80000000000000000000000,,1,"-68,5","865,7",Speedwayr-15-32-c2,"4,700117134081604",
2025-07-25T14:04:54.9312190+03:00,A30000000000000000000000,,1,-62,"865,7",Speedwayr-15-32-c2,"3,773592738198677",
2025-07-25T14:04:54.9328140+03:00,A40000000000000000000000,,1,"-64,5","865,7",Speedwayr-15-32-c2,"2,116893487282185",
2025-07-25T14:04:54.9354760+03:00,A20000000000000000000000,,1,-66,"865,7",Speedwayr-15-32-c2,"1,8223691760081417",
2025-07-25T14:04:54.9397820+03:00,A70000000000000000000000,,1,"-63,5","865,7",Speedwayr-15-32-c2,"0,01227184630308513",
2025-07-25T14:04:54.9521530+03:00,A20000000000000000000000,,1,-65,"865,7",Speedwayr-15-32-c2,"1,7978254834019713",
2025-07-25T14:04:54.9541200+03:00,A70000000000000000000000,,1,-64,"865,7",Speedwayr-15-32-c2,"0,006135923151542565",
2025-07-25T14:04:54.9584340+03:00,A40000000000000000000000,,1,-64,"865,7",Speedwayr-15-32-c2,"2,5586799541932495",
2025-07-25T14:04:54.9599680+03:00,A60000000000000000000000,,1,-64,"865,7",Speedwayr-15-32-c2,"4,970097752749477",
2025-07-25T14:04:54.9610520+03:00,A30000000000000000000000,,1,"-63,5","865,7",Speedwayr-15-32-c2,"4,080388895775806",
2025-07-25T14:04:54.9640830+03:00,A80000000000000000000000,,1,-70,"865,7",Speedwayr-15-32-c2,"4,638757902566179",
2025-07-25T14:04:54.9785800+03:00,A70000000000000000000000,,1,"-63,5","865,7",Speedwayr-15-32-c2,0,
2025-07-25T14:04:54.9805540+03:00,A40000000000000000000000,,1,-63,"865,7",Speedwayr-15-32-c2,"2,8102528034064944",
2025-07-25T14:04:54.9822140+03:00,A60000000000000000000000,,1,-64,"865,7",Speedwayr-15-32-c2,"4,902602598082509",
2025-07-25T14:04:54.9835880+03:00,A20000000000000000000000,,1,"-65,5","865,7",Speedwayr-15-32-c2,"1,8346410223112268",
2025-07-25T14:04:54.9869870+03:00,A30000000000000000000000,,1,-64,"865,7",Speedwayr-15-32-c2,"4,074252972624263",
2025-07-25T14:04:54.9928310+03:00,A80000000000000000000000,,1,"-69,5","865,7",Speedwayr-15-32-c2,"4,6356899409904075",
2025-07-25T14:04:55.0011670+03:00,A60000000000000000000000,,1,"-64,5","865,7",Speedwayr-15-32-c2,"5,154175447295755",
2025-07-25T14:04:55.0034140+03:00,A70000000000000000000000,,1,-63,"865,7",Speedwayr-15-32-c2,"6,277049384028044",
2025-07-25T14:04:55.0049830+03:00,A20000000000000000000000,,1,-66,"865,7",Speedwayr-15-32-c2,"1,8223691760081417",
2025-07-25T14:04:55.0062940+03:00,A80000000000000000000000,,1,-69,"865,7",Speedwayr-15-32-c2,"4,595806440505381",
2025-07-25T14:04:55.0095780+03:00,A30000000000000000000000,,1,"-63,5","865,7",Speedwayr-15-32-c2,"4,313553975534423",
2025-07-25T14:04:55.0135220+03:00,A40000000000000000000000,,1,-65,"865,7",Speedwayr-15-32-c2,"2,454369260617026",
2025-07-25T14:04:55.0274020+03:00,A20000000000000000000000,,1,-66,"865,7",Speedwayr-15-32-c2,"2,0493983326152168",
2025-07-25T14:04:55.0292230+03:00,A40000000000000000000000,,1,-65,"865,7",Speedwayr-15-32-c2,"2,767301341345697",
2025-07-25T14:04:55.0303770+03:00,A60000000000000000000000,,1,"-63,5","865,7",Speedwayr-15-32-c2,"5,043728830567988",
2025-07-25T14:04:55.0335870+03:00,A70000000000000000000000,,1,-64,"865,7",Speedwayr-15-32-c2,"6,2463697682703305",
2025-07-25T14:04:55.0347150+03:00,A30000000000000000000000,,1,"-62,5","865,7",Speedwayr-15-32-c2,"4,178563666200486",
2025-07-25T14:04:55.0557730+03:00,A20000000000000000000000,,1,"-65,5","865,7",Speedwayr-15-32-c2,"1,9634954084936207",
2025-07-25T14:04:55.0588980+03:00,A70000000000000000000000,,1,-63,"865,7",Speedwayr-15-32-c2,"0,01227184630308513",
2025-07-25T14:04:55.0606520+03:00,A40000000000000000000000,,1,-65,"865,7",Speedwayr-15-32-c2,"2,6813984172241008",
2025-07-25T14:04:55.0618230+03:00,A60000000000000000000000,,1,-64,"865,7",Speedwayr-15-32-c2,"5,056000676871073",
2025-07-25T14:04:55.0633230+03:00,A30000000000000000000000,,1,-63,"865,7",Speedwayr-15-32-c2,"4,172427743048944",
2025-07-25T14:04:55.0645810+03:00,A80000000000000000000000,,1,"-66,5","865,7",Speedwayr-15-32-c2,"5,031456984264903",
2025-07-25T14:04:55.0815150+03:00,A30000000000000000000000,,1,-63,"865,7",Speedwayr-15-32-c2,"4,2031073588066565",
2025-07-25T14:04:55.0832290+03:00,A70000000000000000000000,,1,-64,"865,7",Speedwayr-15-32-c2,"6,277049384028044",
2025-07-25T14:04:55.0848620+03:00,A60000000000000000000000,,1,-65,"865,7",Speedwayr-15-32-c2,"5,117359908386499",
2025-07-25T14:04:55.0860150+03:00,A40000000000000000000000,,1,-65,"865,7",Speedwayr-15-32-c2,"2,718213956133356",
2025-07-25T14:04:55.0871140+03:00,A20000000000000000000000,,1,"-64,5","865,7",Speedwayr-15-32-c2,"2,0064468705544187",
2025-07-25T14:04:55.0894800+03:00,A80000000000000000000000,,1,"-65,5","865,7",Speedwayr-15-32-c2,"4,4362724385652745",
2025-07-25T14:04:55.1034010+03:00,A30000000000000000000000,,1,-63,"865,7",Speedwayr-15-32-c2,"3,9944859716542096",
2025-07-25T14:04:55.1056100+03:00,A60000000000000000000000,,1,"-64,5","865,7",Speedwayr-15-32-c2,"4,963961829597935",
2025-07-25T14:04:55.1078280+03:00,A40000000000000000000000,,1,-65,"865,7",Speedwayr-15-32-c2,"2,9391071895888885",
2025-07-25T14:04:55.1112530+03:00,A70000000000000000000000,,1,-64,"865,7",Speedwayr-15-32-c2,"0,1227184630308513",
2025-07-25T14:04:55.1135640+03:00,A20000000000000000000000,,1,"-65,5","865,7",Speedwayr-15-32-c2,"1,8775924843720249",
2025-07-25T14:04:55.1161380+03:00,A80000000000000000000000,,1,"-69,5","865,7",Speedwayr-15-32-c2,"4,81056375080937",
2025-07-25T14:04:55.1309130+03:00,A40000000000000000000000,,1,"-63,5","865,7",Speedwayr-15-32-c2,"2,650718801466388",
2025-07-25T14:04:55.1319840+03:00,A20000000000000000000000,,1,-65,"865,7",Speedwayr-15-32-c2,"1,9941750242513334",
2025-07-25T14:04:55.1338210+03:00,A70000000000000000000000,,1,-64,"865,7",Speedwayr-15-32-c2,"6,191146459906448",
2025-07-25T14:04:55.1349050+03:00,A30000000000000000000000,,1,-64,"865,7",Speedwayr-15-32-c2,"4,184699589352029",
2025-07-25T14:04:55.1368450+03:00,A60000000000000000000000,,1,"-64,5","865,7",Speedwayr-15-32-c2,"5,092816215780329",
2025-07-25T14:04:55.1479760+03:00,A80000000000000000000000,,1,-70,"865,7",Speedwayr-15-32-c2,"1,4358060174609601",
2025-07-25T14:04:55.1539220+03:00,A80000000000000000000000,,1,-70,"865,7",Speedwayr-15-32-c2,"4,565126824747668",
2025-07-25T14:04:55.1560890+03:00,A40000000000000000000000,,1,-65,"865,7",Speedwayr-15-32-c2,"2,742757648739526",
2025-07-25T14:04:55.1572740+03:00,A60000000000000000000000,,1,"-63,5","865,7",Speedwayr-15-32-c2,"5,098952138931871",
2025-07-25T14:04:55.1619640+03:00,A30000000000000000000000,,1,-64,"865,7",Speedwayr-15-32-c2,"4,301282129231338",
2025-07-25T14:04:55.1639020+03:00,A70000000000000000000000,,1,-63,"865,7",Speedwayr-15-32-c2,"6,234097921967246",
2025-07-25T14:04:55.1650710+03:00,A20000000000000000000000,,1,"-65,5","865,7",Speedwayr-15-32-c2,"1,9696313316451632",
2025-07-25T14:04:55.1806390+03:00,A40000000000000000000000,,1,-65,"865,7",Speedwayr-15-32-c2,"2,60776733940559",
2025-07-25T14:04:55.1817780+03:00,A70000000000000000000000,,1,"-63,5","865,7",Speedwayr-15-32-c2,"0,25157284921324513",
2025-07-25T14:04:55.1846450+03:00,A20000000000000000000000,,1,-65,"865,7",Speedwayr-15-32-c2,"1,9389517158874505",
2025-07-25T14:04:55.1857580+03:00,A30000000000000000000000,,1,-64,"865,7",Speedwayr-15-32-c2,"4,172427743048944",
2025-07-25T14:04:55.1870820+03:00,A60000000000000000000000,,1,-64,"865,7",Speedwayr-15-32-c2,"5,141903600992669",
2025-07-25T14:04:55.1938000+03:00,A80000000000000000000000,,1,-70,"865,7",Speedwayr-15-32-c2,"4,3933209765044765",
2025-07-25T14:04:55.2066770+03:00,A30000000000000000000000,,1,-63,"865,7",Speedwayr-15-32-c2,"4,246058820867455",
2025-07-25T14:04:55.2086810+03:00,A60000000000000000000000,,1,-64,"865,7",Speedwayr-15-32-c2,"5,049864753719531",
2025-07-25T14:04:55.2111400+03:00,A70000000000000000000000,,1,"-63,5","865,7",Speedwayr-15-32-c2,"0,23316507975861744",
2025-07-25T14:04:55.2148800+03:00,A40000000000000000000000,,1,-65,"865,7",Speedwayr-15-32-c2,"2,736621725587984",
2025-07-25T14:04:55.2163510+03:00,A20000000000000000000000,,1,"-65,5","865,7",Speedwayr-15-32-c2,"1,9573594853420782",
2025-07-25T14:04:55.2257870+03:00,A80000000000000000000000,,1,"-66,5","865,7",Speedwayr-15-32-c2,"4,565126824747668",
2025-07-25T14:04:55.2389280+03:00,A60000000000000000000000,,1,-64,"865,7",Speedwayr-15-32-c2,"4,822835597112456",
2025-07-25T14:04:55.2410630+03:00,A40000000000000000000000,,1,"-64,5","865,7",Speedwayr-15-32-c2,"2,7550294950426117",
2025-07-25T14:04:55.2425450+03:00,A30000000000000000000000,,1,-64,"865,7",Speedwayr-15-32-c2,"4,239922897715912",
2025-07-25T14:04:55.2459670+03:00,A70000000000000000000000,,1,"-62,5","865,7",Speedwayr-15-32-c2,"0,030679615757712823",
2025-07-25T14:04:55.2474790+03:00,A20000000000000000000000,,1,"-64,5","865,7",Speedwayr-15-32-c2,"1,9512235621905356",
2025-07-25T14:04:55.2531940+03:00,A80000000000000000000000,,1,"-69,5","865,7",Speedwayr-15-32-c2,"4,733864711415088",
2025-07-25T14:04:55.2624490+03:00,A20000000000000000000000,,1,"-63,5","865,7",Speedwayr-15-32-c2,"1,9389517158874505",
2025-07-25T14:04:55.2659560+03:00,A30000000000000000000000,,1,"-63,5","865,7",Speedwayr-15-32-c2,"4,295146206079795",
2025-07-25T14:04:55.2687500+03:00,A70000000000000000000000,,1,-64,"865,7",Speedwayr-15-32-c2,"6,068427996875596",
2025-07-25T14:04:55.2706850+03:00,A60000000000000000000000,,1,"-60,5","865,7",Speedwayr-15-32-c2,"5,117359908386499",
2025-07-25T14:04:55.2725900+03:00,A40000000000000000000000,,1,"-63,5","865,7",Speedwayr-15-32-c2,"2,8102528034064944",
2025-07-25T14:04:55.2742730+03:00,A80000000000000000000000,,1,-70,"865,7",Speedwayr-15-32-c2,"4,601942363656923",
2025-07-25T14:04:55.4045760+03:00,A60000000000000000000000,,1,-62,"865,7",Speedwayr-15-32-c2,"4,95168998329485",
2025-07-25T14:04:55.4056290+03:00,A40000000000000000000000,,1,"-65,5","865,7",Speedwayr-15-32-c2,"2,6445828783148455",
2025-07-25T14:04:55.4076060+03:00,A30000000000000000000000,,1,"-63,5","865,7",Speedwayr-15-32-c2,"4,184699589352029",
2025-07-25T14:04:55.4090740+03:00,A70000000000000000000000,,1,-64,"865,7",Speedwayr-15-32-c2,"0,04295146206079795",
2025-07-25T14:04:55.4110540+03:00,A20000000000000000000000,,1,-64,"865,7",Speedwayr-15-32-c2,"1,7978254834019713",
2025-07-25T14:04:55.4122260+03:00,A80000000000000000000000,,1,-69,"865,7",Speedwayr-15-32-c2,"4,632621979414636",
2025-07-25T14:04:55.4304210+03:00,A30000000000000000000000,,1,-64,"865,7",Speedwayr-15-32-c2,"4,301282129231338",
2025-07-25T14:04:55.4332180+03:00,A20000000000000000000000,,1,-66,"865,7",Speedwayr-15-32-c2,"1,9819031779482483",
2025-07-25T14:04:55.4360170+03:00,A40000000000000000000000,,1,"-65,5","865,7",Speedwayr-15-32-c2,"2,705942109830271",
2025-07-25T14:04:55.4379830+03:00,A70000000000000000000000,,1,-63,"865,7",Speedwayr-15-32-c2,"6,191146459906448",
2025-07-25T14:04:55.4392690+03:00,A60000000000000000000000,,1,-63,"865,7",Speedwayr-15-32-c2,"4,970097752749477",
2025-07-25T14:04:55.4448950+03:00,A80000000000000000000000,,1,"-69,5","865,7",Speedwayr-15-32-c2,"4,626486056263094",
2025-07-25T14:04:55.4587090+03:00,A20000000000000000000000,,1,-63,"865,7",Speedwayr-15-32-c2,"1,8346410223112268",
2025-07-25T14:04:55.4609660+03:00,A30000000000000000000000,,1,-63,"865,7",Speedwayr-15-32-c2,"4,190835512503572",
2025-07-25T14:04:55.4634890+03:00,A40000000000000000000000,,1,"-64,5","865,7",Speedwayr-15-32-c2,"2,724349879284899",
2025-07-25T14:04:55.4646170+03:00,A70000000000000000000000,,1,-63,"865,7",Speedwayr-15-32-c2,"6,17273869045182",
2025-07-25T14:04:55.4670750+03:00,A60000000000000000000000,,1,-64,"865,7",Speedwayr-15-32-c2,"4,859651136021712",
2025-07-25T14:04:55.4706400+03:00,A80000000000000000000000,,1,-68,"865,7",Speedwayr-15-32-c2,"6,160466844148735",
2025-07-25T14:04:55.4849000+03:00,A60000000000000000000000,,1,-64,"865,7",Speedwayr-15-32-c2,"4,859651136021712",
2025-07-25T14:04:55.4862570+03:00,A30000000000000000000000,,1,"-63,5","865,7",Speedwayr-15-32-c2,"4,1417481272912315",
2025-07-25T14:04:55.4873560+03:00,A40000000000000000000000,,1,-65,"865,7",Speedwayr-15-32-c2,"2,7857091108003242",
2025-07-25T14:04:55.4894420+03:00,A20000000000000000000000,,1,"-66,5","865,7",Speedwayr-15-32-c2,"1,7303303287350031",
2025-07-25T14:04:55.4924020+03:00,A70000000000000000000000,,1,"-63,5","865,7",Speedwayr-15-32-c2,"0,030679615757712823",
2025-07-25T14:04:55.4949880+03:00,A80000000000000000000000,,1,-70,"865,7",Speedwayr-15-32-c2,"4,6448938257177215",
2025-07-25T14:04:55.5120830+03:00,A40000000000000000000000,,1,-66,"865,7",Speedwayr-15-32-c2,"2,5893595699509624",
2025-07-25T14:04:55.5148480+03:00,A60000000000000000000000,,1,"-63,5","865,7",Speedwayr-15-32-c2,"4,884194828627882",
2025-07-25T14:04:55.5172760+03:00,A70000000000000000000000,,1,-62,"865,7",Speedwayr-15-32-c2,"6,135923151542564",
2025-07-25T14:04:55.5199170+03:00,A20000000000000000000000,,1,-65,"865,7",Speedwayr-15-32-c2,"1,7548740213411735",
2025-07-25T14:04:55.5226780+03:00,A30000000000000000000000,,1,-64,"865,7",Speedwayr-15-32-c2,"4,491495746929157",
2025-07-25T14:04:55.5275130+03:00,A80000000000000000000000,,1,"-69,5","865,7",Speedwayr-15-32-c2,"4,485359823777615",
2025-07-25T14:04:55.5430410+03:00,A60000000000000000000000,,1,"-63,5","865,7",Speedwayr-15-32-c2,"5,344389064993574",
2025-07-25T14:04:55.5447220+03:00,A70000000000000000000000,,1,-64,"865,7",Speedwayr-15-32-c2,"6,166602767300278",
2025-07-25T14:04:55.5469180+03:00,A30000000000000000000000,,1,"-63,5","865,7",Speedwayr-15-32-c2,"4,172427743048944",
2025-07-25T14:04:55.5480870+03:00,A20000000000000000000000,,1,"-66,5","865,7",Speedwayr-15-32-c2,"1,4480778637640452",
2025-07-25T14:04:55.5491700+03:00,A40000000000000000000000,,1,"-65,5","865,7",Speedwayr-15-32-c2,"2,4727770300716534",
2025-07-25T14:04:55.5536740+03:00,A80000000000000000000000,,1,"-68,5","865,7",Speedwayr-15-32-c2,"4,773748211900116",
2025-07-25T14:04:55.5656390+03:00,A30000000000000000000000,,1,"-63,5","865,7",Speedwayr-15-32-c2,"4,06811704947272",
2025-07-25T14:04:55.5678040+03:00,A40000000000000000000000,,1,"-64,5","865,7",Speedwayr-15-32-c2,"2,4605051837685683",
2025-07-25T14:04:55.5700600+03:00,A60000000000000000000000,,1,"-63,5","865,7",Speedwayr-15-32-c2,"4,8351074434155406",
2025-07-25T14:04:55.5733980+03:00,A80000000000000000000000,,1,-70,"865,7",Speedwayr-15-32-c2,"5,074408446325701",
2025-07-25T14:04:55.5744760+03:00,A70000000000000000000000,,1,"-64,5","865,7",Speedwayr-15-32-c2,"6,092971689481767",
2025-07-25T14:04:55.5764260+03:00,A20000000000000000000000,,1,-67,"865,7",Speedwayr-15-32-c2,"1,6566992509164924",
2025-07-25T14:04:55.5907490+03:00,A60000000000000000000000,,1,-64,"865,7",Speedwayr-15-32-c2,"4,7860200582032",
2025-07-25T14:04:55.5927260+03:00,A40000000000000000000000,,1,-65,"865,7",Speedwayr-15-32-c2,"2,521864415283994",
2025-07-25T14:04:55.5938210+03:00,A20000000000000000000000,,1,-66,"865,7",Speedwayr-15-32-c2,"1,4173982480063325",
2025-07-25T14:04:55.5967250+03:00,A70000000000000000000000,,1,"-63,5","865,7",Speedwayr-15-32-c2,"6,12365130523948",
2025-07-25T14:04:55.5984240+03:00,A30000000000000000000000,,1,-63,"865,7",Speedwayr-15-32-c2,"4,025165587411922",
2025-07-25T14:04:55.6171280+03:00,A30000000000000000000000,,1,-63,"865,7",Speedwayr-15-32-c2,"4,09266074207889",
2025-07-25T14:04:55.6193090+03:00,A70000000000000000000000,,1,-64,"865,7",Speedwayr-15-32-c2,"6,013204688511713",
2025-07-25T14:04:55.6220610+03:00,A40000000000000000000000,,1,"-65,5","865,7",Speedwayr-15-32-c2,"2,3930100291016",
2025-07-25T14:04:55.6249420+03:00,A60000000000000000000000,,1,-63,"865,7",Speedwayr-15-32-c2,"4,565126824747668",
2025-07-25T14:04:55.6268810+03:00,A20000000000000000000000,,1,"-66,5","865,7",Speedwayr-15-32-c2,"1,5278448647340985",
2025-07-25T14:04:55.6296130+03:00,A80000000000000000000000,,1,"-64,5","865,7",Speedwayr-15-32-c2,"5,945709533844745",
2025-07-25T14:04:55.6421090+03:00,A60000000000000000000000,,1,"-62,5","865,7",Speedwayr-15-32-c2,"4,638757902566179",
2025-07-25T14:04:55.6461700+03:00,A70000000000000000000000,,1,"-62,5","865,7",Speedwayr-15-32-c2,"6,135923151542564",
2025-07-25T14:04:55.6472100+03:00,A40000000000000000000000,,1,-66,"865,7",Speedwayr-15-32-c2,"2,4605051837685683",
2025-07-25T14:04:55.6488360+03:00,A30000000000000000000000,,1,-63,"865,7",Speedwayr-15-32-c2,"4,09266074207889",
2025-07-25T14:04:55.6508040+03:00,A20000000000000000000000,,1,"-64,5","865,7",Speedwayr-15-32-c2,"1,41126232485479",
2025-07-25T14:04:55.6547930+03:00,A80000000000000000000000,,1,-70,"865,7",Speedwayr-15-32-c2,"4,638757902566179",
2025-07-25T14:04:55.6690310+03:00,A70000000000000000000000,,1,"-63,5","865,7",Speedwayr-15-32-c2,"6,0991076126333095",
2025-07-25T14:04:55.6703560+03:00,A40000000000000000000000,,1,"-64,5","865,7",Speedwayr-15-32-c2,"2,442097414313941",
2025-07-25T14:04:55.6728220+03:00,A20000000000000000000000,,1,-65,"865,7",Speedwayr-15-32-c2,"1,7794177139473437",
2025-07-25T14:04:55.6748830+03:00,A60000000000000000000000,,1,-63,"865,7",Speedwayr-15-32-c2,"4,620350133111551",
2025-07-25T14:04:55.6759510+03:00,A30000000000000000000000,,1,"-62,5","865,7",Speedwayr-15-32-c2,"4,074252972624263",
2025-07-25T14:04:55.6836260+03:00,A80000000000000000000000,,1,-71,"865,7",Speedwayr-15-32-c2,"5,344389064993574",
2025-07-25T14:04:55.6980240+03:00,A70000000000000000000000,,1,-63,"865,7",Speedwayr-15-32-c2,"6,17273869045182",
2025-07-25T14:04:55.6992640+03:00,A20000000000000000000000,,1,"-65,5","865,7",Speedwayr-15-32-c2,"1,6689710972195777",
2025-07-25T14:04:55.7014450+03:00,A30000000000000000000000,,1,-63,"865,7",Speedwayr-15-32-c2,"4,061981126321178",
2025-07-25T14:04:55.7025560+03:00,A40000000000000000000000,,1,-65,"865,7",Speedwayr-15-32-c2,"2,3930100291016",
2025-07-25T14:04:55.7037130+03:00,A60000000000000000000000,,1,-63,"865,7",Speedwayr-15-32-c2,"4,608078286808466",
2025-07-25T14:04:55.7276980+03:00,A40000000000000000000000,,1,"-64,5","865,7",Speedwayr-15-32-c2,"2,429825568010856",
2025-07-25T14:04:55.7321800+03:00,A60000000000000000000000,,1,-63,"865,7",Speedwayr-15-32-c2,"4,71238898038469",
2025-07-25T14:04:55.7333340+03:00,A70000000000000000000000,,1,"-63,5","865,7",Speedwayr-15-32-c2,"6,178874613603362",
2025-07-25T14:04:55.7344460+03:00,A30000000000000000000000,,1,"-62,5","865,7",Speedwayr-15-32-c2,"4,025165587411922",
2025-07-25T14:04:55.7403470+03:00,A20000000000000000000000,,1,-64,"865,7",Speedwayr-15-32-c2,"1,509437095279471",
2025-07-25T14:04:55.7449350+03:00,A80000000000000000000000,,1,-69,"865,7",Speedwayr-15-32-c2,"5,00077736850719",
2025-07-25T14:04:55.7587920+03:00,A40000000000000000000000,,1,-64,"865,7",Speedwayr-15-32-c2,"2,5157284921324514",
2025-07-25T14:04:55.7608240+03:00,A60000000000000000000000,,1,-62,"865,7",Speedwayr-15-32-c2,"4,76147636559703",
2025-07-25T14:04:55.7621210+03:00,A30000000000000000000000,,1,-63,"865,7",Speedwayr-15-32-c2,"4,1172044346850605",
2025-07-25T14:04:55.7634600+03:00,A70000000000000000000000,,1,-64,"865,7",Speedwayr-15-32-c2,"0,0859029241215959",
2025-07-25T14:04:55.7665200+03:00,A80000000000000000000000,,1,"-71,5","865,7",Speedwayr-15-32-c2,"4,945554060143307",
2025-07-25T14:04:55.7676300+03:00,A20000000000000000000000,,1,"-65,5","865,7",Speedwayr-15-32-c2,"1,5892040962495242",
2025-07-25T14:04:55.7822830+03:00,A40000000000000000000000,,1,-64,"865,7",Speedwayr-15-32-c2,"2,3193789512830896",
2025-07-25T14:04:55.7839970+03:00,A30000000000000000000000,,1,-63,"865,7",Speedwayr-15-32-c2,"3,988350048502667",
2025-07-25T14:04:55.7850660+03:00,A70000000000000000000000,,1,"-64,5","865,7",Speedwayr-15-32-c2,"0,1718058482431918",
2025-07-25T14:04:55.7861350+03:00,A20000000000000000000000,,1,"-67,5","865,7",Speedwayr-15-32-c2,"1,4787574795217582",
2025-07-25T14:04:55.7877180+03:00,A60000000000000000000000,,1,-62,"865,7",Speedwayr-15-32-c2,"4,921010367537137",
2025-07-25T14:04:55.8059960+03:00,A80000000000000000000000,,1,-72,"865,7",Speedwayr-15-32-c2,"5,365864796023973",
2025-07-25T14:04:55.8145720+03:00,A70000000000000000000000,,1,"-64,5","865,7",Speedwayr-15-32-c2,"0,32520392703175593",
2025-07-25T14:04:55.8164830+03:00,A20000000000000000000000,,1,-67,"865,7",Speedwayr-15-32-c2,"1,5033011721279284",
2025-07-25T14:04:55.8176100+03:00,A30000000000000000000000,,1,-62,"865,7",Speedwayr-15-32-c2,"3,877903431774901",
2025-07-25T14:04:55.8187510+03:00,A60000000000000000000000,,1,-63,"865,7",Speedwayr-15-32-c2,"4,9823695990525625",
2025-07-25T14:04:55.8207690+03:00,A40000000000000000000000,,1,"-64,5","865,7",Speedwayr-15-32-c2,"2,509592568980909",
2025-07-25T14:04:55.8362220+03:00,A20000000000000000000000,,1,-66,"865,7",Speedwayr-15-32-c2,"1,5462526341887264",
2025-07-25T14:04:55.8390190+03:00,A40000000000000000000000,,1,"-63,5","865,7",Speedwayr-15-32-c2,"2,5709518004963345",
2025-07-25T14:04:55.8404290+03:00,A60000000000000000000000,,1,-63,"865,7",Speedwayr-15-32-c2,"5,037592907416445",
2025-07-25T14:04:55.8420660+03:00,A30000000000000000000000,,1,"-63,5","865,7",Speedwayr-15-32-c2,"3,9515345095934116",
2025-07-25T14:04:55.8454780+03:00,A70000000000000000000000,,1,-64,"865,7",Speedwayr-15-32-c2,"0,3988350048502667",
2025-07-25T14:04:55.8753350+03:00,A60000000000000000000000,,1,-63,"865,7",Speedwayr-15-32-c2,"4,9394181369917645",
2025-07-25T14:04:55.8766730+03:00,A70000000000000000000000,,1,"-63,5","865,7",Speedwayr-15-32-c2,"0,39269908169872414",
2025-07-25T14:04:55.8788800+03:00,A40000000000000000000000,,1,-65,"865,7",Speedwayr-15-32-c2,"2,552544031041707",
2025-07-25T14:04:55.8813290+03:00,A30000000000000000000000,,1,"-63,5","865,7",Speedwayr-15-32-c2,"3,9147189706841563",
2025-07-25T14:04:55.8833110+03:00,A20000000000000000000000,,1,"-66,5","865,7",Speedwayr-15-32-c2,"1,5830681730979816",
2025-07-25T14:04:55.8967310+03:00,A80000000000000000000000,,1,-72,"865,7",Speedwayr-15-32-c2,"5,559146375297564",
2025-07-25T14:04:55.9033310+03:00,A60000000000000000000000,,1,"-62,5","865,7",Speedwayr-15-32-c2,"5,227806525114265",
2025-07-25T14:04:55.9047400+03:00,A30000000000000000000000,,1,-63,"865,7",Speedwayr-15-32-c2,"3,9208548938356986",
2025-07-25T14:04:55.9089580+03:00,A40000000000000000000000,,1,-63,"865,7",Speedwayr-15-32-c2,"2,3439226438892597",
2025-07-25T14:04:55.9103080+03:00,A20000000000000000000000,,1,-65,"865,7",Speedwayr-15-32-c2,"1,141281706186917",
2025-07-25T14:04:55.9113320+03:00,A70000000000000000000000,,1,-63,"865,7",Speedwayr-15-32-c2,"0,3865631585471816",
2025-07-25T14:04:55.9165530+03:00,A80000000000000000000000,,1,-72,"865,7",Speedwayr-15-32-c2,"5,638913376267617",
2025-07-25T14:04:55.9290100+03:00,A20000000000000000000000,,1,"-64,5","865,7",Speedwayr-15-32-c2,"1,6260196351587797",
2025-07-25T14:04:55.9322340+03:00,A60000000000000000000000,,1,"-63,5","865,7",Speedwayr-15-32-c2,"5,2339424482658075",
2025-07-25T14:04:55.9348700+03:00,A70000000000000000000000,,1,-64,"865,7",Speedwayr-15-32-c2,"0,5583690067903734",
2025-07-25T14:04:55.9370860+03:00,A40000000000000000000000,,1,"-61,5","865,7",Speedwayr-15-32-c2,"2,3623304133438876",
2025-07-25T14:04:55.9429990+03:00,A30000000000000000000000,,1,-63,"865,7",Speedwayr-15-32-c2,"3,9392626632903265",
2025-07-25T14:04:55.9569680+03:00,A40000000000000000000000,,1,-65,"865,7",Speedwayr-15-32-c2,"2,3930100291016",
2025-07-25T14:04:55.9605850+03:00,A30000000000000000000000,,1,-63,"865,7",Speedwayr-15-32-c2,"3,9269908169872414",
2025-07-25T14:04:55.9630340+03:00,A70000000000000000000000,,1,"-63,5","865,7",Speedwayr-15-32-c2,"0,4970097752749477",
2025-07-25T14:04:55.9652580+03:00,A20000000000000000000000,,1,"-66,5","865,7",Speedwayr-15-32-c2,"1,6812429435226628",
2025-07-25T14:04:55.9667430+03:00,A60000000000000000000000,,1,-63,"865,7",Speedwayr-15-32-c2,"5,246214294568893",
2025-07-25T14:04:55.9836150+03:00,A80000000000000000000000,,1,"-70,5","865,7",Speedwayr-15-32-c2,"5,829126993965437",
2025-07-25T14:04:55.9876290+03:00,A60000000000000000000000,,1,"-61,5","865,7",Speedwayr-15-32-c2,"5,2339424482658075",
2025-07-25T14:04:55.9890270+03:00,A30000000000000000000000,,1,"-62,5","865,7",Speedwayr-15-32-c2,"4,111068511533518",
2025-07-25T14:04:55.9900950+03:00,A40000000000000000000000,,1,-65,"865,7",Speedwayr-15-32-c2,"2,773437264497239",
2025-07-25T14:04:55.9923840+03:00,A20000000000000000000000,,1,-63,"865,7",Speedwayr-15-32-c2,"1,7426021750380885",
2025-07-25T14:04:55.9952900+03:00,A70000000000000000000000,,1,-64,"865,7",Speedwayr-15-32-c2,"0,5890486225480862",
2025-07-25T14:04:56.0051030+03:00,A80000000000000000000000,,1,-73,"865,7",Speedwayr-15-32-c2,"5,810719224510809",
2025-07-25T14:04:56.0185180+03:00,A30000000000000000000000,,1,-62,"865,7",Speedwayr-15-32-c2,"3,933126740138784",
2025-07-25T14:04:56.0212130+03:00,A20000000000000000000000,,1,"-65,5","865,7",Speedwayr-15-32-c2,"1,7732817907958012",
2025-07-25T14:04:56.0235530+03:00,A60000000000000000000000,,1,"-62,5","865,7",Speedwayr-15-32-c2,"5,141903600992669",
2025-07-25T14:04:56.0246220+03:00,A40000000000000000000000,,1,"-64,5","865,7",Speedwayr-15-32-c2,"2,313243028131547",
2025-07-25T14:04:56.0260020+03:00,A70000000000000000000000,,1,-64,"865,7",Speedwayr-15-32-c2,"0,760854470791278",
2025-07-25T14:04:56.0478690+03:00,A80000000000000000000000,,1,"-71,5","865,7",Speedwayr-15-32-c2,"6,074563920027139",
2025-07-25T14:04:56.0543090+03:00,A20000000000000000000000,,1,-66,"865,7",Speedwayr-15-32-c2,"1,8162332528565992",
2025-07-25T14:04:56.0554340+03:00,A60000000000000000000000,,1,"-62,5","865,7",Speedwayr-15-32-c2,"5,50392306693368",
2025-07-25T14:04:56.0600650+03:00,A70000000000000000000000,,1,"-63,5","865,7",Speedwayr-15-32-c2,"0,8528933180644165",
2025-07-25T14:04:56.0634450+03:00,A40000000000000000000000,,1,"-64,5","865,7",Speedwayr-15-32-c2,"2,386874105950058",
2025-07-25T14:04:56.0647960+03:00,A30000000000000000000000,,1,"-63,5","865,7",Speedwayr-15-32-c2,"3,9453985864418692",
2025-07-25T14:04:56.0803350+03:00,A80000000000000000000000,,1,-71,"865,7",Speedwayr-15-32-c2,"6,040816342693655",
2025-07-25T14:04:56.0833720+03:00,A60000000000000000000000,,1,"-63,5","865,7",Speedwayr-15-32-c2,"5,602097837358362",
2025-07-25T14:04:56.0865670+03:00,A30000000000000000000000,,1,-63,"865,7",Speedwayr-15-32-c2,"4,295146206079795",
2025-07-25T14:04:56.0891420+03:00,A70000000000000000000000,,1,-62,"865,7",Speedwayr-15-32-c2,"0,9019807032767571",
2025-07-25T14:04:56.0919990+03:00,A20000000000000000000000,,1,"-64,5","865,7",Speedwayr-15-32-c2,"1,8162332528565992",
2025-07-25T14:04:56.0934100+03:00,A40000000000000000000000,,1,"-64,5","865,7",Speedwayr-15-32-c2,"2,2764274892222915",
2025-07-25T14:04:56.1057570+03:00,A80000000000000000000000,,1,-69,"865,7",Speedwayr-15-32-c2,"0,1595340019401067",
2025-07-25T14:04:56.1175330+03:00,A40000000000000000000000,,1,"-64,5","865,7",Speedwayr-15-32-c2,"1,9389517158874505",
2025-07-25T14:04:56.1202390+03:00,A60000000000000000000000,,1,-62,"865,7",Speedwayr-15-32-c2,"5,166447293598839",
2025-07-25T14:04:56.1217920+03:00,A30000000000000000000000,,1,"-62,5","865,7",Speedwayr-15-32-c2,"4,227651051412827",
2025-07-25T14:04:56.1248210+03:00,A20000000000000000000000,,1,-67,"865,7",Speedwayr-15-32-c2,"1,9573594853420782",
2025-07-25T14:04:56.1263910+03:00,A70000000000000000000000,,1,-64,"865,7",Speedwayr-15-32-c2,"0,9694758579437253",
2025-07-25T14:04:56.1346240+03:00,A80000000000000000000000,,1,-70,"865,7",Speedwayr-15-32-c2,"6,2463697682703305",
2025-07-25T14:04:56.1494330+03:00,A60000000000000000000000,,1,"-62,5","865,7",Speedwayr-15-32-c2,"5,577554144752192",
2025-07-25T14:04:56.1508160+03:00,A40000000000000000000000,,1,-65,"865,7",Speedwayr-15-32-c2,"2,4850488763747385",
2025-07-25T14:04:56.1519520+03:00,A20000000000000000000000,,1,"-65,5","865,7",Speedwayr-15-32-c2,"1,9144080232812801",
2025-07-25T14:04:56.1535480+03:00,A30000000000000000000000,,1,"-62,5","865,7",Speedwayr-15-32-c2,"4,080388895775806",
2025-07-25T14:04:56.1546020+03:00,A70000000000000000000000,,1,-64,"865,7",Speedwayr-15-32-c2,"1,0246991663076084",
2025-07-25T14:04:56.1567060+03:00,A80000000000000000000000,,1,-71,"865,7",Speedwayr-15-32-c2,"0,14112623248547898",
2025-07-25T14:04:56.1686260+03:00,A70000000000000000000000,,1,"-62,5","865,7",Speedwayr-15-32-c2,"1,0676506283684062",
2025-07-25T14:04:56.1702380+03:00,A60000000000000000000000,,1,"-62,5","865,7",Speedwayr-15-32-c2,"5,675728915176872",
2025-07-25T14:04:56.1718450+03:00,A40000000000000000000000,,1,-64,"865,7",Speedwayr-15-32-c2,"2,564815877344792",
2025-07-25T14:04:56.1758640+03:00,A30000000000000000000000,,1,-63,"865,7",Speedwayr-15-32-c2,"4,074252972624263",
2025-07-25T14:04:56.1790030+03:00,A20000000000000000000000,,1,"-63,5","865,7",Speedwayr-15-32-c2,"1,9266798695843652",
2025-07-25T14:04:56.1925070+03:00,A20000000000000000000000,,1,-66,"865,7",Speedwayr-15-32-c2,"1,7241944055834606",
2025-07-25T14:04:56.1935600+03:00,A30000000000000000000000,,1,-62,"865,7",Speedwayr-15-32-c2,"4,04357335686655",
2025-07-25T14:04:56.1949560+03:00,A60000000000000000000000,,1,"-62,5","865,7",Speedwayr-15-32-c2,"5,632777453116074",
2025-07-25T14:04:56.1998600+03:00,A40000000000000000000000,,1,"-62,5","865,7",Speedwayr-15-32-c2,"2,5954954931025047",
2025-07-25T14:04:56.2009410+03:00,A70000000000000000000000,,1,-64,"865,7",Speedwayr-15-32-c2,"1,0983302441261191",
2025-07-25T14:04:56.2035180+03:00,A80000000000000000000000,,1,"-69,5","865,7",Speedwayr-15-32-c2,"0,1595340019401067",
2025-07-25T14:04:56.2156670+03:00,A70000000000000000000000,,1,"-63,5","865,7",Speedwayr-15-32-c2,"1,1106020904292042",
2025-07-25T14:04:56.2185580+03:00,A40000000000000000000000,,1,-64,"865,7",Speedwayr-15-32-c2,"2,5832236467994196",
2025-07-25T14:04:56.2213660+03:00,A30000000000000000000000,,1,-62,"865,7",Speedwayr-15-32-c2,"4,528311285838413",
2025-07-25T14:04:56.2240270+03:00,A20000000000000000000000,,1,-66,"865,7",Speedwayr-15-32-c2,"2,141437179888355",
2025-07-25T14:04:56.2251380+03:00,A60000000000000000000000,,1,"-62,5","865,7",Speedwayr-15-32-c2,"5,608233760509904",
2025-07-25T14:04:56.2263830+03:00,A80000000000000000000000,,1,"-68,5","865,7",Speedwayr-15-32-c2,"0,5338253141842031",
2025-07-25T14:04:56.2397120+03:00,A40000000000000000000000,,1,"-64,5","865,7",Speedwayr-15-32-c2,"2,466641106920111",
2025-07-25T14:04:56.2434200+03:00,A20000000000000000000000,,1,-66,"865,7",Speedwayr-15-32-c2,"1,932815792735908",
2025-07-25T14:04:56.2451960+03:00,A60000000000000000000000,,1,-62,"865,7",Speedwayr-15-32-c2,"5,6573211457222445",
2025-07-25T14:04:56.2462930+03:00,A30000000000000000000000,,1,-63,"865,7",Speedwayr-15-32-c2,"4,06811704947272",
2025-07-25T14:04:56.2486160+03:00,A70000000000000000000000,,1,-63,"865,7",Speedwayr-15-32-c2,"1,2946797849754812",
2025-07-25T14:04:56.2546450+03:00,A80000000000000000000000,,1,"-68,5","865,7",Speedwayr-15-32-c2,"0,2086213871524472",
2025-07-25T14:04:56.2688920+03:00,A20000000000000000000000,,1,-63,"865,7",Speedwayr-15-32-c2,"1,8223691760081417",
2025-07-25T14:04:56.2713210+03:00,A60000000000000000000000,,1,"-62,5","865,7",Speedwayr-15-32-c2,"5,6573211457222445",
2025-07-25T14:04:56.2737610+03:00,A40000000000000000000000,,1,-65,"865,7",Speedwayr-15-32-c2,"2,767301341345697",
2025-07-25T14:04:56.2748730+03:00,A70000000000000000000000,,1,"-63,5","865,7",Speedwayr-15-32-c2,"1,0737865515199487",
2025-07-25T14:04:56.2790240+03:00,A30000000000000000000000,,1,"-61,5","865,7",Speedwayr-15-32-c2,"4,061981126321178",
2025-07-25T14:04:56.2811190+03:00,A80000000000000000000000,,1,-69,"865,7",Speedwayr-15-32-c2,"0,19634954084936207",
2025-07-25T14:04:56.2934280+03:00,A20000000000000000000000,,1,"-66,5","865,7",Speedwayr-15-32-c2,"1,846912868614312",
2025-07-25T14:04:56.2956220+03:00,A80000000000000000000000,,1,"-69,5","865,7",Speedwayr-15-32-c2,"0,28838838812250056",
2025-07-25T14:04:56.2981530+03:00,A60000000000000000000000,,1,-61,"865,7",Speedwayr-15-32-c2,"5,651185222570702",
2025-07-25T14:04:56.2996250+03:00,A30000000000000000000000,,1,-62,"865,7",Speedwayr-15-32-c2,"3,9760782021995817",
2025-07-25T14:04:56.3018620+03:00,A70000000000000000000000,,1,"-63,5","865,7",Speedwayr-15-32-c2,"1,2455923997631406",
2025-07-25T14:04:56.3033470+03:00,A40000000000000000000000,,1,"-64,5","865,7",Speedwayr-15-32-c2,"2,509592568980909",
2025-07-25T14:04:56.3186370+03:00,A70000000000000000000000,,1,"-62,5","865,7",Speedwayr-15-32-c2,"1,0369710126106935",
2025-07-25T14:04:56.3206050+03:00,A40000000000000000000000,,1,-63,"865,7",Speedwayr-15-32-c2,"2,779573187648782",
2025-07-25T14:04:56.3223110+03:00,A30000000000000000000000,,1,-62,"865,7",Speedwayr-15-32-c2,"4,111068511533518",
2025-07-25T14:04:56.3234710+03:00,A60000000000000000000000,,1,"-62,5","865,7",Speedwayr-15-32-c2,"5,829126993965437",
2025-07-25T14:04:56.3246990+03:00,A20000000000000000000000,,1,-67,"865,7",Speedwayr-15-32-c2,"1,8039614065535141",
2025-07-25T14:04:56.3283380+03:00,A80000000000000000000000,,1,-65,"865,7",Speedwayr-15-32-c2,"0,380427235395639",
2025-07-25T14:04:56.3402940+03:00,A40000000000000000000000,,1,"-60,5","865,7",Speedwayr-15-32-c2,"2,7120780329818137",
2025-07-25T14:04:56.3424990+03:00,A20000000000000000000000,,1,-66,"865,7",Speedwayr-15-32-c2,"2,030990563160589",
2025-07-25T14:04:56.3441640+03:00,A60000000000000000000000,,1,"-62,5","865,7",Speedwayr-15-32-c2,"5,688000761479957",
2025-07-25T14:04:56.3466110+03:00,A80000000000000000000000,,1,"-68,5","865,7",Speedwayr-15-32-c2,"0,1349903093339364",
2025-07-25T14:04:56.3479630+03:00,A30000000000000000000000,,1,-62,"865,7",Speedwayr-15-32-c2,"4,1172044346850605",
2025-07-25T14:04:56.3497460+03:00,A70000000000000000000000,,1,"-63,5","865,7",Speedwayr-15-32-c2,"0,9633399347921826",
2025-07-25T14:04:56.3665800+03:00,A30000000000000000000000,,1,-62,"865,7",Speedwayr-15-32-c2,"4,1417481272912315",
2025-07-25T14:04:56.3677510+03:00,A60000000000000000000000,,1,"-62,5","865,7",Speedwayr-15-32-c2,"5,602097837358362",
2025-07-25T14:04:56.3698150+03:00,A70000000000000000000000,,1,"-63,5","865,7",Speedwayr-15-32-c2,"1,0921943209745766",
2025-07-25T14:04:56.3714240+03:00,A20000000000000000000000,,1,"-65,5","865,7",Speedwayr-15-32-c2,"1,8223691760081417",
2025-07-25T14:04:56.3740590+03:00,A40000000000000000000000,,1,-64,"865,7",Speedwayr-15-32-c2,"2,742757648739526",
2025-07-25T14:04:56.3761240+03:00,A80000000000000000000000,,1,"-69,5","865,7",Speedwayr-15-32-c2,"0,3620194659410113",
2025-07-25T14:04:56.3916170+03:00,A70000000000000000000000,,1,-62,"865,7",Speedwayr-15-32-c2,"1,0615147052168636",
2025-07-25T14:04:56.3938290+03:00,A40000000000000000000000,,1,"-64,5","865,7",Speedwayr-15-32-c2,"2,773437264497239",
2025-07-25T14:04:56.3949020+03:00,A80000000000000000000000,,1,"-68,5","865,7",Speedwayr-15-32-c2,"0,21475731030398976",
2025-07-25T14:04:56.3962420+03:00,A60000000000000000000000,,1,"-62,5","865,7",Speedwayr-15-32-c2,"5,602097837358362",
2025-07-25T14:04:56.3973110+03:00,A30000000000000000000000,,1,-62,"865,7",Speedwayr-15-32-c2,"4,147884050442774",
2025-07-25T14:04:56.3995030+03:00,A20000000000000000000000,,1,-66,"865,7",Speedwayr-15-32-c2,"1,718058482431918",
2025-07-25T14:04:56.4127650+03:00,A30000000000000000000000,,1,-62,"865,7",Speedwayr-15-32-c2,"4,184699589352029",
2025-07-25T14:04:56.4143750+03:00,A60000000000000000000000,,1,-62,"865,7",Speedwayr-15-32-c2,"5,583690067903734",
2025-07-25T14:04:56.4166270+03:00,A20000000000000000000000,,1,-66,"865,7",Speedwayr-15-32-c2,"1,8714565612204823",
2025-07-25T14:04:56.4177060+03:00,A70000000000000000000000,,1,"-61,5","865,7",Speedwayr-15-32-c2,"1,043106935762236",
2025-07-25T14:04:56.4201420+03:00,A40000000000000000000000,,1,-61,"865,7",Speedwayr-15-32-c2,"2,804116880254952",
2025-07-25T14:04:56.4222340+03:00,A80000000000000000000000,,1,"-70,5","865,7",Speedwayr-15-32-c2,"0,14112623248547898",
2025-07-25T14:04:56.4379870+03:00,A20000000000000000000000,,1,"-66,5","865,7",Speedwayr-15-32-c2,"2,116893487282185",
2025-07-25T14:04:56.4393250+03:00,A30000000000000000000000,,1,-62,"865,7",Speedwayr-15-32-c2,"4,1172044346850605",
2025-07-25T14:04:56.4403790+03:00,A70000000000000000000000,,1,"-61,5","865,7",Speedwayr-15-32-c2,"1,0185632431560658",
2025-07-25T14:04:56.4417190+03:00,A60000000000000000000000,,1,-61,"865,7",Speedwayr-15-32-c2,"5,50392306693368",
2025-07-25T14:04:56.4428330+03:00,A40000000000000000000000,,1,"-63,5","865,7",Speedwayr-15-32-c2,"2,748893571891069",
2025-07-25T14:04:56.4446160+03:00,A80000000000000000000000,,1,-66,"865,7",Speedwayr-15-32-c2,"0,28838838812250056",
2025-07-25T14:04:56.4600180+03:00,A70000000000000000000000,,1,-62,"865,7",Speedwayr-15-32-c2,"1,0983302441261191",
2025-07-25T14:04:56.4617140+03:00,A30000000000000000000000,,1,"-60,5","865,7",Speedwayr-15-32-c2,"4,215379205109742",
2025-07-25T14:04:56.4631620+03:00,A40000000000000000000000,,1,"-64,5","865,7",Speedwayr-15-32-c2,"2,7857091108003242",
2025-07-25T14:04:56.4645000+03:00,A60000000000000000000000,,1,"-62,5","865,7",Speedwayr-15-32-c2,"5,497787143782138",
2025-07-25T14:04:56.4655730+03:00,A20000000000000000000000,,1,-67,"865,7",Speedwayr-15-32-c2,"1,5462526341887264",
2025-07-25T14:04:56.4902780+03:00,A80000000000000000000000,,1,"-70,5","865,7",Speedwayr-15-32-c2,"0,0674951546669682",
2025-07-25T14:04:56.4967680+03:00,A40000000000000000000000,,1,"-64,5","865,7",Speedwayr-15-32-c2,"3,0802334220743677",
2025-07-25T14:04:56.4978630+03:00,A30000000000000000000000,,1,-61,"865,7",Speedwayr-15-32-c2,"4,129476280988146",
2025-07-25T14:04:56.4997010+03:00,A60000000000000000000000,,1,"-61,5","865,7",Speedwayr-15-32-c2,"5,21553467881118",
2025-07-25T14:04:56.5036120+03:00,A70000000000000000000000,,1,-63,"865,7",Speedwayr-15-32-c2,"0,9510680884890975",
2025-07-25T14:04:56.5053080+03:00,A80000000000000000000000,,1,"-69,5","865,7",Speedwayr-15-32-c2,"0,16566992509164924",
2025-07-25T14:04:56.5064660+03:00,A20000000000000000000000,,1,"-66,5","865,7",Speedwayr-15-32-c2,"1,9205439464328227",
2025-07-25T14:04:56.5219100+03:00,A70000000000000000000000,,1,-63,"865,7",Speedwayr-15-32-c2,"0,7731263170943632",
2025-07-25T14:04:56.5247410+03:00,A30000000000000000000000,,1,-62,"865,7",Speedwayr-15-32-c2,"4,264466590322082",
2025-07-25T14:04:56.5325780+03:00,A60000000000000000000000,,1,-61,"865,7",Speedwayr-15-32-c2,"5,141903600992669",
2025-07-25T14:04:56.5336990+03:00,A20000000000000000000000,,1,-66,"865,7",Speedwayr-15-32-c2,"1,7732817907958012",
2025-07-25T14:04:56.5349240+03:00,A40000000000000000000000,,1,-64,"865,7",Speedwayr-15-32-c2,"2,834796496012665",
2025-07-25T14:04:56.5362410+03:00,A80000000000000000000000,,1,"-69,5","865,7",Speedwayr-15-32-c2,"6,215690152512618",
2025-07-25T14:04:56.5490940+03:00,A60000000000000000000000,,1,-61,"865,7",Speedwayr-15-32-c2,"5,141903600992669",
2025-07-25T14:04:56.5507780+03:00,A20000000000000000000000,,1,"-65,5","865,7",Speedwayr-15-32-c2,"1,6751070203711202",
2025-07-25T14:04:56.5549000+03:00,A30000000000000000000000,,1,-62,"865,7",Speedwayr-15-32-c2,"4,031301510563465",
2025-07-25T14:04:56.5562380+03:00,A70000000000000000000000,,1,-63,"865,7",Speedwayr-15-32-c2,"0,8099418560036186",
2025-07-25T14:04:56.5580660+03:00,A40000000000000000000000,,1,"-63,5","865,7",Speedwayr-15-32-c2,"2,466641106920111",
2025-07-25T14:04:56.5638500+03:00,A80000000000000000000000,,1,"-71,5","865,7",Speedwayr-15-32-c2,"0,1043106935762236",
2025-07-25T14:04:56.5766160+03:00,A80000000000000000000000,,1,"-68,5","865,7",Speedwayr-15-32-c2,"0,02454369260617026",
2025-07-25T14:04:56.5786190+03:00,A60000000000000000000000,,1,-61,"865,7",Speedwayr-15-32-c2,"5,105088062083414",
2025-07-25T14:04:56.5819320+03:00,A70000000000000000000000,,1,"-62,5","865,7",Speedwayr-15-32-c2,"0,7669903939428205",
2025-07-25T14:04:56.5844610+03:00,A30000000000000000000000,,1,-62,"865,7",Speedwayr-15-32-c2,"4,154019973594316",
2025-07-25T14:04:56.5863940+03:00,A40000000000000000000000,,1,-64,"865,7",Speedwayr-15-32-c2,"2,675262494072558",
2025-07-25T14:04:56.5874790+03:00,A20000000000000000000000,,1,"-65,5","865,7",Speedwayr-15-32-c2,"1,7241944055834606",
2025-07-25T14:04:56.6013040+03:00,A70000000000000000000000,,1,-62,"865,7",Speedwayr-15-32-c2,"0,7792622402459057",
2025-07-25T14:04:56.6029320+03:00,A20000000000000000000000,,1,-66,"865,7",Speedwayr-15-32-c2,"1,8775924843720249",
2025-07-25T14:04:56.6059220+03:00,A60000000000000000000000,,1,-61,"865,7",Speedwayr-15-32-c2,"4,988505522204105",
2025-07-25T14:04:56.6072160+03:00,A40000000000000000000000,,1,"-62,5","865,7",Speedwayr-15-32-c2,"2,779573187648782",
2025-07-25T14:04:56.6088360+03:00,A30000000000000000000000,,1,"-61,5","865,7",Speedwayr-15-32-c2,"4,09266074207889",
2025-07-25T14:04:56.6149690+03:00,A80000000000000000000000,,1,"-68,5","865,7",Speedwayr-15-32-c2,"0,018407769454627694",
2025-07-25T14:04:56.6270560+03:00,A20000000000000000000000,,1,-67,"865,7",Speedwayr-15-32-c2,"1,5155730184310134",
2025-07-25T14:04:56.6281920+03:00,A60000000000000000000000,,1,"-60,5","865,7",Speedwayr-15-32-c2,"5,049864753719531",
2025-07-25T14:04:56.6308740+03:00,A30000000000000000000000,,1,-62,"865,7",Speedwayr-15-32-c2,"4,09266074207889",
2025-07-25T14:04:56.6319840+03:00,A70000000000000000000000,,1,"-62,5","865,7",Speedwayr-15-32-c2,"0,607456392002714",
2025-07-25T14:04:56.6367150+03:00,A80000000000000000000000,,1,-69,"865,7",Speedwayr-15-32-c2,"6,258641614573416",
2025-07-25T14:04:56.6378260+03:00,A40000000000000000000000,,1,-64,"865,7",Speedwayr-15-32-c2,"2,9391071895888885",
2025-07-25T14:04:56.6534460+03:00,A20000000000000000000000,,1,-66,"865,7",Speedwayr-15-32-c2,"1,718058482431918",
2025-07-25T14:04:56.6548120+03:00,A60000000000000000000000,,1,-61,"865,7",Speedwayr-15-32-c2,"5,074408446325701",
2025-07-25T14:04:56.6558660+03:00,A30000000000000000000000,,1,-62,"865,7",Speedwayr-15-32-c2,"4,06811704947272",
2025-07-25T14:04:56.6597870+03:00,A40000000000000000000000,,1,-64,"865,7",Speedwayr-15-32-c2,"2,675262494072558",
2025-07-25T14:04:56.6631020+03:00,A70000000000000000000000,,1,-63,"865,7",Speedwayr-15-32-c2,"0,6442719309119693",
2025-07-25T14:04:56.6642060+03:00,A80000000000000000000000,,1,"-71,5","865,7",Speedwayr-15-32-c2,"6,277049384028044",
2025-07-25T14:04:56.6775450+03:00,A60000000000000000000000,,1,-60,"865,7",Speedwayr-15-32-c2,"5,049864753719531",
2025-07-25T14:04:56.6796980+03:00,A70000000000000000000000,,1,-62,"865,7",Speedwayr-15-32-c2,"0,6320000846088841",
2025-07-25T14:04:56.6819080+03:00,A30000000000000000000000,,1,"-61,5","865,7",Speedwayr-15-32-c2,"3,9638063558964967",
2025-07-25T14:04:56.6836100+03:00,A20000000000000000000000,,1,-67,"865,7",Speedwayr-15-32-c2,"1,6873788666742053",
2025-07-25T14:04:56.6846800+03:00,A40000000000000000000000,,1,"-62,5","865,7",Speedwayr-15-32-c2,"2,7550294950426117",
2025-07-25T14:04:56.6866450+03:00,A80000000000000000000000,,1,-70,"865,7",Speedwayr-15-32-c2,"6,056156150572511",
2025-07-25T14:04:56.6986330+03:00,A70000000000000000000000,,1,-63,"865,7",Speedwayr-15-32-c2,"0,9142525495798421",
2025-07-25T14:04:56.7018420+03:00,A20000000000000000000000,,1,"-67,5","865,7",Speedwayr-15-32-c2,"1,7916895602504288",
2025-07-25T14:04:56.7034050+03:00,A60000000000000000000000,,1,-61,"865,7",Speedwayr-15-32-c2,"5,129631754689584",
2025-07-25T14:04:56.7056790+03:00,A40000000000000000000000,,1,-64,"865,7",Speedwayr-15-32-c2,"2,6875343403756435",
2025-07-25T14:04:56.7088360+03:00,A30000000000000000000000,,1,"-60,5","865,7",Speedwayr-15-32-c2,"4,0987966652304335",
2025-07-25T14:04:56.7234360+03:00,A80000000000000000000000,,1,"-70,5","865,7",Speedwayr-15-32-c2,"6,12365130523948",
2025-07-25T14:04:56.7365990+03:00,A30000000000000000000000,,1,-62,"865,7",Speedwayr-15-32-c2,"3,9453985864418692",
2025-07-25T14:04:56.7420260+03:00,A60000000000000000000000,,1,-61,"865,7",Speedwayr-15-32-c2,"5,117359908386499",
2025-07-25T14:04:56.7430800+03:00,A40000000000000000000000,,1,"-63,5","865,7",Speedwayr-15-32-c2,"2,705942109830271",
2025-07-25T14:04:56.7441770+03:00,A20000000000000000000000,,1,"-66,5","865,7",Speedwayr-15-32-c2,"1,7671458676442586",
2025-07-25T14:04:56.7452920+03:00,A70000000000000000000000,,1,"-63,5","865,7",Speedwayr-15-32-c2,"0,6381360077604268",
2025-07-25T14:04:56.7635560+03:00,A60000000000000000000000,,1,-62,"865,7",Speedwayr-15-32-c2,"5,031456984264903",
2025-07-25T14:04:56.7648500+03:00,A30000000000000000000000,,1,"-62,5","865,7",Speedwayr-15-32-c2,"3,8533597391687304",
2025-07-25T14:04:56.7663740+03:00,A70000000000000000000000,,1,-63,"865,7",Speedwayr-15-32-c2,"0,6565437772150544",
2025-07-25T14:04:56.7677000+03:00,A40000000000000000000000,,1,-64,"865,7",Speedwayr-15-32-c2,"2,662990647769473",
2025-07-25T14:04:56.7691700+03:00,A20000000000000000000000,,1,"-66,5","865,7",Speedwayr-15-32-c2,"2,2150682577068657",
2025-07-25T14:04:56.7742940+03:00,A80000000000000000000000,,1,-70,"865,7",Speedwayr-15-32-c2,"6,191146459906448",
2025-07-25T14:04:56.7889880+03:00,A60000000000000000000000,,1,-60,"865,7",Speedwayr-15-32-c2,"5,148039524144211",
2025-07-25T14:04:56.7901120+03:00,A30000000000000000000000,,1,-60,"865,7",Speedwayr-15-32-c2,"3,9515345095934116",
2025-07-25T14:04:56.7916630+03:00,A70000000000000000000000,,1,"-63,5","865,7",Speedwayr-15-32-c2,"0,6749515466696822",
2025-07-25T14:04:56.7936740+03:00,A40000000000000000000000,,1,-62,"865,7",Speedwayr-15-32-c2,"2,6875343403756435",
2025-07-25T14:04:56.7947600+03:00,A20000000000000000000000,,1,"-66,5","865,7",Speedwayr-15-32-c2,"1,5462526341887264",
2025-07-25T14:04:56.8142630+03:00,A40000000000000000000000,,1,-63,"865,7",Speedwayr-15-32-c2,"2,6875343403756435",
2025-07-25T14:04:56.8156090+03:00,A60000000000000000000000,,1,-62,"865,7",Speedwayr-15-32-c2,"5,1725832167503825",
2025-07-25T14:04:56.8177920+03:00,A20000000000000000000000,,1,-64,"865,7",Speedwayr-15-32-c2,"1,9082721001297376",
2025-07-25T14:04:56.8202520+03:00,A30000000000000000000000,,1,-62,"865,7",Speedwayr-15-32-c2,"4,080388895775806",
2025-07-25T14:04:56.8228470+03:00,A70000000000000000000000,,1,-63,"865,7",Speedwayr-15-32-c2,"0,7669903939428205",
2025-07-25T14:04:56.8243310+03:00,A80000000000000000000000,,1,"-68,5","865,7",Speedwayr-15-32-c2,"0,1043106935762236",
2025-07-25T14:04:56.8390990+03:00,A40000000000000000000000,,1,"-63,5","865,7",Speedwayr-15-32-c2,"2,7979809571034093",
2025-07-25T14:04:56.8418190+03:00,A60000000000000000000000,,1,-62,"865,7",Speedwayr-15-32-c2,"5,098952138931871",
2025-07-25T14:04:56.8435560+03:00,A20000000000000000000000,,1,"-65,5","865,7",Speedwayr-15-32-c2,"1,6137477888556946",
2025-07-25T14:04:56.8446230+03:00,A70000000000000000000000,,1,"-63,5","865,7",Speedwayr-15-32-c2,"0,6810874698212247",
2025-07-25T14:04:56.8460780+03:00,A30000000000000000000000,,1,-62,"865,7",Speedwayr-15-32-c2,"3,9699422790480394",
2025-07-25T14:04:56.8664820+03:00,A80000000000000000000000,,1,"-71,5","865,7",Speedwayr-15-32-c2,0,
2025-07-25T14:04:56.8697980+03:00,A20000000000000000000000,,1,"-65,5","865,7",Speedwayr-15-32-c2,"1,8530487917658545",
2025-07-25T14:04:56.8722360+03:00,A60000000000000000000000,,1,-61,"865,7",Speedwayr-15-32-c2,"5,2768939103266055",
2025-07-25T14:04:56.8737720+03:00,A30000000000000000000000,,1,-62,"865,7",Speedwayr-15-32-c2,"3,9515345095934116",
2025-07-25T14:04:56.8751150+03:00,A70000000000000000000000,,1,"-63,5","865,7",Speedwayr-15-32-c2,"0,8222137023067037",
2025-07-25T14:04:56.8791930+03:00,A40000000000000000000000,,1,"-63,5","865,7",Speedwayr-15-32-c2,"2,411417798556228",
2025-07-25T14:04:56.8851030+03:00,A80000000000000000000000,,1,-70,"865,7",Speedwayr-15-32-c2,"6,264777537724958",
2025-07-25T14:04:56.8986760+03:00,A60000000000000000000000,,1,-61,"865,7",Speedwayr-15-32-c2,"5,148039524144211",
2025-07-25T14:04:56.8997850+03:00,A20000000000000000000000,,1,-65,"865,7",Speedwayr-15-32-c2,"2,000310947402876",
2025-07-25T14:04:56.9043960+03:00,A70000000000000000000000,,1,-63,"865,7",Speedwayr-15-32-c2,"0,6013204688511713",
2025-07-25T14:04:56.9055240+03:00,A80000000000000000000000,,1,-68,"865,7",Speedwayr-15-32-c2,"0,06135923151542565",
2025-07-25T14:04:56.9066490+03:00,A30000000000000000000000,,1,"-62,5","865,7",Speedwayr-15-32-c2,"3,8288160465625602",
2025-07-25T14:04:56.9081020+03:00,A40000000000000000000000,,1,"-63,5","865,7",Speedwayr-15-32-c2,"2,435961491162398",
2025-07-25T14:04:56.9218890+03:00,A40000000000000000000000,,1,-64,"865,7",Speedwayr-15-32-c2,"2,564815877344792",
2025-07-25T14:04:56.9238410+03:00,A70000000000000000000000,,1,-63,"865,7",Speedwayr-15-32-c2,"0,6933593161243098",
2025-07-25T14:04:56.9255920+03:00,A60000000000000000000000,,1,"-60,5","865,7",Speedwayr-15-32-c2,"5,141903600992669",
2025-07-25T14:04:56.9275040+03:00,A30000000000000000000000,,1,-63,"865,7",Speedwayr-15-32-c2,"3,773592738198677",
2025-07-25T14:04:56.9285690+03:00,A20000000000000000000000,,1,"-64,5","865,7",Speedwayr-15-32-c2,"1,9266798695843652",
2025-07-25T14:04:56.9434350+03:00,A80000000000000000000000,,1,-69,"865,7",Speedwayr-15-32-c2,"6,227961998815704",
2025-07-25T14:04:56.9574970+03:00,A70000000000000000000000,,1,"-62,5","865,7",Speedwayr-15-32-c2,"0,5583690067903734",
2025-07-25T14:04:56.9587640+03:00,A40000000000000000000000,,1,"-63,5","865,7",Speedwayr-15-32-c2,"2,497320722677824",
2025-07-25T14:04:56.9617190+03:00,A20000000000000000000000,,1,-64,"865,7",Speedwayr-15-32-c2,"2,055534255766759",
2025-07-25T14:04:56.9630000+03:00,A30000000000000000000000,,1,-63,"865,7",Speedwayr-15-32-c2,"3,834951969714103",
2025-07-25T14:04:56.9657800+03:00,A60000000000000000000000,,1,"-60,5","865,7",Speedwayr-15-32-c2,"5,123495831538041",
2025-07-25T14:04:56.9923790+03:00,A80000000000000000000000,,1,"-71,5","865,7",Speedwayr-15-32-c2,"5,988660995905543",
2025-07-25T14:04:56.9999470+03:00,A60000000000000000000000,,1,-60,"865,7",Speedwayr-15-32-c2,"5,227806525114265",
2025-07-25T14:04:57.0025420+03:00,A30000000000000000000000,,1,"-63,5","865,7",Speedwayr-15-32-c2,"3,6999616603801666",
2025-07-25T14:04:57.0036480+03:00,A70000000000000000000000,,1,-62,"865,7",Speedwayr-15-32-c2,"0,521553467881118",
2025-07-25T14:04:57.0074060+03:00,A40000000000000000000000,,1,"-63,5","865,7",Speedwayr-15-32-c2,"2,350058567040802",
2025-07-25T14:04:57.0087840+03:00,A20000000000000000000000,,1,"-64,5","865,7",Speedwayr-15-32-c2,"2,325514874434632",
2025-07-25T14:04:57.0146430+03:00,A80000000000000000000000,,1,-71,"865,7",Speedwayr-15-32-c2,"5,559146375297564",
2025-07-25T14:04:57.0269460+03:00,A30000000000000000000000,,1,"-63,5","865,7",Speedwayr-15-32-c2,"3,933126740138784",
2025-07-25T14:04:57.0322470+03:00,A60000000000000000000000,,1,"-59,5","865,7",Speedwayr-15-32-c2,"5,270757987175063",
2025-07-25T14:04:57.0334020+03:00,A20000000000000000000000,,1,"-66,5","865,7",Speedwayr-15-32-c2,"2,521864415283994",
2025-07-25T14:04:57.0344260+03:00,A40000000000000000000000,,1,-63,"865,7",Speedwayr-15-32-c2,"2,5893595699509624",
2025-07-25T14:04:57.0362600+03:00,A70000000000000000000000,,1,-63,"865,7",Speedwayr-15-32-c2,"0,4049709280018093",
2025-07-25T14:04:57.0530090+03:00,A70000000000000000000000,,1,-63,"865,7",Speedwayr-15-32-c2,"0,4356505437595221",
2025-07-25T14:04:57.0549610+03:00,A30000000000000000000000,,1,"-63,5","865,7",Speedwayr-15-32-c2,"3,6815538909255388",
2025-07-25T14:04:57.0613250+03:00,A60000000000000000000000,,1,-60,"865,7",Speedwayr-15-32-c2,"5,141903600992669",
2025-07-25T14:04:57.0624230+03:00,A40000000000000000000000,,1,-63,"865,7",Speedwayr-15-32-c2,"2,564815877344792",
2025-07-25T14:04:57.0650510+03:00,A20000000000000000000000,,1,"-68,5","865,7",Speedwayr-15-32-c2,"2,8532042654672924",
2025-07-25T14:04:57.0882170+03:00,A60000000000000000000000,,1,"-58,5","865,7",Speedwayr-15-32-c2,"5,485515297479052",
2025-07-25T14:04:57.0904640+03:00,A70000000000000000000000,,1,-63,"865,7",Speedwayr-15-32-c2,"0,2761165418194154",
2025-07-25T14:04:57.0915730+03:00,A30000000000000000000000,,1,"-64,5","865,7",Speedwayr-15-32-c2,"3,5036121195308043",
2025-07-25T14:04:57.0927140+03:00,A40000000000000000000000,,1,"-62,5","865,7",Speedwayr-15-32-c2,"2,380738182798515",
2025-07-25T14:04:57.0946900+03:00,A20000000000000000000000,,1,-68,"865,7",Speedwayr-15-32-c2,"3,4054373491061236",
2025-07-25T14:04:57.1511510+03:00,A20000000000000000000000,,1,"-66,5","865,7",Speedwayr-15-32-c2,"5,246214294568893",
2025-07-25T14:04:57.1524630+03:00,A60000000000000000000000,,1,-59,"865,7",Speedwayr-15-32-c2,"5,019185137961818",
2025-07-25T14:04:57.1535730+03:00,A30000000000000000000000,,1,"-66,5","865,7",Speedwayr-15-32-c2,"3,074097498922825",
2025-07-25T14:04:57.1548970+03:00,A40000000000000000000000,,1,-63,"865,7",Speedwayr-15-32-c2,"2,6139032625571326",
2025-07-25T14:04:57.1572020+03:00,A70000000000000000000000,,1,-62,"865,7",Speedwayr-15-32-c2,0,
2025-07-25T14:04:57.1756960+03:00,A80000000000000000000000,,1,"-73,5","865,7",Speedwayr-15-32-c2,"2,445165375889712",
2025-07-25T14:04:57.1803450+03:00,A70000000000000000000000,,1,"-63,5","865,7",Speedwayr-15-32-c2,"0,09817477042468103",
2025-07-25T14:04:57.1836070+03:00,A40000000000000000000000,,1,-63,"865,7",Speedwayr-15-32-c2,"2,6445828783148455",
2025-07-25T14:04:57.1849780+03:00,A60000000000000000000000,,1,"-58,5","865,7",Speedwayr-15-32-c2,"4,884194828627882",
2025-07-25T14:04:57.1865020+03:00,A30000000000000000000000,,1,-65,"865,7",Speedwayr-15-32-c2,"2,5954954931025047",
2025-07-25T14:04:57.1924430+03:00,A20000000000000000000000,,1,"-61,5","865,7",Speedwayr-15-32-c2,"6,007068765360171",
2025-07-25T14:04:57.2135940+03:00,A30000000000000000000000,,1,-66,"865,7",Speedwayr-15-32-c2,"2,4605051837685683",
2025-07-25T14:04:57.2166020+03:00,A70000000000000000000000,,1,"-63,5","865,7",Speedwayr-15-32-c2,"6,019340611663256",
2025-07-25T14:04:57.2185660+03:00,A20000000000000000000000,,1,"-61,5","865,7",Speedwayr-15-32-c2,"6,129787228391022",
2025-07-25T14:04:57.2209020+03:00,A60000000000000000000000,,1,-58,"865,7",Speedwayr-15-32-c2,"4,749204519293945",
2025-07-25T14:04:57.2238230+03:00,A40000000000000000000000,,1,-63,"865,7",Speedwayr-15-32-c2,"2,736621725587984",
2025-07-25T14:04:57.2388720+03:00,A60000000000000000000000,,1,"-57,5","865,7",Speedwayr-15-32-c2,"4,724660826687775",
2025-07-25T14:04:57.2402370+03:00,A20000000000000000000000,,1,"-60,5","865,7",Speedwayr-15-32-c2,"0,030679615757712823",
2025-07-25T14:04:57.2432480+03:00,A40000000000000000000000,,1,-64,"865,7",Speedwayr-15-32-c2,"2,6200391857086753",
2025-07-25T14:04:57.2445600+03:00,A30000000000000000000000,,1,"-64,5","865,7",Speedwayr-15-32-c2,"2,024854640009046",
2025-07-25T14:04:57.2466950+03:00,A70000000000000000000000,,1,-65,"865,7",Speedwayr-15-32-c2,"5,9518454569962875",
2025-07-25T14:04:57.2609400+03:00,A70000000000000000000000,,1,"-65,5","865,7",Speedwayr-15-32-c2,"5,927301764390117",
2025-07-25T14:04:57.2633880+03:00,A60000000000000000000000,,1,"-57,5","865,7",Speedwayr-15-32-c2,"4,534447208989955",
2025-07-25T14:04:57.2650970+03:00,A30000000000000000000000,,1,-64,"865,7",Speedwayr-15-32-c2,"1,9144080232812801",
2025-07-25T14:04:57.2666800+03:00,A20000000000000000000000,,1,"-59,5","865,7",Speedwayr-15-32-c2,"0,1043106935762236",
2025-07-25T14:04:57.2680330+03:00,A40000000000000000000000,,1,-64,"865,7",Speedwayr-15-32-c2,"2,791845033951867",
2025-07-25T14:04:57.2836600+03:00,A40000000000000000000000,,1,-64,"865,7",Speedwayr-15-32-c2,"2,662990647769473",
2025-07-25T14:04:57.2847450+03:00,A70000000000000000000000,,1,-64,"865,7",Speedwayr-15-32-c2,"5,577554144752192",
2025-07-25T14:04:57.2858720+03:00,A60000000000000000000000,,1,-57,"865,7",Speedwayr-15-32-c2,"4,424000592262189",
2025-07-25T14:04:57.2887540+03:00,A30000000000000000000000,,1,"-63,5","865,7",Speedwayr-15-32-c2,"0,8651651643675016",
2025-07-25T14:04:57.2903570+03:00,A20000000000000000000000,,1,"-58,5","865,7",Speedwayr-15-32-c2,"0,09817477042468103",
2025-07-25T14:04:57.3095070+03:00,A60000000000000000000000,,1,"-57,5","865,7",Speedwayr-15-32-c2,"4,252194744018997",
2025-07-25T14:04:57.3124100+03:00,A20000000000000000000000,,1,"-58,5","865,7",Speedwayr-15-32-c2,"0,17794177139473438",
2025-07-25T14:04:57.3141050+03:00,A30000000000000000000000,,1,"-61,5","865,7",Speedwayr-15-32-c2,"1,6935147898257479",
2025-07-25T14:04:57.3158820+03:00,A70000000000000000000000,,1,"-66,5","865,7",Speedwayr-15-32-c2,"5,375068680751287",
2025-07-25T14:04:57.3172080+03:00,A40000000000000000000000,,1,-64,"865,7",Speedwayr-15-32-c2,"2,705942109830271",
2025-07-25T14:04:57.3330200+03:00,A60000000000000000000000,,1,-57,"865,7",Speedwayr-15-32-c2,"4,1417481272912315",
2025-07-25T14:04:57.3354570+03:00,A30000000000000000000000,,1,-63,"865,7",Speedwayr-15-32-c2,"1,6996507129772904",
2025-07-25T14:04:57.3385300+03:00,A20000000000000000000000,,1,"-57,5","865,7",Speedwayr-15-32-c2,"0,17794177139473438",
2025-07-25T14:04:57.3395990+03:00,A40000000000000000000000,,1,-65,"865,7",Speedwayr-15-32-c2,"2,497320722677824",
2025-07-25T14:04:57.3414940+03:00,A70000000000000000000000,,1,"-65,5","865,7",Speedwayr-15-32-c2,"5,246214294568893",
2025-07-25T14:04:57.3583010+03:00,A60000000000000000000000,,1,-56,"865,7",Speedwayr-15-32-c2,"4,0128937411088375",
2025-07-25T14:04:57.3608110+03:00,A70000000000000000000000,,1,-66,"865,7",Speedwayr-15-32-c2,"5,160311370447297",
2025-07-25T14:04:57.3623510+03:00,A20000000000000000000000,,1,-58,"865,7",Speedwayr-15-32-c2,"0,3865631585471816",
2025-07-25T14:04:57.3638080+03:00,A30000000000000000000000,,1,"-63,5","865,7",Speedwayr-15-32-c2,"1,8775924843720249",
2025-07-25T14:04:57.3653570+03:00,A40000000000000000000000,,1,"-64,5","865,7",Speedwayr-15-32-c2,"2,5770877236478773",
2025-07-25T14:04:57.3794270+03:00,A20000000000000000000000,,1,"-56,5","865,7",Speedwayr-15-32-c2,"0,37429131224409645",
2025-07-25T14:04:57.3807960+03:00,A40000000000000000000000,,1,"-65,5","865,7",Speedwayr-15-32-c2,"2,724349879284899",
2025-07-25T14:04:57.3837280+03:00,A60000000000000000000000,,1,"-56,5","865,7",Speedwayr-15-32-c2,"3,877903431774901",
2025-07-25T14:04:57.3852010+03:00,A30000000000000000000000,,1,-63,"865,7",Speedwayr-15-32-c2,"1,7978254834019713",
2025-07-25T14:04:57.3862990+03:00,A70000000000000000000000,,1,"-64,5","865,7",Speedwayr-15-32-c2,"4,865787059173254",
2025-07-25T14:04:57.3987370+03:00,A60000000000000000000000,,1,"-55,5","865,7",Speedwayr-15-32-c2,"3,792000507653305",
2025-07-25T14:04:57.4004920+03:00,A30000000000000000000000,,1,"-62,5","865,7",Speedwayr-15-32-c2,"1,6198837120072371",
2025-07-25T14:04:57.4024400+03:00,A20000000000000000000000,,1,-56,"865,7",Speedwayr-15-32-c2,"0,44178646691106466",
2025-07-25T14:04:57.4037400+03:00,A70000000000000000000000,,1,-66,"865,7",Speedwayr-15-32-c2,"4,957825906446392",
2025-07-25T14:04:57.4056040+03:00,A40000000000000000000000,,1,"-65,5","865,7",Speedwayr-15-32-c2,"2,730485802436441",
2025-07-25T14:04:57.4256800+03:00,A20000000000000000000000,,1,"-57,5","865,7",Speedwayr-15-32-c2,"0,521553467881118",
2025-07-25T14:04:57.4268090+03:00,A60000000000000000000000,,1,"-56,5","865,7",Speedwayr-15-32-c2,"3,6263305825616556",
2025-07-25T14:04:57.4279060+03:00,A30000000000000000000000,,1,"-62,5","865,7",Speedwayr-15-32-c2,"1,9082721001297376",
2025-07-25T14:04:57.4301370+03:00,A40000000000000000000000,,1,-65,"865,7",Speedwayr-15-32-c2,"2,7550294950426117",
2025-07-25T14:04:57.4324910+03:00,A70000000000000000000000,,1,"-64,5","865,7",Speedwayr-15-32-c2,"4,405592822807561",
2025-07-25T14:04:57.4442000+03:00,A20000000000000000000000,,1,-57,"865,7",Speedwayr-15-32-c2,"0,5583690067903734",
2025-07-25T14:04:57.4465790+03:00,A40000000000000000000000,,1,"-65,5","865,7",Speedwayr-15-32-c2,"2,7979809571034093",
2025-07-25T14:04:57.4490870+03:00,A60000000000000000000000,,1,-57,"865,7",Speedwayr-15-32-c2,"3,5711072741977725",
2025-07-25T14:04:57.4501810+03:00,A70000000000000000000000,,1,"-62,5","865,7",Speedwayr-15-32-c2,"4,25833066717054",
2025-07-25T14:04:57.4522000+03:00,A30000000000000000000000,,1,"-62,5","865,7",Speedwayr-15-32-c2,"2,000310947402876",
2025-07-25T14:04:57.4668630+03:00,A20000000000000000000000,,1,-56,"865,7",Speedwayr-15-32-c2,"0,7669903939428205",
2025-07-25T14:04:57.4688320+03:00,A70000000000000000000000,,1,-65,"865,7",Speedwayr-15-32-c2,"4,178563666200486",
2025-07-25T14:04:57.4715350+03:00,A60000000000000000000000,,1,"-56,5","865,7",Speedwayr-15-32-c2,"3,552699504743145",
2025-07-25T14:04:57.4734740+03:00,A30000000000000000000000,,1,-63,"865,7",Speedwayr-15-32-c2,"2,043262409463674",
2025-07-25T14:04:57.4748430+03:00,A40000000000000000000000,,1,-66,"865,7",Speedwayr-15-32-c2,"3,0925052683774528",
2025-07-25T14:04:57.4879170+03:00,A60000000000000000000000,,1,-56,"865,7",Speedwayr-15-32-c2,"3,4606606574700063",
2025-07-25T14:04:57.4915410+03:00,A30000000000000000000000,,1,-63,"865,7",Speedwayr-15-32-c2,"2,116893487282185",
2025-07-25T14:04:57.4928810+03:00,A20000000000000000000000,,1,"-56,5","865,7",Speedwayr-15-32-c2,"0,8160777791551611",
2025-07-25T14:04:57.4953610+03:00,A40000000000000000000000,,1,"-65,5","865,7",Speedwayr-15-32-c2,"2,9943304979527716",
2025-07-25T14:04:57.4978730+03:00,A70000000000000000000000,,1,"-63,5","865,7",Speedwayr-15-32-c2,"4,3074180523828804",
2025-07-25T14:04:57.5115020+03:00,A60000000000000000000000,,1,"-56,5","865,7",Speedwayr-15-32-c2,"3,466796580621549",
2025-07-25T14:04:57.5152900+03:00,A30000000000000000000000,,1,-63,"865,7",Speedwayr-15-32-c2,"2,3623304133438876",
2025-07-25T14:04:57.5163710+03:00,A70000000000000000000000,,1,-65,"865,7",Speedwayr-15-32-c2,"4,111068511533518",
2025-07-25T14:04:57.5174420+03:00,A20000000000000000000000,,1,-57,"865,7",Speedwayr-15-32-c2,"0,8835729338221293",
2025-07-25T14:04:57.5208000+03:00,A40000000000000000000000,,1,-66,"865,7",Speedwayr-15-32-c2,"3,2336315008629315",
2025-07-25T14:04:57.5355470+03:00,A60000000000000000000000,,1,-56,"865,7",Speedwayr-15-32-c2,"3,3747577333484107",
2025-07-25T14:04:57.5379120+03:00,A20000000000000000000000,,1,"-55,5","865,7",Speedwayr-15-32-c2,"0,9633399347921826",
2025-07-25T14:04:57.5412010+03:00,A30000000000000000000000,,1,-63,"865,7",Speedwayr-15-32-c2,"2,2886993355253766",
2025-07-25T14:04:57.5428820+03:00,A70000000000000000000000,,1,-65,"865,7",Speedwayr-15-32-c2,"4,154019973594316",
2025-07-25T14:04:57.5557280+03:00,A40000000000000000000000,,1,"-66,5","865,7",Speedwayr-15-32-c2,"3,129320807286708",
2025-07-25T14:04:57.5573200+03:00,A20000000000000000000000,,1,"-56,5","865,7",Speedwayr-15-32-c2,"0,9694758579437253",
2025-07-25T14:04:57.5592610+03:00,A30000000000000000000000,,1,-62,"865,7",Speedwayr-15-32-c2,"2,3316507975861747",
2025-07-25T14:04:57.5623900+03:00,A60000000000000000000000,,1,-57,"865,7",Speedwayr-15-32-c2,"3,522019888985432",
2025-07-25T14:04:57.5634890+03:00,A70000000000000000000000,,1,-65,"865,7",Speedwayr-15-32-c2,"4,0128937411088375",
2025-07-25T14:04:57.5775490+03:00,A60000000000000000000000,,1,"-56,5","865,7",Speedwayr-15-32-c2,"3,5281558121369745",
2025-07-25T14:04:57.5792300+03:00,A30000000000000000000000,,1,-63,"865,7",Speedwayr-15-32-c2,"2,3009711818284617",
2025-07-25T14:04:57.5809290+03:00,A20000000000000000000000,,1,-56,"865,7",Speedwayr-15-32-c2,"0,9817477042468103",
2025-07-25T14:04:57.5851250+03:00,A70000000000000000000000,,1,"-64,5","865,7",Speedwayr-15-32-c2,"3,9638063558964967",
2025-07-25T14:04:57.5863200+03:00,A40000000000000000000000,,1,"-66,5","865,7",Speedwayr-15-32-c2,"3,1354567304382504",
2025-07-25T14:04:57.6017370+03:00,A60000000000000000000000,,1,"-56,5","865,7",Speedwayr-15-32-c2,"3,56497135104623",
2025-07-25T14:04:57.6030890+03:00,A30000000000000000000000,,1,-62,"865,7",Speedwayr-15-32-c2,"2,386874105950058",
2025-07-25T14:04:57.6052550+03:00,A20000000000000000000000,,1,-57,"865,7",Speedwayr-15-32-c2,"1,0676506283684062",
2025-07-25T14:04:57.6065700+03:00,A70000000000000000000000,,1,-65,"865,7",Speedwayr-15-32-c2,"4,0128937411088375",
2025-07-25T14:04:57.6110830+03:00,A40000000000000000000000,,1,"-66,5","865,7",Speedwayr-15-32-c2,"3,1661363461959633",
2025-07-25T14:04:57.6246790+03:00,A30000000000000000000000,,1,-63,"865,7",Speedwayr-15-32-c2,"2,36846633649543",
2025-07-25T14:04:57.6288550+03:00,A20000000000000000000000,,1,"-55,5","865,7",Speedwayr-15-32-c2,"0,9817477042468103",
2025-07-25T14:04:57.6299810+03:00,A60000000000000000000000,,1,-57,"865,7",Speedwayr-15-32-c2,"3,6447383520162835",
2025-07-25T14:04:57.6319220+03:00,A70000000000000000000000,,1,-63,"865,7",Speedwayr-15-32-c2,"4,129476280988146",
2025-07-25T14:04:57.6331760+03:00,A40000000000000000000000,,1,"-66,5","865,7",Speedwayr-15-32-c2,"3,1784081924990484",
2025-07-25T14:04:57.6457290+03:00,A60000000000000000000000,,1,"-56,5","865,7",Speedwayr-15-32-c2,"3,6263305825616556",
2025-07-25T14:04:57.6475660+03:00,A30000000000000000000000,,1,-61,"865,7",Speedwayr-15-32-c2,"2,337786720737717",
2025-07-25T14:04:57.6497670+03:00,A20000000000000000000000,,1,-56,"865,7",Speedwayr-15-32-c2,"1,030835089459151",
2025-07-25T14:04:57.6536700+03:00,A40000000000000000000000,,1,"-65,5","865,7",Speedwayr-15-32-c2,"3,074097498922825",
2025-07-25T14:04:57.6547660+03:00,A70000000000000000000000,,1,"-65,5","865,7",Speedwayr-15-32-c2,"4,1172044346850605",
2025-07-25T14:04:57.6675290+03:00,A40000000000000000000000,,1,"-64,5","865,7",Speedwayr-15-32-c2,"3,184544115650591",
2025-07-25T14:04:57.6701950+03:00,A20000000000000000000000,,1,-57,"865,7",Speedwayr-15-32-c2,"0,9633399347921826",
2025-07-25T14:04:57.6715040+03:00,A70000000000000000000000,,1,-65,"865,7",Speedwayr-15-32-c2,"4,190835512503572",
2025-07-25T14:04:57.6739920+03:00,A60000000000000000000000,,1,"-56,5","865,7",Speedwayr-15-32-c2,"3,6876898140770815",
2025-07-25T14:04:57.6771730+03:00,A30000000000000000000000,,1,-61,"865,7",Speedwayr-15-32-c2,"2,282563412373834",
2025-07-25T14:04:57.6906150+03:00,A70000000000000000000000,,1,-64,"865,7",Speedwayr-15-32-c2,"4,1172044346850605",
2025-07-25T14:04:57.6938600+03:00,A20000000000000000000000,,1,-56,"865,7",Speedwayr-15-32-c2,"0,9510680884890975",
2025-07-25T14:04:57.6963540+03:00,A30000000000000000000000,,1,-63,"865,7",Speedwayr-15-32-c2,"2,2334760271614935",
2025-07-25T14:04:57.6974540+03:00,A60000000000000000000000,,1,"-56,5","865,7",Speedwayr-15-32-c2,"3,6876898140770815",
2025-07-25T14:04:57.7130810+03:00,A30000000000000000000000,,1,-63,"865,7",Speedwayr-15-32-c2,"2,1905245651006955",
2025-07-25T14:04:57.7150100+03:00,A20000000000000000000000,,1,-57,"865,7",Speedwayr-15-32-c2,"0,9265243958829272",
2025-07-25T14:04:57.7201100+03:00,A40000000000000000000000,,1,-66,"865,7",Speedwayr-15-32-c2,"3,2888548092268146",
2025-07-25T14:04:57.7225890+03:00,A60000000000000000000000,,1,-57,"865,7",Speedwayr-15-32-c2,"3,7981364308048478",
2025-07-25T14:04:57.7251270+03:00,A70000000000000000000000,,1,"-64,5","865,7",Speedwayr-15-32-c2,"4,368777283898306",
2025-07-25T14:04:57.7380300+03:00,A60000000000000000000000,,1,"-57,5","865,7",Speedwayr-15-32-c2,"3,810408277107933",
2025-07-25T14:04:57.7407460+03:00,A20000000000000000000000,,1,-56,"865,7",Speedwayr-15-32-c2,"0,8958447801252144",
2025-07-25T14:04:57.7427220+03:00,A30000000000000000000000,,1,-63,"865,7",Speedwayr-15-32-c2,"2,172116795646068",
2025-07-25T14:04:57.7439350+03:00,A40000000000000000000000,,1,"-65,5","865,7",Speedwayr-15-32-c2,"2,9943304979527716",
2025-07-25T14:04:57.7461970+03:00,A70000000000000000000000,,1,"-66,5","865,7",Speedwayr-15-32-c2,"4,4976316700806995",
2025-07-25T14:04:57.7616220+03:00,A60000000000000000000000,,1,-57,"865,7",Speedwayr-15-32-c2,"3,9638063558964967",
2025-07-25T14:04:57.7628190+03:00,A40000000000000000000000,,1,"-64,5","865,7",Speedwayr-15-32-c2,"3,0495538063166547",
2025-07-25T14:04:57.7644310+03:00,A20000000000000000000000,,1,-57,"865,7",Speedwayr-15-32-c2,"0,8713010875190442",
2025-07-25T14:04:57.7661120+03:00,A30000000000000000000000,,1,-63,"865,7",Speedwayr-15-32-c2,"2,141437179888355",
2025-07-25T14:04:57.7678240+03:00,A70000000000000000000000,,1,"-65,5","865,7",Speedwayr-15-32-c2,"4,509903516383785",
2025-07-25T14:04:57.7837570+03:00,A30000000000000000000000,,1,"-62,5","865,7",Speedwayr-15-32-c2,"2,1230294104337273",
2025-07-25T14:04:57.7857080+03:00,A40000000000000000000000,,1,"-66,5","865,7",Speedwayr-15-32-c2,"2,945243112740431",
2025-07-25T14:04:57.7879150+03:00,A20000000000000000000000,,1,"-57,5","865,7",Speedwayr-15-32-c2,"0,8835729338221293",
2025-07-25T14:04:57.7894110+03:00,A70000000000000000000000,,1,"-62,5","865,7",Speedwayr-15-32-c2,"4,773748211900116",
2025-07-25T14:04:57.7905240+03:00,A60000000000000000000000,,1,-57,"865,7",Speedwayr-15-32-c2,"4,172427743048944",
2025-07-25T14:04:57.8043880+03:00,A20000000000000000000000,,1,"-57,5","865,7",Speedwayr-15-32-c2,"0,8774370106705868",
2025-07-25T14:04:57.8058750+03:00,A60000000000000000000000,,1,-57,"865,7",Speedwayr-15-32-c2,"4,319689898685965",
2025-07-25T14:04:57.8080700+03:00,A30000000000000000000000,,1,"-62,5","865,7",Speedwayr-15-32-c2,"2,2212041808584084",
2025-07-25T14:04:57.8091120+03:00,A70000000000000000000000,,1,"-66,5","865,7",Speedwayr-15-32-c2,"4,945554060143307",
2025-07-25T14:04:57.8112900+03:00,A40000000000000000000000,,1,"-65,5","865,7",Speedwayr-15-32-c2,"3,129320807286708",
2025-07-25T14:04:57.8278410+03:00,A20000000000000000000000,,1,"-57,5","865,7",Speedwayr-15-32-c2,"0,9265243958829272",
2025-07-25T14:04:57.8301810+03:00,A60000000000000000000000,,1,-57,"865,7",Speedwayr-15-32-c2,"4,374913207049849",
2025-07-25T14:04:57.8315300+03:00,A30000000000000000000000,,1,"-61,5","865,7",Speedwayr-15-32-c2,"2,098485717827557",
2025-07-25T14:04:57.8356800+03:00,A40000000000000000000000,,1,"-65,5","865,7",Speedwayr-15-32-c2,"2,9943304979527716",
2025-07-25T14:04:57.8368960+03:00,A70000000000000000000000,,1,"-64,5","865,7",Speedwayr-15-32-c2,"5,080544369477243",
2025-07-25T14:04:57.8513120+03:00,A40000000000000000000000,,1,"-65,5","865,7",Speedwayr-15-32-c2,"3,147728576741336",
2025-07-25T14:04:57.8530770+03:00,A30000000000000000000000,,1,"-63,5","865,7",Speedwayr-15-32-c2,"2,386874105950058",
2025-07-25T14:04:57.8567460+03:00,A20000000000000000000000,,1,"-57,5","865,7",Speedwayr-15-32-c2,"0,8344855486097889",
2025-07-25T14:04:57.8578740+03:00,A60000000000000000000000,,1,-58,"865,7",Speedwayr-15-32-c2,"4,779884135051658",
2025-07-25T14:04:57.8614240+03:00,A70000000000000000000000,,1,"-64,5","865,7",Speedwayr-15-32-c2,"5,460971604872882",
2025-07-25T14:04:57.8761590+03:00,A70000000000000000000000,,1,-66,"865,7",Speedwayr-15-32-c2,"5,620505606812989",
2025-07-25T14:04:57.8788210+03:00,A30000000000000000000000,,1,-61,"865,7",Speedwayr-15-32-c2,"2,5280003384355365",
2025-07-25T14:04:57.8804010+03:00,A40000000000000000000000,,1,"-65,5","865,7",Speedwayr-15-32-c2,"3,411573272257666",
2025-07-25T14:04:57.8825800+03:00,A60000000000000000000000,,1,-58,"865,7",Speedwayr-15-32-c2,"5,019185137961818",
2025-07-25T14:04:57.8845430+03:00,A20000000000000000000000,,1,"-58,5","865,7",Speedwayr-15-32-c2,"0,8344855486097889",
2025-07-25T14:04:57.8993570+03:00,A70000000000000000000000,,1,"-65,5","865,7",Speedwayr-15-32-c2,"5,902758071783947",
2025-07-25T14:04:57.9043390+03:00,A60000000000000000000000,,1,-58,"865,7",Speedwayr-15-32-c2,"5,105088062083414",
2025-07-25T14:04:57.9067640+03:00,A30000000000000000000000,,1,"-64,5","865,7",Speedwayr-15-32-c2,"2,791845033951867",
2025-07-25T14:04:57.9095450+03:00,A20000000000000000000000,,1,-58,"865,7",Speedwayr-15-32-c2,"0,6933593161243098",
2025-07-25T14:04:57.9244820+03:00,A60000000000000000000000,,1,"-57,5","865,7",Speedwayr-15-32-c2,"5,21553467881118",
2025-07-25T14:04:57.9258080+03:00,A20000000000000000000000,,1,-62,"865,7",Speedwayr-15-32-c2,"0,5399612373357456",
2025-07-25T14:04:57.9343420+03:00,A70000000000000000000000,,1,-64,"865,7",Speedwayr-15-32-c2,"6,160466844148735",
2025-07-25T14:04:57.9384610+03:00,A40000000000000000000000,,1,-65,"865,7",Speedwayr-15-32-c2,"3,54042765844006",
2025-07-25T14:04:57.9404260+03:00,A30000000000000000000000,,1,"-64,5","865,7",Speedwayr-15-32-c2,"3,2090878082567613",
2025-07-25T14:04:57.9533620+03:00,A20000000000000000000000,,1,-64,"865,7",Speedwayr-15-32-c2,"0,1227184630308513",
2025-07-25T14:04:57.9553800+03:00,A60000000000000000000000,,1,"-58,5","865,7",Speedwayr-15-32-c2,"5,240078371417351",
2025-07-25T14:04:57.9576030+03:00,A70000000000000000000000,,1,"-62,5","865,7",Speedwayr-15-32-c2,"0,006135923151542565",
2025-07-25T14:04:57.9603870+03:00,A40000000000000000000000,,1,-64,"865,7",Speedwayr-15-32-c2,"3,1968159619536762",
2025-07-25T14:04:57.9634150+03:00,A30000000000000000000000,,1,-65,"865,7",Speedwayr-15-32-c2,"3,522019888985432",
2025-07-25T14:04:57.9809860+03:00,A30000000000000000000000,,1,"-63,5","865,7",Speedwayr-15-32-c2,"3,6815538909255388",
2025-07-25T14:04:57.9823530+03:00,A60000000000000000000000,,1,-59,"865,7",Speedwayr-15-32-c2,"5,141903600992669",
2025-07-25T14:04:57.9834210+03:00,A40000000000000000000000,,1,"-64,5","865,7",Speedwayr-15-32-c2,"3,184544115650591",
2025-07-25T14:04:57.9852340+03:00,A20000000000000000000000,,1,-69,"865,7",Speedwayr-15-32-c2,"5,160311370447297",
2025-07-25T14:04:57.9864020+03:00,A70000000000000000000000,,1,-64,"865,7",Speedwayr-15-32-c2,"0,23316507975861744",
2025-07-25T14:04:58.0287660+03:00,A20000000000000000000000,,1,-66,"865,7",Speedwayr-15-32-c2,"2,6568547246179306",
2025-07-25T14:04:58.0302260+03:00,A30000000000000000000000,,1,-60,"865,7",Speedwayr-15-32-c2,"4,006757817957295",
2025-07-25T14:04:58.0333370+03:00,A70000000000000000000000,,1,"-63,5","865,7",Speedwayr-15-32-c2,"0,15339807878856412",
2025-07-25T14:04:58.0347170+03:00,A60000000000000000000000,,1,-60,"865,7",Speedwayr-15-32-c2,"4,865787059173254",
2025-07-25T14:04:58.0370060+03:00,A40000000000000000000000,,1,-64,"865,7",Speedwayr-15-32-c2,"2,8838838812250054",
2025-07-25T14:04:58.0613060+03:00,A80000000000000000000000,,1,"-70,5","865,7",Speedwayr-15-32-c2,"6,031612457966341",
2025-07-25T14:04:58.0691370+03:00,A70000000000000000000000,,1,-63,"865,7",Speedwayr-15-32-c2,"0,16566992509164924",
2025-07-25T14:04:58.0705930+03:00,A30000000000000000000000,,1,-62,"865,7",Speedwayr-15-32-c2,"3,9208548938356986",
2025-07-25T14:04:58.0726390+03:00,A60000000000000000000000,,1,"-62,5","865,7",Speedwayr-15-32-c2,"4,411728745959104",
2025-07-25T14:04:58.0739600+03:00,A40000000000000000000000,,1,-65,"865,7",Speedwayr-15-32-c2,"2,748893571891069",
2025-07-25T14:04:58.0776750+03:00,A20000000000000000000000,,1,-64,"865,7",Speedwayr-15-32-c2,"1,5155730184310134",
2025-07-25T14:04:58.0935510+03:00,A80000000000000000000000,,1,"-71,5","865,7",Speedwayr-15-32-c2,"5,915029918087033",
2025-07-25T14:04:58.0983580+03:00,A40000000000000000000000,,1,"-64,5","865,7",Speedwayr-15-32-c2,"2,435961491162398",
2025-07-25T14:04:58.1007470+03:00,A70000000000000000000000,,1,-64,"865,7",Speedwayr-15-32-c2,"0,16566992509164924",
2025-07-25T14:04:58.1034140+03:00,A30000000000000000000000,,1,"-61,5","865,7",Speedwayr-15-32-c2,"3,761320891895592",
2025-07-25T14:04:58.1049110+03:00,A60000000000000000000000,,1,"-64,5","865,7",Speedwayr-15-32-c2,"4,466952054322987",
2025-07-25T14:04:58.1065510+03:00,A20000000000000000000000,,1,-65,"865,7",Speedwayr-15-32-c2,"1,2946797849754812",
2025-07-25T14:04:58.1233940+03:00,A80000000000000000000000,,1,"-71,5","865,7",Speedwayr-15-32-c2,"6,037748381117884",
2025-07-25T14:04:58.1302000+03:00,A20000000000000000000000,,1,"-65,5","865,7",Speedwayr-15-32-c2,"1,1780972450961724",
2025-07-25T14:04:58.1317240+03:00,A30000000000000000000000,,1,-61,"865,7",Speedwayr-15-32-c2,"3,56497135104623",
2025-07-25T14:04:58.1327910+03:00,A40000000000000000000000,,1,-64,"865,7",Speedwayr-15-32-c2,"2,60776733940559",
2025-07-25T14:04:58.1342340+03:00,A70000000000000000000000,,1,-65,"865,7",Speedwayr-15-32-c2,"0,22089323345553233",
2025-07-25T14:04:58.1353460+03:00,A60000000000000000000000,,1,"-65,5","865,7",Speedwayr-15-32-c2,"4,221515128261284",
2025-07-25T14:04:58.1576910+03:00,A80000000000000000000000,,1,-71,"865,7",Speedwayr-15-32-c2,"5,807651262935037",
2025-07-25T14:04:58.1664230+03:00,A70000000000000000000000,,1,-64,"865,7",Speedwayr-15-32-c2,"5,93343768754166",
2025-07-25T14:04:58.1678280+03:00,A40000000000000000000000,,1,-64,"865,7",Speedwayr-15-32-c2,"2,2396119503130363",
2025-07-25T14:04:58.1691680+03:00,A60000000000000000000000,,1,"-67,5","865,7",Speedwayr-15-32-c2,"4,006757817957295",
2025-07-25T14:04:58.1707650+03:00,A30000000000000000000000,,1,-61,"865,7",Speedwayr-15-32-c2,"3,6017868899554855",
2025-07-25T14:04:58.1765340+03:00,A20000000000000000000000,,1,-67,"865,7",Speedwayr-15-32-c2,"1,4726215563702154",
2025-07-25T14:04:58.2021380+03:00,A20000000000000000000000,,1,"-67,5","865,7",Speedwayr-15-32-c2,"1,3069516312785663",
2025-07-25T14:04:58.2033200+03:00,A70000000000000000000000,,1,-65,"865,7",Speedwayr-15-32-c2,"5,595961914206819",
2025-07-25T14:04:58.2055990+03:00,A60000000000000000000000,,1,-68,"865,7",Speedwayr-15-32-c2,"4,338097668140593",
2025-07-25T14:04:58.2072040+03:00,A30000000000000000000000,,1,-61,"865,7",Speedwayr-15-32-c2,"3,227495577711389",
2025-07-25T14:04:58.2087660+03:00,A40000000000000000000000,,1,-64,"865,7",Speedwayr-15-32-c2,"2,1475731030398975",
2025-07-25T14:04:58.2289220+03:00,A30000000000000000000000,,1,-61,"865,7",Speedwayr-15-32-c2,"3,043417883165112",
2025-07-25T14:04:58.2299750+03:00,A40000000000000000000000,,1,-64,"865,7",Speedwayr-15-32-c2,"2,270291566070749",
2025-07-25T14:04:58.2315270+03:00,A70000000000000000000000,,1,-64,"865,7",Speedwayr-15-32-c2,"5,2768939103266055",
2025-07-25T14:04:58.2363350+03:00,A20000000000000000000000,,1,"-68,5","865,7",Speedwayr-15-32-c2,"1,4848934026733007",
2025-07-25T14:04:58.2516820+03:00,A30000000000000000000000,,1,"-61,5","865,7",Speedwayr-15-32-c2,"2,9329712664373457",
2025-07-25T14:04:58.2535780+03:00,A40000000000000000000000,,1,-64,"865,7",Speedwayr-15-32-c2,"2,1905245651006955",
2025-07-25T14:04:58.2562250+03:00,A70000000000000000000000,,1,"-64,5","865,7",Speedwayr-15-32-c2,"5,166447293598839",
2025-07-25T14:04:58.2642590+03:00,A60000000000000000000000,,1,-69,"865,7",Speedwayr-15-32-c2,"3,5465635815916023",
2025-07-25T14:04:58.2668130+03:00,A20000000000000000000000,,1,-66,"865,7",Speedwayr-15-32-c2,"1,3744467859455345",
2025-07-25T14:04:58.2816000+03:00,A40000000000000000000000,,1,-64,"865,7",Speedwayr-15-32-c2,"2,1353012567368124",
2025-07-25T14:04:58.2838020+03:00,A60000000000000000000000,,1,-69,"865,7",Speedwayr-15-32-c2,"3,663146121470911",
2025-07-25T14:04:58.2872820+03:00,A70000000000000000000000,,1,-64,"865,7",Speedwayr-15-32-c2,"4,9394181369917645",
2025-07-25T14:04:58.2883380+03:00,A30000000000000000000000,,1,"-61,5","865,7",Speedwayr-15-32-c2,"2,834796496012665",
2025-07-25T14:04:58.2903650+03:00,A20000000000000000000000,,1,"-67,5","865,7",Speedwayr-15-32-c2,"1,1903690913992575",
2025-07-25T14:04:58.3033860+03:00,A40000000000000000000000,,1,"-63,5","865,7",Speedwayr-15-32-c2,"2,1230294104337273",
2025-07-25T14:04:58.3079420+03:00,A30000000000000000000000,,1,"-61,5","865,7",Speedwayr-15-32-c2,"2,7857091108003242",
2025-07-25T14:04:58.3090860+03:00,A60000000000000000000000,,1,-69,"865,7",Speedwayr-15-32-c2,"3,2949907323783574",
2025-07-25T14:04:58.3101830+03:00,A70000000000000000000000,,1,-63,"865,7",Speedwayr-15-32-c2,"4,890330751779424",
2025-07-25T14:04:58.3136960+03:00,A20000000000000000000000,,1,"-68,5","865,7",Speedwayr-15-32-c2,"1,4910293258248433",
2025-07-25T14:04:58.3342440+03:00,A70000000000000000000000,,1,"-63,5","865,7",Speedwayr-15-32-c2,"4,884194828627882",
2025-07-25T14:04:58.3356980+03:00,A40000000000000000000000,,1,"-63,5","865,7",Speedwayr-15-32-c2,"2,1537090261914402",
2025-07-25T14:04:58.3385380+03:00,A30000000000000000000000,,1,-61,"865,7",Speedwayr-15-32-c2,"2,8102528034064944",
2025-07-25T14:04:58.3435720+03:00,A60000000000000000000000,,1,"-68,5","865,7",Speedwayr-15-32-c2,"3,423845118560751",
2025-07-25T14:04:58.3466150+03:00,A20000000000000000000000,,1,"-67,5","865,7",Speedwayr-15-32-c2,"1,509437095279471",
2025-07-25T14:04:58.3615890+03:00,A70000000000000000000000,,1,"-63,5","865,7",Speedwayr-15-32-c2,"4,97623367590102",
2025-07-25T14:04:58.3626240+03:00,A40000000000000000000000,,1,"-63,5","865,7",Speedwayr-15-32-c2,"2,116893487282185",
2025-07-25T14:04:58.3644790+03:00,A30000000000000000000000,,1,"-61,5","865,7",Speedwayr-15-32-c2,"2,8286605728611223",
2025-07-25T14:04:58.3679120+03:00,A20000000000000000000000,,1,"-68,5","865,7",Speedwayr-15-32-c2,"1,6566992509164924",
2025-07-25T14:04:58.3745130+03:00,A60000000000000000000000,,1,"-68,5","865,7",Speedwayr-15-32-c2,"3,877903431774901",
2025-07-25T14:04:58.3961930+03:00,A70000000000000000000000,,1,-64,"865,7",Speedwayr-15-32-c2,"5,135767677841127",
2025-07-25T14:04:58.3972650+03:00,A30000000000000000000000,,1,"-61,5","865,7",Speedwayr-15-32-c2,"2,767301341345697",
2025-07-25T14:04:58.3983600+03:00,A40000000000000000000000,,1,"-63,5","865,7",Speedwayr-15-32-c2,"2,024854640009046",
2025-07-25T14:04:58.4039570+03:00,A60000000000000000000000,,1,"-69,5","865,7",Speedwayr-15-32-c2,"3,5158839658338894",
2025-07-25T14:04:58.4052660+03:00,A20000000000000000000000,,1,-69,"865,7",Speedwayr-15-32-c2,"1,9082721001297376",
2025-07-25T14:04:58.4170550+03:00,A30000000000000000000000,,1,"-59,5","865,7",Speedwayr-15-32-c2,"3,0250101137104846",
2025-07-25T14:04:58.4202530+03:00,A70000000000000000000000,,1,-62,"865,7",Speedwayr-15-32-c2,"5,283029833478148",
2025-07-25T14:04:58.4219770+03:00,A60000000000000000000000,,1,"-66,5","865,7",Speedwayr-15-32-c2,"3,902447124381071",
2025-07-25T14:04:58.4246320+03:00,A40000000000000000000000,,1,"-64,5","865,7",Speedwayr-15-32-c2,"2,325514874434632",
2025-07-25T14:04:58.4258570+03:00,A20000000000000000000000,,1,"-68,5","865,7",Speedwayr-15-32-c2,"2,399145952253143",
2025-07-25T14:04:58.4588950+03:00,A70000000000000000000000,,1,-63,"865,7",Speedwayr-15-32-c2,"5,829126993965437",
2025-07-25T14:04:58.4600060+03:00,A40000000000000000000000,,1,"-63,5","865,7",Speedwayr-15-32-c2,"2,6139032625571326",
2025-07-25T14:04:58.4627600+03:00,A30000000000000000000000,,1,"-60,5","865,7",Speedwayr-15-32-c2,"3,2029518851052186",
2025-07-25T14:04:58.4645620+03:00,A60000000000000000000000,,1,-67,"865,7",Speedwayr-15-32-c2,"3,9269908169872414",
2025-07-25T14:04:58.4762370+03:00,A20000000000000000000000,,1,"-69,5","865,7",Speedwayr-15-32-c2,"1,8714565612204823",
2025-07-25T14:04:58.4907940+03:00,A80000000000000000000000,,1,-72,"865,7",Speedwayr-15-32-c2,"2,3071071049800045",
2025-07-25T14:04:58.4994280+03:00,A70000000000000000000000,,1,-64,"865,7",Speedwayr-15-32-c2,"5,66959299202533",
2025-07-25T14:04:58.5038030+03:00,A40000000000000000000000,,1,"-64,5","865,7",Speedwayr-15-32-c2,"2,5586799541932495",
2025-07-25T14:04:58.5051980+03:00,A20000000000000000000000,,1,"-69,5","865,7",Speedwayr-15-32-c2,"2,172116795646068",
2025-07-25T14:04:58.5063240+03:00,A30000000000000000000000,,1,"-61,5","865,7",Speedwayr-15-32-c2,"3,393165502803038",
2025-07-25T14:04:58.5080680+03:00,A60000000000000000000000,,1,-64,"865,7",Speedwayr-15-32-c2,"4,399456899656019",
2025-07-25T14:04:58.5281720+03:00,A30000000000000000000000,,1,-61,"865,7",Speedwayr-15-32-c2,"3,5036121195308043",
2025-07-25T14:04:58.5319720+03:00,A40000000000000000000000,,1,"-62,5","865,7",Speedwayr-15-32-c2,"2,693670263527186",
2025-07-25T14:04:58.5339680+03:00,A70000000000000000000000,,1,-63,"865,7",Speedwayr-15-32-c2,"5,9088939949354895",
2025-07-25T14:04:58.5350660+03:00,A60000000000000000000000,,1,"-63,5","865,7",Speedwayr-15-32-c2,"4,448544284868359",
2025-07-25T14:04:58.5626350+03:00,A80000000000000000000000,,1,-71,"865,7",Speedwayr-15-32-c2,"5,746292031419612",
2025-07-25T14:04:58.5642070+03:00,A20000000000000000000000,,1,-71,"865,7",Speedwayr-15-32-c2,"5,283029833478148",
2025-07-25T14:04:58.5680850+03:00,A60000000000000000000000,,1,-62,"865,7",Speedwayr-15-32-c2,"4,614214209960009",
2025-07-25T14:04:58.5700380+03:00,A30000000000000000000000,,1,"-61,5","865,7",Speedwayr-15-32-c2,"3,5281558121369745",
2025-07-25T14:04:58.5751210+03:00,A20000000000000000000000,,1,"-70,5","865,7",Speedwayr-15-32-c2,"2,1230294104337273",
2025-07-25T14:04:58.5761900+03:00,A70000000000000000000000,,1,-64,"865,7",Speedwayr-15-32-c2,"6,258641614573416",
2025-07-25T14:04:58.5772280+03:00,A40000000000000000000000,,1,-62,"865,7",Speedwayr-15-32-c2,"2,9943304979527716",
2025-07-25T14:04:58.5920270+03:00,A40000000000000000000000,,1,"-63,5","865,7",Speedwayr-15-32-c2,"2,834796496012665",
2025-07-25T14:04:58.5930550+03:00,A70000000000000000000000,,1,-63,"865,7",Speedwayr-15-32-c2,"0,15339807878856412",
2025-07-25T14:04:58.5948560+03:00,A60000000000000000000000,,1,"-63,5","865,7",Speedwayr-15-32-c2,"4,841243366567084",
2025-07-25T14:04:58.6008600+03:00,A30000000000000000000000,,1,"-62,5","865,7",Speedwayr-15-32-c2,"3,9269908169872414",
2025-07-25T14:04:58.6308110+03:00,A20000000000000000000000,,1,"-69,5","865,7",Speedwayr-15-32-c2,"5,71868037723767",
2025-07-25T14:04:58.6346570+03:00,A80000000000000000000000,,1,-73,"865,7",Speedwayr-15-32-c2,"6,068427996875596",
2025-07-25T14:04:58.6427760+03:00,A30000000000000000000000,,1,-62,"865,7",Speedwayr-15-32-c2,"4,04357335686655",
2025-07-25T14:04:58.6454950+03:00,A60000000000000000000000,,1,"-61,5","865,7",Speedwayr-15-32-c2,"5,129631754689584",
2025-07-25T14:04:58.6477790+03:00,A40000000000000000000000,,1,"-64,5","865,7",Speedwayr-15-32-c2,"3,117048960983623",
2025-07-25T14:04:58.6497750+03:00,A70000000000000000000000,,1,"-63,5","865,7",Speedwayr-15-32-c2,"0,4356505437595221",
2025-07-25T14:04:58.6562220+03:00,A20000000000000000000000,,1,"-70,5","865,7",Speedwayr-15-32-c2,"2,742757648739526",
2025-07-25T14:04:58.6632300+03:00,A80000000000000000000000,,1,-71,"865,7",Speedwayr-15-32-c2,"6,12365130523948",
2025-07-25T14:04:58.6778920+03:00,A60000000000000000000000,,1,-61,"865,7",Speedwayr-15-32-c2,"5,264622064023521",
2025-07-25T14:04:58.6804300+03:00,A70000000000000000000000,,1,"-63,5","865,7",Speedwayr-15-32-c2,"0,5951845456996288",
2025-07-25T14:04:58.6826830+03:00,A30000000000000000000000,,1,-63,"865,7",Speedwayr-15-32-c2,"4,227651051412827",
2025-07-25T14:04:58.6837520+03:00,A40000000000000000000000,,1,"-63,5","865,7",Speedwayr-15-32-c2,"3,2029518851052186",
2025-07-25T14:04:58.6851060+03:00,A20000000000000000000000,,1,"-66,5","865,7",Speedwayr-15-32-c2,"2,988194574801229",
2025-07-25T14:04:58.6957090+03:00,A80000000000000000000000,,1,-70,"865,7",Speedwayr-15-32-c2,"6,037748381117884",
2025-07-25T14:04:58.7080130+03:00,A70000000000000000000000,,1,"-63,5","865,7",Speedwayr-15-32-c2,"0,607456392002714",
2025-07-25T14:04:58.7101970+03:00,A60000000000000000000000,,1,"-61,5","865,7",Speedwayr-15-32-c2,"5,21553467881118",
2025-07-25T14:04:58.7124200+03:00,A30000000000000000000000,,1,-63,"865,7",Speedwayr-15-32-c2,"4,620350133111551",
2025-07-25T14:04:58.7160050+03:00,A40000000000000000000000,,1,-65,"865,7",Speedwayr-15-32-c2,"3,4177091954092087",
2025-07-25T14:04:58.7228530+03:00,A20000000000000000000000,,1,"-69,5","865,7",Speedwayr-15-32-c2,"3,2888548092268146",
2025-07-25T14:04:58.7515980+03:00,A30000000000000000000000,,1,-63,"865,7",Speedwayr-15-32-c2,"4,608078286808466",
2025-07-25T14:04:58.7532160+03:00,A20000000000000000000000,,1,"-69,5","865,7",Speedwayr-15-32-c2,"3,454524734318464",
2025-07-25T14:04:58.7551420+03:00,A70000000000000000000000,,1,-64,"865,7",Speedwayr-15-32-c2,"1,1106020904292042",
2025-07-25T14:04:58.7565370+03:00,A60000000000000000000000,,1,-62,"865,7",Speedwayr-15-32-c2,"5,589825991055276",
2025-07-25T14:04:58.7598310+03:00,A40000000000000000000000,,1,-65,"865,7",Speedwayr-15-32-c2,"3,497476196379262",
2025-07-25T14:04:58.7855910+03:00,A80000000000000000000000,,1,"-73,5","865,7",Speedwayr-15-32-c2,"6,086835766330224",
2025-07-25T14:04:58.7892510+03:00,A70000000000000000000000,,1,"-63,5","865,7",Speedwayr-15-32-c2,"0,8774370106705868",
2025-07-25T14:04:58.7922590+03:00,A30000000000000000000000,,1,"-62,5","865,7",Speedwayr-15-32-c2,"4,638757902566179",
2025-07-25T14:04:58.7947080+03:00,A60000000000000000000000,,1,-61,"865,7",Speedwayr-15-32-c2,"5,700272607783043",
2025-07-25T14:04:58.7957520+03:00,A40000000000000000000000,,1,-65,"865,7",Speedwayr-15-32-c2,"3,9576704327449543",
2025-07-25T14:04:58.8444660+03:00,A80000000000000000000000,,1,"-73,5","865,7",Speedwayr-15-32-c2,"6,02854449639057",
2025-07-25T14:04:58.8506260+03:00,A70000000000000000000000,,1,-63,"865,7",Speedwayr-15-32-c2,"0,6810874698212247",
2025-07-25T14:04:58.8537280+03:00,A30000000000000000000000,,1,-64,"865,7",Speedwayr-15-32-c2,"4,755340442445488",
2025-07-25T14:04:58.8554540+03:00,A40000000000000000000000,,1,"-65,5","865,7",Speedwayr-15-32-c2,"3,6263305825616556",
2025-07-25T14:04:58.8565800+03:00,A60000000000000000000000,,1,"-59,5","865,7",Speedwayr-15-32-c2,"5,792311455056181",
2025-07-25T14:04:58.8643120+03:00,A20000000000000000000000,,1,-69,"865,7",Speedwayr-15-32-c2,"3,429981041712294",
2025-07-25T14:04:58.8849160+03:00,A80000000000000000000000,,1,-73,"865,7",Speedwayr-15-32-c2,"2,730485802436441",
2025-07-25T14:04:58.8909640+03:00,A70000000000000000000000,,1,"-63,5","865,7",Speedwayr-15-32-c2,"0,9326603190344698",
2025-07-25T14:04:58.8919900+03:00,A40000000000000000000000,,1,-65,"865,7",Speedwayr-15-32-c2,"3,8410878928656453",
2025-07-25T14:04:58.8945100+03:00,A20000000000000000000000,,1,-69,"865,7",Speedwayr-15-32-c2,"3,485204350076177",
2025-07-25T14:04:58.8955780+03:00,A30000000000000000000000,,1,"-64,5","865,7",Speedwayr-15-32-c2,"4,693981210930062",
2025-07-25T14:04:58.8976890+03:00,A60000000000000000000000,,1,"-60,5","865,7",Speedwayr-15-32-c2,"5,786175531904639",
2025-07-25T14:04:58.9203780+03:00,A60000000000000000000000,,1,-59,"865,7",Speedwayr-15-32-c2,"5,7616318392984684",
2025-07-25T14:04:58.9216900+03:00,A70000000000000000000000,,1,-63,"865,7",Speedwayr-15-32-c2,"0,8160777791551611",
2025-07-25T14:04:58.9235140+03:00,A30000000000000000000000,,1,-64,"865,7",Speedwayr-15-32-c2,"4,804427827657828",
2025-07-25T14:04:58.9302150+03:00,A40000000000000000000000,,1,-65,"865,7",Speedwayr-15-32-c2,"3,5588354278946874",
2025-07-25T14:04:58.9446380+03:00,A80000000000000000000000,,1,-73,"865,7",Speedwayr-15-32-c2,"5,832194955541207",
2025-07-25T14:04:58.9526920+03:00,A70000000000000000000000,,1,"-64,5","865,7",Speedwayr-15-32-c2,"0,7301748550335652",
2025-07-25T14:04:58.9538460+03:00,A60000000000000000000000,,1,"-61,5","865,7",Speedwayr-15-32-c2,"5,743224069843841",
2025-07-25T14:04:58.9570810+03:00,A30000000000000000000000,,1,-64,"865,7",Speedwayr-15-32-c2,"4,95168998329485",
2025-07-25T14:04:58.9602490+03:00,A40000000000000000000000,,1,-62,"865,7",Speedwayr-15-32-c2,"3,5956509668039427",
2025-07-25T14:04:58.9855540+03:00,A80000000000000000000000,,1,-73,"865,7",Speedwayr-15-32-c2,"6,019340611663256",
2025-07-25T14:04:58.9897670+03:00,A70000000000000000000000,,1,"-63,5","865,7",Speedwayr-15-32-c2,"0,607456392002714",
2025-07-25T14:04:58.9925680+03:00,A40000000000000000000000,,1,-65,"865,7",Speedwayr-15-32-c2,"3,54042765844006",
2025-07-25T14:04:58.9936510+03:00,A30000000000000000000000,,1,-64,"865,7",Speedwayr-15-32-c2,"4,681709364626977",
2025-07-25T14:04:58.9948060+03:00,A60000000000000000000000,,1,-62,"865,7",Speedwayr-15-32-c2,"5,6143696836614465",
2025-07-25T14:04:58.9971410+03:00,A20000000000000000000000,,1,"-67,5","865,7",Speedwayr-15-32-c2,"3,0802334220743677",
2025-07-25T14:04:59.0311110+03:00,A20000000000000000000000,,1,-69,"865,7",Speedwayr-15-32-c2,"2,773437264497239",
2025-07-25T14:04:59.0342880+03:00,A60000000000000000000000,,1,"-62,5","865,7",Speedwayr-15-32-c2,"5,4671075280244255",
2025-07-25T14:04:59.0362980+03:00,A30000000000000000000000,,1,-63,"865,7",Speedwayr-15-32-c2,"4,466952054322987",
2025-07-25T14:04:59.0390340+03:00,A70000000000000000000000,,1,"-63,5","865,7",Speedwayr-15-32-c2,"0,5031456984264903",
2025-07-25T14:04:59.0531780+03:00,A80000000000000000000000,,1,-73,"865,7",Speedwayr-15-32-c2,"6,007068765360171",
2025-07-25T14:04:59.0597080+03:00,A30000000000000000000000,,1,"-62,5","865,7",Speedwayr-15-32-c2,"4,411728745959104",
2025-07-25T14:04:59.0620110+03:00,A60000000000000000000000,,1,"-62,5","865,7",Speedwayr-15-32-c2,"5,289165756629691",
2025-07-25T14:04:59.0631380+03:00,A20000000000000000000000,,1,-66,"865,7",Speedwayr-15-32-c2,"2,6445828783148455",
2025-07-25T14:04:59.0650480+03:00,A70000000000000000000000,,1,"-63,5","865,7",Speedwayr-15-32-c2,"0,3436116964863836",
2025-07-25T14:04:59.0661000+03:00,A40000000000000000000000,,1,-65,"865,7",Speedwayr-15-32-c2,"3,2704470397721868",
2025-07-25T14:04:59.0743690+03:00,A80000000000000000000000,,1,-73,"865,7",Speedwayr-15-32-c2,"5,819923109238123",
2025-07-25T14:04:59.0842630+03:00,A70000000000000000000000,,1,"-63,5","865,7",Speedwayr-15-32-c2,"0,39269908169872414",
2025-07-25T14:04:59.0867370+03:00,A40000000000000000000000,,1,-65,"865,7",Speedwayr-15-32-c2,"3,3502140407422405",
2025-07-25T14:04:59.0879490+03:00,A60000000000000000000000,,1,-60,"865,7",Speedwayr-15-32-c2,"5,246214294568893",
2025-07-25T14:04:59.0893420+03:00,A30000000000000000000000,,1,-63,"865,7",Speedwayr-15-32-c2,"4,135612204139688",
2025-07-25T14:04:59.1250120+03:00,A80000000000000000000000,,1,-74,"865,7",Speedwayr-15-32-c2,"5,734020185116527",
2025-07-25T14:04:59.1300940+03:00,A40000000000000000000000,,1,-63,"865,7",Speedwayr-15-32-c2,"3,2827188860752723",
2025-07-25T14:04:59.1348710+03:00,A30000000000000000000000,,1,-62,"865,7",Speedwayr-15-32-c2,"4,368777283898306",
2025-07-25T14:04:59.1363460+03:00,A70000000000000000000000,,1,"-63,5","865,7",Speedwayr-15-32-c2,"0,2270291566070749",
2025-07-25T14:04:59.1379960+03:00,A60000000000000000000000,,1,-62,"865,7",Speedwayr-15-32-c2,"5,135767677841127",
2025-07-25T14:04:59.1472920+03:00,A20000000000000000000000,,1,"-68,5","865,7",Speedwayr-15-32-c2,"5,322913333963175",
2025-07-25T14:04:59.1647420+03:00,A60000000000000000000000,,1,"-63,5","865,7",Speedwayr-15-32-c2,"4,95168998329485",
2025-07-25T14:04:59.1666670+03:00,A30000000000000000000000,,1,"-62,5","865,7",Speedwayr-15-32-c2,"4,221515128261284",
2025-07-25T14:04:59.1677760+03:00,A40000000000000000000000,,1,"-65,5","865,7",Speedwayr-15-32-c2,"3,2090878082567613",
2025-07-25T14:04:59.1715850+03:00,A70000000000000000000000,,1,-64,"865,7",Speedwayr-15-32-c2,"0,1349903093339364",
2025-07-25T14:04:59.1742600+03:00,A20000000000000000000000,,1,-69,"865,7",Speedwayr-15-32-c2,"2,055534255766759",
2025-07-25T14:04:59.1954380+03:00,A30000000000000000000000,,1,-62,"865,7",Speedwayr-15-32-c2,"4,2092432819582",
2025-07-25T14:04:59.1966970+03:00,A60000000000000000000000,,1,"-63,5","865,7",Speedwayr-15-32-c2,"4,921010367537137",
2025-07-25T14:04:59.1989200+03:00,A40000000000000000000000,,1,-65,"865,7",Speedwayr-15-32-c2,"3,0802334220743677",
2025-07-25T14:04:59.3111170+03:00,A70000000000000000000000,,1,"-64,5","865,7",Speedwayr-15-32-c2,"6,166602767300278",
2025-07-25T14:04:59.3205540+03:00,A20000000000000000000000,,1,-70,"865,7",Speedwayr-15-32-c2,"1,3560390164909069",
2025-07-25T14:04:59.3603240+03:00,A60000000000000000000000,,1,"-65,5","865,7",Speedwayr-15-32-c2,"4,7307967498393175",
2025-07-25T14:04:59.3613910+03:00,A40000000000000000000000,,1,-65,"865,7",Speedwayr-15-32-c2,"3,067961575771282",
2025-07-25T14:04:59.3634790+03:00,A70000000000000000000000,,1,"-62,5","865,7",Speedwayr-15-32-c2,"0,006135923151542565",
2025-07-25T14:04:59.3654800+03:00,A20000000000000000000000,,1,-69,"865,7",Speedwayr-15-32-c2,"1,6444274046134073",
2025-07-25T14:04:59.3672600+03:00,A30000000000000000000000,,1,"-61,5","865,7",Speedwayr-15-32-c2,"3,9638063558964967",
2025-07-25T14:04:59.3840200+03:00,A30000000000000000000000,,1,-62,"865,7",Speedwayr-15-32-c2,"4,0128937411088375",
2025-07-25T14:04:59.3852040+03:00,A60000000000000000000000,,1,"-64,5","865,7",Speedwayr-15-32-c2,"4,865787059173254",
2025-07-25T14:04:59.3888000+03:00,A40000000000000000000000,,1,-64,"865,7",Speedwayr-15-32-c2,"3,043417883165112",
2025-07-25T14:04:59.3910490+03:00,A70000000000000000000000,,1,"-63,5","865,7",Speedwayr-15-32-c2,"0,35588354278946877",
2025-07-25T14:04:59.4295140+03:00,A40000000000000000000000,,1,-65,"865,7",Speedwayr-15-32-c2,"3,08636934522591",
2025-07-25T14:04:59.4316660+03:00,A70000000000000000000000,,1,-64,"865,7",Speedwayr-15-32-c2,"0,35588354278946877",
2025-07-25T14:04:59.4369780+03:00,A20000000000000000000000,,1,"-68,5","865,7",Speedwayr-15-32-c2,"1,8346410223112268",
2025-07-25T14:04:59.4380580+03:00,A30000000000000000000000,,1,"-60,5","865,7",Speedwayr-15-32-c2,"4,123340357836604",
2025-07-25T14:04:59.4414230+03:00,A60000000000000000000000,,1,"-64,5","865,7",Speedwayr-15-32-c2,"4,73693267299086",
2025-07-25T14:04:59.4556250+03:00,A70000000000000000000000,,1,-65,"865,7",Speedwayr-15-32-c2,"0,11044661672776616",
2025-07-25T14:04:59.4589060+03:00,A20000000000000000000000,,1,"-68,5","865,7",Speedwayr-15-32-c2,"1,3130875544301088",
2025-07-25T14:04:59.4620320+03:00,A60000000000000000000000,,1,-64,"865,7",Speedwayr-15-32-c2,"4,921010367537137",
2025-07-25T14:04:59.4639510+03:00,A40000000000000000000000,,1,-65,"865,7",Speedwayr-15-32-c2,"3,1906800388021335",
2025-07-25T14:04:59.4652900+03:00,A30000000000000000000000,,1,-62,"865,7",Speedwayr-15-32-c2,"4,123340357836604",
2025-07-25T14:04:59.4997640+03:00,A60000000000000000000000,,1,-64,"865,7",Speedwayr-15-32-c2,"5,037592907416445",
2025-07-25T14:04:59.5025300+03:00,A30000000000000000000000,,1,-62,"865,7",Speedwayr-15-32-c2,"4,276738436625168",
2025-07-25T14:04:59.5036110+03:00,A40000000000000000000000,,1,-65,"865,7",Speedwayr-15-32-c2,"3,147728576741336",
2025-07-25T14:04:59.5049900+03:00,A70000000000000000000000,,1,-64,"865,7",Speedwayr-15-32-c2,"0,25157284921324513",
2025-07-25T14:04:59.5084550+03:00,A20000000000000000000000,,1,-69,"865,7",Speedwayr-15-32-c2,"1,8775924843720249",
2025-07-25T14:04:59.5280150+03:00,A80000000000000000000000,,1,-72,"865,7",Speedwayr-15-32-c2,"6,080699843178682",
2025-07-25T14:04:59.5338210+03:00,A40000000000000000000000,,1,-65,"865,7",Speedwayr-15-32-c2,"3,497476196379262",
2025-07-25T14:04:59.5364570+03:00,A30000000000000000000000,,1,-62,"865,7",Speedwayr-15-32-c2,"4,074252972624263",
2025-07-25T14:04:59.5399630+03:00,A70000000000000000000000,,1,-64,"865,7",Speedwayr-15-32-c2,"0,4724660826687775",
2025-07-25T14:04:59.5419710+03:00,A60000000000000000000000,,1,-64,"865,7",Speedwayr-15-32-c2,"5,221670601962723",
2025-07-25T14:04:59.5451570+03:00,A20000000000000000000000,,1,"-69,5","865,7",Speedwayr-15-32-c2,"2,2089323345553233",
2025-07-25T14:04:59.5654020+03:00,A80000000000000000000000,,1,-73,"865,7",Speedwayr-15-32-c2,"6,096039651057538",
2025-07-25T14:04:59.5735900+03:00,A40000000000000000000000,,1,-65,"865,7",Speedwayr-15-32-c2,"3,380893656499953",
2025-07-25T14:04:59.5746740+03:00,A30000000000000000000000,,1,"-62,5","865,7",Speedwayr-15-32-c2,"4,442408361716817",
2025-07-25T14:04:59.5784390+03:00,A60000000000000000000000,,1,-61,"865,7",Speedwayr-15-32-c2,"5,368932757599744",
2025-07-25T14:04:59.5808140+03:00,A20000000000000000000000,,1,-69,"865,7",Speedwayr-15-32-c2,"2,2641556429192065",
2025-07-25T14:04:59.5833070+03:00,A70000000000000000000000,,1,-62,"865,7",Speedwayr-15-32-c2,"0,32520392703175593",
2025-07-25T14:04:59.6098120+03:00,A80000000000000000000000,,1,"-71,5","865,7",Speedwayr-15-32-c2,"6,200350344633762",
2025-07-25T14:04:59.6158160+03:00,A40000000000000000000000,,1,"-65,5","865,7",Speedwayr-15-32-c2,"3,368621810196868",
2025-07-25T14:04:59.6208800+03:00,A70000000000000000000000,,1,"-62,5","865,7",Speedwayr-15-32-c2,"0,662679700366597",
2025-07-25T14:04:59.6219380+03:00,A30000000000000000000000,,1,"-62,5","865,7",Speedwayr-15-32-c2,"4,614214209960009",
2025-07-25T14:04:59.6230520+03:00,A60000000000000000000000,,1,"-62,5","865,7",Speedwayr-15-32-c2,"5,442563835418255",
2025-07-25T14:04:59.6273060+03:00,A20000000000000000000000,,1,-68,"865,7",Speedwayr-15-32-c2,"2,3930100291016",
2025-07-25T14:04:59.6363140+03:00,A80000000000000000000000,,1,-72,"865,7",Speedwayr-15-32-c2,"0,006135923151542565",
2025-07-25T14:04:59.6517310+03:00,A30000000000000000000000,,1,-63,"865,7",Speedwayr-15-32-c2,"4,295146206079795",
2025-07-25T14:04:59.6537410+03:00,A40000000000000000000000,,1,"-65,5","865,7",Speedwayr-15-32-c2,"3,423845118560751",
2025-07-25T14:04:59.6548490+03:00,A70000000000000000000000,,1,-62,"865,7",Speedwayr-15-32-c2,"0,6994952392758523",
2025-07-25T14:04:59.6563200+03:00,A20000000000000000000000,,1,"-64,5","865,7",Speedwayr-15-32-c2,"2,36846633649543",
2025-07-25T14:04:59.6574480+03:00,A60000000000000000000000,,1,"-62,5","865,7",Speedwayr-15-32-c2,"5,626641529964532",
2025-07-25T14:04:59.6616410+03:00,A80000000000000000000000,,1,"-70,5","865,7",Speedwayr-15-32-c2,"0,018407769454627694",
2025-07-25T14:04:59.6747670+03:00,A70000000000000000000000,,1,"-64,5","865,7",Speedwayr-15-32-c2,"0,7179030087304801",
2025-07-25T14:04:59.6778160+03:00,A30000000000000000000000,,1,-63,"865,7",Speedwayr-15-32-c2,"4,381049130201391",
2025-07-25T14:04:59.6815990+03:00,A60000000000000000000000,,1,-64,"865,7",Speedwayr-15-32-c2,"5,64504929941916",
2025-07-25T14:04:59.6860940+03:00,A80000000000000000000000,,1,"-71,5","865,7",Speedwayr-15-32-c2,"6,191146459906448",
2025-07-25T14:04:59.6883720+03:00,A40000000000000000000000,,1,"-65,5","865,7",Speedwayr-15-32-c2,"3,6447383520162835",
2025-07-25T14:04:59.7043880+03:00,A40000000000000000000000,,1,"-65,5","865,7",Speedwayr-15-32-c2,"3,393165502803038",
2025-07-25T14:04:59.7057430+03:00,A70000000000000000000000,,1,-63,"865,7",Speedwayr-15-32-c2,"0,7792622402459057",
2025-07-25T14:04:59.7095900+03:00,A60000000000000000000000,,1,-62,"865,7",Speedwayr-15-32-c2,"5,8475347634200645",
2025-07-25T14:04:59.7122120+03:00,A30000000000000000000000,,1,-61,"865,7",Speedwayr-15-32-c2,"4,798291904506286",
2025-07-25T14:04:59.7136250+03:00,A20000000000000000000000,,1,-67,"865,7",Speedwayr-15-32-c2,"2,429825568010856",
2025-07-25T14:04:59.7365490+03:00,A60000000000000000000000,,1,-62,"865,7",Speedwayr-15-32-c2,"5,786175531904639",
2025-07-25T14:04:59.7388440+03:00,A20000000000000000000000,,1,-67,"865,7",Speedwayr-15-32-c2,"2,6691265709210157",
2025-07-25T14:04:59.7441700+03:00,A70000000000000000000000,,1,-64,"865,7",Speedwayr-15-32-c2,"0,7853981633974483",
2025-07-25T14:04:59.7456380+03:00,A30000000000000000000000,,1,"-63,5","865,7",Speedwayr-15-32-c2,"4,638757902566179",
2025-07-25T14:04:59.7469890+03:00,A40000000000000000000000,,1,-63,"865,7",Speedwayr-15-32-c2,"3,6386024288647407",
2025-07-25T14:04:59.7556790+03:00,A80000000000000000000000,,1,-72,"865,7",Speedwayr-15-32-c2,"5,872078456026235",
2025-07-25T14:04:59.7710820+03:00,A30000000000000000000000,,1,-63,"865,7",Speedwayr-15-32-c2,"5,178719139901925",
2025-07-25T14:04:59.7751050+03:00,A70000000000000000000000,,1,-64,"865,7",Speedwayr-15-32-c2,"0,7853981633974483",
2025-07-25T14:04:59.7765280+03:00,A60000000000000000000000,,1,-63,"865,7",Speedwayr-15-32-c2,"6,191146459906448",
2025-07-25T14:04:59.7832800+03:00,A40000000000000000000000,,1,"-65,5","865,7",Speedwayr-15-32-c2,"3,5956509668039427",
2025-07-25T14:04:59.7850860+03:00,A20000000000000000000000,,1,-67,"865,7",Speedwayr-15-32-c2,"2,767301341345697",
2025-07-25T14:04:59.8056250+03:00,A80000000000000000000000,,1,"-71,5","865,7",Speedwayr-15-32-c2,"6,264777537724958",
2025-07-25T14:04:59.8165650+03:00,A60000000000000000000000,,1,-60,"865,7",Speedwayr-15-32-c2,"6,031612457966341",
2025-07-25T14:04:59.8205000+03:00,A20000000000000000000000,,1,"-66,5","865,7",Speedwayr-15-32-c2,"2,791845033951867",
2025-07-25T14:04:59.8228850+03:00,A70000000000000000000000,,1,-64,"865,7",Speedwayr-15-32-c2,"0,9510680884890975",
2025-07-25T14:04:59.8245650+03:00,A40000000000000000000000,,1,"-65,5","865,7",Speedwayr-15-32-c2,"3,6447383520162835",
2025-07-25T14:04:59.8256780+03:00,A30000000000000000000000,,1,-64,"865,7",Speedwayr-15-32-c2,"4,865787059173254",
2025-07-25T14:04:59.8499390+03:00,A70000000000000000000000,,1,-63,"865,7",Speedwayr-15-32-c2,"0,944932165337555",
2025-07-25T14:04:59.8529740+03:00,A60000000000000000000000,,1,"-63,5","865,7",Speedwayr-15-32-c2,"6,056156150572511",
2025-07-25T14:04:59.8545060+03:00,A20000000000000000000000,,1,"-66,5","865,7",Speedwayr-15-32-c2,"2,9943304979527716",
2025-07-25T14:04:59.8555760+03:00,A30000000000000000000000,,1,-63,"865,7",Speedwayr-15-32-c2,"4,908738521234052",
2025-07-25T14:04:59.8574520+03:00,A40000000000000000000000,,1,"-64,5","865,7",Speedwayr-15-32-c2,"3,724505352986337",
2025-07-25T14:04:59.8623810+03:00,A80000000000000000000000,,1,"-68,5","865,7",Speedwayr-15-32-c2,"6,22182607566416",
2025-07-25T14:04:59.8778420+03:00,A20000000000000000000000,,1,-67,"865,7",Speedwayr-15-32-c2,"3,06182565261974",
2025-07-25T14:04:59.8798170+03:00,A70000000000000000000000,,1,-60,"865,7",Speedwayr-15-32-c2,"0,9019807032767571",
2025-07-25T14:04:59.8812020+03:00,A30000000000000000000000,,1,-64,"865,7",Speedwayr-15-32-c2,"4,890330751779424",
2025-07-25T14:04:59.8830480+03:00,A60000000000000000000000,,1,-63,"865,7",Speedwayr-15-32-c2,"6,2463697682703305",
2025-07-25T14:04:59.8845380+03:00,A40000000000000000000000,,1,"-65,5","865,7",Speedwayr-15-32-c2,"3,7551849687440497",
2025-07-25T14:04:59.8970640+03:00,A80000000000000000000000,,1,-66,"865,7",Speedwayr-15-32-c2,"6,086835766330224",
2025-07-25T14:04:59.9122890+03:00,A40000000000000000000000,,1,-65,"865,7",Speedwayr-15-32-c2,"3,8533597391687304",
2025-07-25T14:04:59.9133920+03:00,A70000000000000000000000,,1,-63,"865,7",Speedwayr-15-32-c2,"0,8774370106705868",
2025-07-25T14:04:59.9144920+03:00,A20000000000000000000000,,1,-66,"865,7",Speedwayr-15-32-c2,"2,9022916506796332",
2025-07-25T14:04:59.9156190+03:00,A60000000000000000000000,,1,-63,"865,7",Speedwayr-15-32-c2,"6,12365130523948",
2025-07-25T14:04:59.9172270+03:00,A30000000000000000000000,,1,"-63,5","865,7",Speedwayr-15-32-c2,"5,0682725231741586",
2025-07-25T14:04:59.9429010+03:00,A80000000000000000000000,,1,-72,"865,7",Speedwayr-15-32-c2,"6,21875811408839",
2025-07-25T14:04:59.9458940+03:00,A30000000000000000000000,,1,-64,"865,7",Speedwayr-15-32-c2,"4,755340442445488",
2025-07-25T14:04:59.9529910+03:00,A70000000000000000000000,,1,-63,"865,7",Speedwayr-15-32-c2,"0,859029241215959",
2025-07-25T14:04:59.9552540+03:00,A40000000000000000000000,,1,"-64,5","865,7",Speedwayr-15-32-c2,"3,749049045592507",
2025-07-25T14:04:59.9580800+03:00,A60000000000000000000000,,1,"-62,5","865,7",Speedwayr-15-32-c2,"6,037748381117884",
2025-07-25T14:04:59.9633740+03:00,A20000000000000000000000,,1,-68,"865,7",Speedwayr-15-32-c2,"2,8409324191642074",
2025-07-25T14:04:59.9655440+03:00,A80000000000000000000000,,1,-70,"865,7",Speedwayr-15-32-c2,"6,056156150572511",
2025-07-25T14:04:59.9795230+03:00,A30000000000000000000000,,1,-63,"865,7",Speedwayr-15-32-c2,"4,792155981354743",
2025-07-25T14:04:59.9817030+03:00,A70000000000000000000000,,1,-64,"865,7",Speedwayr-15-32-c2,"0,8467573949128739",
2025-07-25T14:04:59.9836400+03:00,A60000000000000000000000,,1,"-62,5","865,7",Speedwayr-15-32-c2,"5,970253226450915",
2025-07-25T14:04:59.9854100+03:00,A20000000000000000000000,,1,"-63,5","865,7",Speedwayr-15-32-c2,"2,816388726558037",
2025-07-25T14:04:59.9873140+03:00,A40000000000000000000000,,1,"-62,5","865,7",Speedwayr-15-32-c2,"3,6201946594101133",
2025-07-25T14:05:00.0141730+03:00,A80000000000000000000000,,1,"-72,5","865,7",Speedwayr-15-32-c2,"6,175806652027592",
2025-07-25T14:05:00.0216610+03:00,A70000000000000000000000,,1,-63,"865,7",Speedwayr-15-32-c2,"0,8160777791551611",
2025-07-25T14:05:00.0264590+03:00,A30000000000000000000000,,1,"-63,5","865,7",Speedwayr-15-32-c2,"4,828971520263998",
2025-07-25T14:05:00.0279260+03:00,A40000000000000000000000,,1,-64,"865,7",Speedwayr-15-32-c2,"3,6201946594101133",
2025-07-25T14:05:00.0306180+03:00,A20000000000000000000000,,1,"-64,5","865,7",Speedwayr-15-32-c2,"2,791845033951867",
2025-07-25T14:05:00.0333970+03:00,A60000000000000000000000,,1,"-63,5","865,7",Speedwayr-15-32-c2,"5,896622148632405",
2025-07-25T14:05:00.0457340+03:00,A80000000000000000000000,,1,"-71,5","865,7",Speedwayr-15-32-c2,"6,062292073724054",
2025-07-25T14:05:00.0584250+03:00,A30000000000000000000000,,1,-61,"865,7",Speedwayr-15-32-c2,"4,847379289718626",
2025-07-25T14:05:00.0616980+03:00,A60000000000000000000000,,1,-64,"865,7",Speedwayr-15-32-c2,"5,822991070813893",
2025-07-25T14:05:00.0628770+03:00,A40000000000000000000000,,1,"-65,5","865,7",Speedwayr-15-32-c2,"3,718369429834794",
2025-07-25T14:05:00.0639770+03:00,A20000000000000000000000,,1,-66,"865,7",Speedwayr-15-32-c2,"2,8777479580734626",
2025-07-25T14:05:00.0662930+03:00,A70000000000000000000000,,1,-64,"865,7",Speedwayr-15-32-c2,"0,8406214717613314",
2025-07-25T14:05:00.0748820+03:00,A80000000000000000000000,,1,"-70,5","865,7",Speedwayr-15-32-c2,"6,22182607566416",
2025-07-25T14:05:00.0884540+03:00,A70000000000000000000000,,1,"-63,5","865,7",Speedwayr-15-32-c2,"0,7547185476397354",
2025-07-25T14:05:00.0900060+03:00,A30000000000000000000000,,1,-63,"865,7",Speedwayr-15-32-c2,"4,853515212870168",
2025-07-25T14:05:00.0933160+03:00,A60000000000000000000000,,1,"-64,5","865,7",Speedwayr-15-32-c2,"5,608233760509904",
2025-07-25T14:05:00.1014070+03:00,A20000000000000000000000,,1,"-66,5","865,7",Speedwayr-15-32-c2,"2,82252464970958",
2025-07-25T14:05:00.1062650+03:00,A80000000000000000000000,,1,-67,"865,7",Speedwayr-15-32-c2,"6,117515382087937",
2025-07-25T14:05:00.1208080+03:00,A70000000000000000000000,,1,-64,"865,7",Speedwayr-15-32-c2,"0,8344855486097889",
2025-07-25T14:05:00.1222230+03:00,A30000000000000000000000,,1,"-63,5","865,7",Speedwayr-15-32-c2,"4,841243366567084",
2025-07-25T14:05:00.1244530+03:00,A40000000000000000000000,,1,-65,"865,7",Speedwayr-15-32-c2,"3,6570101983193686",
2025-07-25T14:05:00.1255790+03:00,A60000000000000000000000,,1,-65,"865,7",Speedwayr-15-32-c2,"5,730952223540755",
2025-07-25T14:05:00.1304330+03:00,A20000000000000000000000,,1,-67,"865,7",Speedwayr-15-32-c2,"2,6998061866787286",
2025-07-25T14:05:00.1536220+03:00,A80000000000000000000000,,1,"-71,5","865,7",Speedwayr-15-32-c2,"6,209554229361076",
2025-07-25T14:05:00.1611790+03:00,A40000000000000000000000,,1,-65,"865,7",Speedwayr-15-32-c2,"3,4606606574700063",
2025-07-25T14:05:00.1625340+03:00,A30000000000000000000000,,1,"-63,5","865,7",Speedwayr-15-32-c2,"4,71238898038469",
2025-07-25T14:05:00.1668850+03:00,A70000000000000000000000,,1,"-62,5","865,7",Speedwayr-15-32-c2,"0,803805932852076",
2025-07-25T14:05:00.1743850+03:00,A60000000000000000000000,,1,"-64,5","865,7",Speedwayr-15-32-c2,"5,632777453116074",
2025-07-25T14:05:00.1828610+03:00,A20000000000000000000000,,1,"-66,5","865,7",Speedwayr-15-32-c2,"2,5464081078901644",
2025-07-25T14:05:00.2152940+03:00,A80000000000000000000000,,1,"-72,5","865,7",Speedwayr-15-32-c2,"6,111379458936394",
2025-07-25T14:05:00.2214390+03:00,A40000000000000000000000,,1,"-64,5","865,7",Speedwayr-15-32-c2,"3,5281558121369745",
2025-07-25T14:05:00.2234850+03:00,A20000000000000000000000,,1,-67,"865,7",Speedwayr-15-32-c2,"2,8777479580734626",
2025-07-25T14:05:00.2267520+03:00,A70000000000000000000000,,1,-64,"865,7",Speedwayr-15-32-c2,"0,9265243958829272",
2025-07-25T14:05:00.2286850+03:00,A30000000000000000000000,,1,"-63,5","865,7",Speedwayr-15-32-c2,"4,693981210930062",
2025-07-25T14:05:00.2356310+03:00,A80000000000000000000000,,1,-72,"865,7",Speedwayr-15-32-c2,"0,07976700097005335",
2025-07-25T14:05:00.2473430+03:00,A40000000000000000000000,,1,"-64,5","865,7",Speedwayr-15-32-c2,"3,5158839658338894",
2025-07-25T14:05:00.2525190+03:00,A60000000000000000000000,,1,-65,"865,7",Speedwayr-15-32-c2,"5,681864838328415",
2025-07-25T14:05:00.2536490+03:00,A20000000000000000000000,,1,-67,"865,7",Speedwayr-15-32-c2,"2,8961557275280905",
2025-07-25T14:05:00.2560970+03:00,A70000000000000000000000,,1,-64,"865,7",Speedwayr-15-32-c2,"0,9633399347921826",
2025-07-25T14:05:00.2571800+03:00,A30000000000000000000000,,1,-63,"865,7",Speedwayr-15-32-c2,"4,608078286808466",
2025-07-25T14:05:00.2757910+03:00,A80000000000000000000000,,1,-73,"865,7",Speedwayr-15-32-c2,"6,2034183062095325",
2025-07-25T14:05:00.2787640+03:00,A30000000000000000000000,,1,-64,"865,7",Speedwayr-15-32-c2,"4,828971520263998",
2025-07-25T14:05:00.2831420+03:00,A60000000000000000000000,,1,"-65,5","865,7",Speedwayr-15-32-c2,"5,773903685601553",
2025-07-25T14:05:00.2845960+03:00,A40000000000000000000000,,1,-65,"865,7",Speedwayr-15-32-c2,"3,5833791205008576",
2025-07-25T14:05:00.2868410+03:00,A70000000000000000000000,,1,"-63,5","865,7",Speedwayr-15-32-c2,"0,7731263170943632",
2025-07-25T14:05:00.2910780+03:00,A20000000000000000000000,,1,"-65,5","865,7",Speedwayr-15-32-c2,"2,6998061866787286",
2025-07-25T14:05:00.2936280+03:00,A80000000000000000000000,,1,-72,"865,7",Speedwayr-15-32-c2,"6,000932842208628",
2025-07-25T14:05:00.3053690+03:00,A20000000000000000000000,,1,-67,"865,7",Speedwayr-15-32-c2,"2,5586799541932495",
2025-07-25T14:05:00.3077730+03:00,A70000000000000000000000,,1,-61,"865,7",Speedwayr-15-32-c2,"0,9142525495798421",
2025-07-25T14:05:00.3095930+03:00,A30000000000000000000000,,1,-63,"865,7",Speedwayr-15-32-c2,"4,73693267299086",
2025-07-25T14:05:00.3123740+03:00,A60000000000000000000000,,1,-65,"865,7",Speedwayr-15-32-c2,"5,577554144752192",
2025-07-25T14:05:00.3138550+03:00,A40000000000000000000000,,1,"-65,5","865,7",Speedwayr-15-32-c2,"3,5833791205008576",
2025-07-25T14:05:00.3220400+03:00,A80000000000000000000000,,1,-69,"865,7",Speedwayr-15-32-c2,"0,0859029241215959",
2025-07-25T14:05:00.3348290+03:00,A20000000000000000000000,,1,"-66,5","865,7",Speedwayr-15-32-c2,"2,6445828783148455",
2025-07-25T14:05:00.3377370+03:00,A60000000000000000000000,,1,"-63,5","865,7",Speedwayr-15-32-c2,"5,497787143782138",
2025-07-25T14:05:00.3411730+03:00,A70000000000000000000000,,1,"-63,5","865,7",Speedwayr-15-32-c2,"0,7669903939428205",
2025-07-25T14:05:00.3426630+03:00,A40000000000000000000000,,1,"-64,5","865,7",Speedwayr-15-32-c2,"3,6570101983193686",
2025-07-25T14:05:00.3437180+03:00,A30000000000000000000000,,1,"-63,5","865,7",Speedwayr-15-32-c2,"4,816699673960914",
2025-07-25T14:05:00.3645430+03:00,A80000000000000000000000,,1,"-71,5","865,7",Speedwayr-15-32-c2,"6,163534805724506",
2025-07-25T14:05:00.3749640+03:00,A70000000000000000000000,,1,"-63,5","865,7",Speedwayr-15-32-c2,"0,8651651643675016",
2025-07-25T14:05:00.3761910+03:00,A60000000000000000000000,,1,"-65,5","865,7",Speedwayr-15-32-c2,"5,675728915176872",
2025-07-25T14:05:00.3773060+03:00,A30000000000000000000000,,1,-62,"865,7",Speedwayr-15-32-c2,"5,1725832167503825",
2025-07-25T14:05:00.3810800+03:00,A40000000000000000000000,,1,"-64,5","865,7",Speedwayr-15-32-c2,"3,650874275167826",
2025-07-25T14:05:00.3849420+03:00,A80000000000000000000000,,1,"-68,5","865,7",Speedwayr-15-32-c2,"6,135923151542564",
2025-07-25T14:05:00.3873820+03:00,A20000000000000000000000,,1,-64,"865,7",Speedwayr-15-32-c2,"2,742757648739526",
2025-07-25T14:05:00.4011880+03:00,A20000000000000000000000,,1,-66,"865,7",Speedwayr-15-32-c2,"2,693670263527186",
2025-07-25T14:05:00.4045070+03:00,A30000000000000000000000,,1,"-63,5","865,7",Speedwayr-15-32-c2,"4,718524903536232",
2025-07-25T14:05:00.4056490+03:00,A60000000000000000000000,,1,-66,"865,7",Speedwayr-15-32-c2,"5,915029918087033",
2025-07-25T14:05:00.4074620+03:00,A40000000000000000000000,,1,-65,"865,7",Speedwayr-15-32-c2,"3,7122335066832517",
2025-07-25T14:05:00.4087860+03:00,A70000000000000000000000,,1,"-63,5","865,7",Speedwayr-15-32-c2,"0,8344855486097889",
2025-07-25T14:05:00.4441460+03:00,A80000000000000000000000,,1,-72,"865,7",Speedwayr-15-32-c2,"5,988660995905543",
2025-07-25T14:05:00.4481720+03:00,A60000000000000000000000,,1,-64,"865,7",Speedwayr-15-32-c2,"5,602097837358362",
2025-07-25T14:05:00.4515380+03:00,A30000000000000000000000,,1,-62,"865,7",Speedwayr-15-32-c2,"4,921010367537137",
2025-07-25T14:05:00.4528800+03:00,A40000000000000000000000,,1,"-64,5","865,7",Speedwayr-15-32-c2,"3,6324665057131984",
2025-07-25T14:05:00.4548790+03:00,A70000000000000000000000,,1,"-63,5","865,7",Speedwayr-15-32-c2,"0,9510680884890975",
2025-07-25T14:05:00.4631680+03:00,A20000000000000000000000,,1,"-65,5","865,7",Speedwayr-15-32-c2,"2,736621725587984",
2025-07-25T14:05:00.4656020+03:00,A80000000000000000000000,,1,-69,"865,7",Speedwayr-15-32-c2,"5,902758071783947",
2025-07-25T14:05:00.4801550+03:00,A60000000000000000000000,,1,-64,"865,7",Speedwayr-15-32-c2,"6,270913460876501",
2025-07-25T14:05:00.4818490+03:00,A30000000000000000000000,,1,"-61,5","865,7",Speedwayr-15-32-c2,"4,9394181369917645",
2025-07-25T14:05:00.4834180+03:00,A40000000000000000000000,,1,-65,"865,7",Speedwayr-15-32-c2,"3,718369429834794",
2025-07-25T14:05:00.4850390+03:00,A70000000000000000000000,,1,-63,"865,7",Speedwayr-15-32-c2,"0,9203884727313847",
2025-07-25T14:05:00.5024080+03:00,A20000000000000000000000,,1,"-66,5","865,7",Speedwayr-15-32-c2,"5,994796919057086",
2025-07-25T14:05:00.5044940+03:00,A80000000000000000000000,,1,"-71,5","865,7",Speedwayr-15-32-c2,"6,062292073724054",
2025-07-25T14:05:00.5078620+03:00,A30000000000000000000000,,1,"-62,5","865,7",Speedwayr-15-32-c2,"5,0253210611133605",
2025-07-25T14:05:00.5110820+03:00,A60000000000000000000000,,1,-65,"865,7",Speedwayr-15-32-c2,"5,786175531904639",
2025-07-25T14:05:00.5136090+03:00,A20000000000000000000000,,1,-65,"865,7",Speedwayr-15-32-c2,"2,7120780329818137",
2025-07-25T14:05:00.5147040+03:00,A40000000000000000000000,,1,"-65,5","865,7",Speedwayr-15-32-c2,"3,749049045592507",
2025-07-25T14:05:00.5171660+03:00,A70000000000000000000000,,1,-63,"865,7",Speedwayr-15-32-c2,"1,0369710126106935",
2025-07-25T14:05:00.5241240+03:00,A80000000000000000000000,,1,-70,"865,7",Speedwayr-15-32-c2,"6,037748381117884",
2025-07-25T14:05:00.5366950+03:00,A20000000000000000000000,,1,-66,"865,7",Speedwayr-15-32-c2,"2,82252464970958",
2025-07-25T14:05:00.5412350+03:00,A60000000000000000000000,,1,"-64,5","865,7",Speedwayr-15-32-c2,"6,013204688511713",
2025-07-25T14:05:00.5425900+03:00,A30000000000000000000000,,1,-64,"865,7",Speedwayr-15-32-c2,"4,970097752749477",
2025-07-25T14:05:00.5442160+03:00,A70000000000000000000000,,1,-63,"865,7",Speedwayr-15-32-c2,"1,043106935762236",
2025-07-25T14:05:00.5463470+03:00,A40000000000000000000000,,1,-64,"865,7",Speedwayr-15-32-c2,"3,785864584501762",
2025-07-25T14:05:00.5639570+03:00,A80000000000000000000000,,1,-71,"865,7",Speedwayr-15-32-c2,"6,160466844148735",
2025-07-25T14:05:00.5708760+03:00,A40000000000000000000000,,1,-63,"865,7",Speedwayr-15-32-c2,"3,9392626632903265",
2025-07-25T14:05:00.5735040+03:00,A70000000000000000000000,,1,"-61,5","865,7",Speedwayr-15-32-c2,"0,9633399347921826",
2025-07-25T14:05:00.5751010+03:00,A30000000000000000000000,,1,-63,"865,7",Speedwayr-15-32-c2,"4,945554060143307",
2025-07-25T14:05:00.5764960+03:00,A20000000000000000000000,,1,-65,"865,7",Speedwayr-15-32-c2,"3,031146036862027",
2025-07-25T14:05:00.5830520+03:00,A80000000000000000000000,,1,"-68,5","865,7",Speedwayr-15-32-c2,"5,976389149602458",
2025-07-25T14:05:00.5841810+03:00,A60000000000000000000000,,1,"-63,5","865,7",Speedwayr-15-32-c2,"5,884350302329319",
2025-07-25T14:05:00.5981830+03:00,A60000000000000000000000,,1,"-62,5","865,7",Speedwayr-15-32-c2,"6,12365130523948",
2025-07-25T14:05:00.6001430+03:00,A70000000000000000000000,,1,"-63,5","865,7",Speedwayr-15-32-c2,"0,9265243958829272",
2025-07-25T14:05:00.6028290+03:00,A40000000000000000000000,,1,-66,"865,7",Speedwayr-15-32-c2,"3,902447124381071",
2025-07-25T14:05:00.6051180+03:00,A30000000000000000000000,,1,-63,"865,7",Speedwayr-15-32-c2,"5,013049214810275",
2025-07-25T14:05:00.6107880+03:00,A20000000000000000000000,,1,-65,"865,7",Speedwayr-15-32-c2,"3,368621810196868",
2025-07-25T14:05:00.6131910+03:00,A80000000000000000000000,,1,-70,"865,7",Speedwayr-15-32-c2,"6,14819499784565",
2025-07-25T14:05:00.6255450+03:00,A60000000000000000000000,,1,-64,"865,7",Speedwayr-15-32-c2,"6,117515382087937",
2025-07-25T14:05:00.6275200+03:00,A30000000000000000000000,,1,-63,"865,7",Speedwayr-15-32-c2,"5,141903600992669",
2025-07-25T14:05:00.6299780+03:00,A40000000000000000000000,,1,-66,"865,7",Speedwayr-15-32-c2,"3,472932503773092",
2025-07-25T14:05:00.6316840+03:00,A70000000000000000000000,,1,"-61,5","865,7",Speedwayr-15-32-c2,"0,9265243958829272",
2025-07-25T14:05:00.6340240+03:00,A20000000000000000000000,,1,"-65,5","865,7",Speedwayr-15-32-c2,"2,9391071895888885",
2025-07-25T14:05:00.6426890+03:00,A80000000000000000000000,,1,"-71,5","865,7",Speedwayr-15-32-c2,"6,166602767300278",
2025-07-25T14:05:00.6520530+03:00,A70000000000000000000000,,1,-62,"865,7",Speedwayr-15-32-c2,"1,1044661672776617",
2025-07-25T14:05:00.6534630+03:00,A40000000000000000000000,,1,-65,"865,7",Speedwayr-15-32-c2,"3,773592738198677",
2025-07-25T14:05:00.6548570+03:00,A20000000000000000000000,,1,"-66,5","865,7",Speedwayr-15-32-c2,"3,018874190558942",
2025-07-25T14:05:00.6559420+03:00,A30000000000000000000000,,1,-64,"865,7",Speedwayr-15-32-c2,"5,197126909356553",
2025-07-25T14:05:00.6581930+03:00,A60000000000000000000000,,1,-64,"865,7",Speedwayr-15-32-c2,"6,111379458936394",
2025-07-25T14:05:00.6635100+03:00,A80000000000000000000000,,1,"-69,5","865,7",Speedwayr-15-32-c2,"0,05522330836388308",
2025-07-25T14:05:00.6835090+03:00,A70000000000000000000000,,1,-63,"865,7",Speedwayr-15-32-c2,"1,0921943209745766",
2025-07-25T14:05:00.6893910+03:00,A30000000000000000000000,,1,-63,"865,7",Speedwayr-15-32-c2,"5,135767677841127",
2025-07-25T14:05:00.6916270+03:00,A40000000000000000000000,,1,-63,"865,7",Speedwayr-15-32-c2,"3,9822141253511245",
2025-07-25T14:05:00.6931530+03:00,A60000000000000000000000,,1,"-64,5","865,7",Speedwayr-15-32-c2,"5,9518454569962875",
2025-07-25T14:05:00.6957820+03:00,A80000000000000000000000,,1,-69,"865,7",Speedwayr-15-32-c2,"0,006135923151542565",
2025-07-25T14:05:00.7025110+03:00,A20000000000000000000000,,1,-65,"865,7",Speedwayr-15-32-c2,"2,9145634969827183",
2025-07-25T14:05:00.7168660+03:00,A30000000000000000000000,,1,-63,"865,7",Speedwayr-15-32-c2,"5,166447293598839",
2025-07-25T14:05:00.7198140+03:00,A70000000000000000000000,,1,"-62,5","865,7",Speedwayr-15-32-c2,"0,8835729338221293",
2025-07-25T14:05:00.7236990+03:00,A20000000000000000000000,,1,"-66,5","865,7",Speedwayr-15-32-c2,"3,074097498922825",
2025-07-25T14:05:00.7248810+03:00,A40000000000000000000000,,1,"-65,5","865,7",Speedwayr-15-32-c2,"3,9822141253511245",
2025-07-25T14:05:00.7309030+03:00,A60000000000000000000000,,1,-64,"865,7",Speedwayr-15-32-c2,"6,1850105367549055",
2025-07-25T14:05:00.7348220+03:00,A80000000000000000000000,,1,-69,"865,7",Speedwayr-15-32-c2,"6,215690152512618",
2025-07-25T14:05:00.7496780+03:00,A70000000000000000000000,,1,-63,"865,7",Speedwayr-15-32-c2,"1,2026409377023426",
2025-07-25T14:05:00.7516330+03:00,A40000000000000000000000,,1,-62,"865,7",Speedwayr-15-32-c2,"4,0558452031696355",
2025-07-25T14:05:00.7531670+03:00,A60000000000000000000000,,1,"-63,5","865,7",Speedwayr-15-32-c2,"0,06135923151542565",
2025-07-25T14:05:00.7545220+03:00,A20000000000000000000000,,1,"-66,5","865,7",Speedwayr-15-32-c2,"3,227495577711389",
2025-07-25T14:05:00.7747350+03:00,A80000000000000000000000,,1,"-70,5","865,7",Speedwayr-15-32-c2,"0,04908738521234052",
2025-07-25T14:05:00.7795140+03:00,A30000000000000000000000,,1,-64,"865,7",Speedwayr-15-32-c2,"5,166447293598839",
2025-07-25T14:05:00.7835330+03:00,A70000000000000000000000,,1,-63,"865,7",Speedwayr-15-32-c2,"1,1290098598838318",
2025-07-25T14:05:00.7846880+03:00,A60000000000000000000000,,1,"-63,5","865,7",Speedwayr-15-32-c2,"6,240233845118788",
2025-07-25T14:05:00.7902640+03:00,A40000000000000000000000,,1,"-64,5","865,7",Speedwayr-15-32-c2,"3,5956509668039427",
2025-07-25T14:05:00.7932970+03:00,A20000000000000000000000,,1,"-66,5","865,7",Speedwayr-15-32-c2,"3,1784081924990484",
2025-07-25T14:05:00.8073500+03:00,A30000000000000000000000,,1,-64,"865,7",Speedwayr-15-32-c2,"4,963961829597935",
2025-07-25T14:05:00.8130070+03:00,A20000000000000000000000,,1,"-66,5","865,7",Speedwayr-15-32-c2,"3,172272269347506",
2025-07-25T14:05:00.8172640+03:00,A60000000000000000000000,,1,"-63,5","865,7",Speedwayr-15-32-c2,"6,22182607566416",
2025-07-25T14:05:00.8190380+03:00,A70000000000000000000000,,1,"-63,5","865,7",Speedwayr-15-32-c2,"1,2087768608538851",
2025-07-25T14:05:00.8210540+03:00,A40000000000000000000000,,1,"-64,5","865,7",Speedwayr-15-32-c2,"4,0128937411088375",
2025-07-25T14:05:00.8230060+03:00,A80000000000000000000000,,1,-70,"865,7",Speedwayr-15-32-c2,"0,01227184630308513",
2025-07-25T14:05:00.8369750+03:00,A30000000000000000000000,,1,"-63,5","865,7",Speedwayr-15-32-c2,"4,853515212870168",
2025-07-25T14:05:00.8400050+03:00,A70000000000000000000000,,1,-63,"865,7",Speedwayr-15-32-c2,"1,000155473701438",
2025-07-25T14:05:00.8423810+03:00,A20000000000000000000000,,1,-66,"865,7",Speedwayr-15-32-c2,"3,0925052683774528",
2025-07-25T14:05:00.8435380+03:00,A80000000000000000000000,,1,-69,"865,7",Speedwayr-15-32-c2,"6,013204688511713",
2025-07-25T14:05:00.8447150+03:00,A40000000000000000000000,,1,-65,"865,7",Speedwayr-15-32-c2,"4,129476280988146",
2025-07-25T14:05:00.8458600+03:00,A60000000000000000000000,,1,-64,"865,7",Speedwayr-15-32-c2,"6,2034183062095325",
2025-07-25T14:05:00.8617920+03:00,A30000000000000000000000,,1,-64,"865,7",Speedwayr-15-32-c2,"5,301437602932776",
2025-07-25T14:05:00.8631530+03:00,A40000000000000000000000,,1,-65,"865,7",Speedwayr-15-32-c2,"4,04357335686655",
2025-07-25T14:05:00.8657840+03:00,A60000000000000000000000,,1,-64,"865,7",Speedwayr-15-32-c2,"6,2034183062095325",
2025-07-25T14:05:00.8672260+03:00,A70000000000000000000000,,1,-63,"865,7",Speedwayr-15-32-c2,"1,0185632431560658",
2025-07-25T14:05:00.8714490+03:00,A20000000000000000000000,,1,"-65,5","865,7",Speedwayr-15-32-c2,"3,2213596545598464",
2025-07-25T14:05:00.8761600+03:00,A80000000000000000000000,,1,"-67,5","865,7",Speedwayr-15-32-c2,"0,03681553890925539",
2025-07-25T14:05:00.8911370+03:00,A40000000000000000000000,,1,-65,"865,7",Speedwayr-15-32-c2,"4,2031073588066565",
2025-07-25T14:05:00.8928440+03:00,A20000000000000000000000,,1,-65,"865,7",Speedwayr-15-32-c2,"3,2029518851052186",
2025-07-25T14:05:00.8947540+03:00,A30000000000000000000000,,1,-63,"865,7",Speedwayr-15-32-c2,"5,350524988145116",
2025-07-25T14:05:00.8971280+03:00,A70000000000000000000000,,1,-62,"865,7",Speedwayr-15-32-c2,"1,4603497100671303",
2025-07-25T14:05:00.9012060+03:00,A60000000000000000000000,,1,"-64,5","865,7",Speedwayr-15-32-c2,"6,178874613603362",
2025-07-25T14:05:00.9146840+03:00,A80000000000000000000000,,1,"-69,5","865,7",Speedwayr-15-32-c2,0,
2025-07-25T14:05:00.9266890+03:00,A70000000000000000000000,,1,-63,"865,7",Speedwayr-15-32-c2,"1,2087768608538851",
2025-07-25T14:05:00.9285150+03:00,A30000000000000000000000,,1,"-62,5","865,7",Speedwayr-15-32-c2,"5,381204603902829",
2025-07-25T14:05:00.9309540+03:00,A40000000000000000000000,,1,-63,"865,7",Speedwayr-15-32-c2,"3,865631585471816",
2025-07-25T14:05:00.9343020+03:00,A60000000000000000000000,,1,"-64,5","865,7",Speedwayr-15-32-c2,"6,17273869045182",
2025-07-25T14:05:00.9435120+03:00,A20000000000000000000000,,1,-66,"865,7",Speedwayr-15-32-c2,"3,1354567304382504",
2025-07-25T14:05:00.9452530+03:00,A80000000000000000000000,,1,"-69,5","865,7",Speedwayr-15-32-c2,"6,154330920997192",
2025-07-25T14:05:00.9601750+03:00,A40000000000000000000000,,1,-62,"865,7",Speedwayr-15-32-c2,"4,129476280988146",
2025-07-25T14:05:00.9612340+03:00,A20000000000000000000000,,1,-67,"865,7",Speedwayr-15-32-c2,"3,0802334220743677",
2025-07-25T14:05:00.9644490+03:00,A60000000000000000000000,,1,-64,"865,7",Speedwayr-15-32-c2,"6,000932842208628",
2025-07-25T14:05:00.9661970+03:00,A30000000000000000000000,,1,-63,"865,7",Speedwayr-15-32-c2,"5,092816215780329",
2025-07-25T14:05:00.9690020+03:00,A70000000000000000000000,,1,-62,"865,7",Speedwayr-15-32-c2,"1,184233168247715",
2025-07-25T14:05:00.9731650+03:00,A80000000000000000000000,,1,-70,"865,7",Speedwayr-15-32-c2,"0,14112623248547898",
2025-07-25T14:05:00.9864930+03:00,A70000000000000000000000,,1,"-62,5","865,7",Speedwayr-15-32-c2,"1,239456476611598",
2025-07-25T14:05:00.9915680+03:00,A60000000000000000000000,,1,"-62,5","865,7",Speedwayr-15-32-c2,"6,191146459906448",
2025-07-25T14:05:00.9935810+03:00,A40000000000000000000000,,1,-65,"865,7",Speedwayr-15-32-c2,"3,9760782021995817",
2025-07-25T14:05:00.9961490+03:00,A80000000000000000000000,,1,-67,"865,7",Speedwayr-15-32-c2,"0,09817477042468103",
2025-07-25T14:05:00.9975900+03:00,A30000000000000000000000,,1,"-64,5","865,7",Speedwayr-15-32-c2,"5,767767762450011",
2025-07-25T14:05:01.0011690+03:00,A20000000000000000000000,,1,"-65,5","865,7",Speedwayr-15-32-c2,"3,031146036862027",
2025-07-25T14:05:01.0146930+03:00,A60000000000000000000000,,1,-65,"865,7",Speedwayr-15-32-c2,"6,068427996875596",
2025-07-25T14:05:01.0183940+03:00,A70000000000000000000000,,1,"-60,5","865,7",Speedwayr-15-32-c2,"1,0737865515199487",
2025-07-25T14:05:01.0206160+03:00,A20000000000000000000000,,1,"-66,5","865,7",Speedwayr-15-32-c2,"3,0802334220743677",
2025-07-25T14:05:01.0225530+03:00,A40000000000000000000000,,1,"-65,5","865,7",Speedwayr-15-32-c2,"4,227651051412827",
2025-07-25T14:05:01.0240140+03:00,A30000000000000000000000,,1,-64,"865,7",Speedwayr-15-32-c2,"5,368932757599744",
2025-07-25T14:05:01.0357380+03:00,A80000000000000000000000,,1,-71,"865,7",Speedwayr-15-32-c2,"6,108311497360623",
2025-07-25T14:05:01.0458140+03:00,A70000000000000000000000,,1,-63,"865,7",Speedwayr-15-32-c2,"1,0799224746714913",
2025-07-25T14:05:01.0482730+03:00,A30000000000000000000000,,1,-63,"865,7",Speedwayr-15-32-c2,"5,240078371417351",
2025-07-25T14:05:01.0516470+03:00,A60000000000000000000000,,1,"-64,5","865,7",Speedwayr-15-32-c2,"6,074563920027139",
2025-07-25T14:05:01.0545000+03:00,A40000000000000000000000,,1,"-65,5","865,7",Speedwayr-15-32-c2,"4,049709280018092",
2025-07-25T14:05:01.0642810+03:00,A80000000000000000000000,,1,"-70,5","865,7",Speedwayr-15-32-c2,"6,264777537724958",
2025-07-25T14:05:01.0653650+03:00,A20000000000000000000000,,1,"-66,5","865,7",Speedwayr-15-32-c2,"3,043417883165112",
2025-07-25T14:05:01.0805260+03:00,A40000000000000000000000,,1,"-63,5","865,7",Speedwayr-15-32-c2,"4,06811704947272",
2025-07-25T14:05:01.0815820+03:00,A20000000000000000000000,,1,"-66,5","865,7",Speedwayr-15-32-c2,"3,06182565261974",
2025-07-25T14:05:01.0831640+03:00,A70000000000000000000000,,1,"-62,5","865,7",Speedwayr-15-32-c2,"1,2026409377023426",
2025-07-25T14:05:01.0858050+03:00,A30000000000000000000000,,1,-63,"865,7",Speedwayr-15-32-c2,"5,350524988145116",
2025-07-25T14:05:01.0928730+03:00,A60000000000000000000000,,1,-62,"865,7",Speedwayr-15-32-c2,"6,019340611663256",
2025-07-25T14:05:01.1050600+03:00,A80000000000000000000000,,1,"-68,5","865,7",Speedwayr-15-32-c2,"6,19728238305799",
2025-07-25T14:05:01.1169700+03:00,A70000000000000000000000,,1,"-61,5","865,7",Speedwayr-15-32-c2,"1,030835089459151",
2025-07-25T14:05:01.1197120+03:00,A40000000000000000000000,,1,"-65,5","865,7",Speedwayr-15-32-c2,"4,104932588381976",
2025-07-25T14:05:01.1225560+03:00,A60000000000000000000000,,1,-64,"865,7",Speedwayr-15-32-c2,"6,056156150572511",
2025-07-25T14:05:01.1249670+03:00,A80000000000000000000000,,1,"-70,5","865,7",Speedwayr-15-32-c2,"5,957981380147831",
2025-07-25T14:05:01.1264610+03:00,A30000000000000000000000,,1,-63,"865,7",Speedwayr-15-32-c2,"5,332117218690489",
2025-07-25T14:05:01.1332290+03:00,A20000000000000000000000,,1,"-65,5","865,7",Speedwayr-15-32-c2,"2,9697868053466014",
2025-07-25T14:05:01.1463280+03:00,A40000000000000000000000,,1,"-64,5","865,7",Speedwayr-15-32-c2,"3,9822141253511245",
2025-07-25T14:05:01.1487370+03:00,A30000000000000000000000,,1,"-64,5","865,7",Speedwayr-15-32-c2,"5,436427912266712",
2025-07-25T14:05:01.1502700+03:00,A70000000000000000000000,,1,"-61,5","865,7",Speedwayr-15-32-c2,"0,9387962421860124",
2025-07-25T14:05:01.1534430+03:00,A80000000000000000000000,,1,"-68,5","865,7",Speedwayr-15-32-c2,"5,964117303299373",
2025-07-25T14:05:01.1556770+03:00,A60000000000000000000000,,1,-65,"865,7",Speedwayr-15-32-c2,"5,957981380147831",
2025-07-25T14:05:01.1589640+03:00,A20000000000000000000000,,1,-62,"865,7",Speedwayr-15-32-c2,"2,9084275738311756",
2025-07-25T14:05:01.1732490+03:00,A70000000000000000000000,,1,"-62,5","865,7",Speedwayr-15-32-c2,"1,0615147052168636",
2025-07-25T14:05:01.1745200+03:00,A60000000000000000000000,,1,"-65,5","865,7",Speedwayr-15-32-c2,"6,000932842208628",
2025-07-25T14:05:01.1758950+03:00,A30000000000000000000000,,1,-64,"865,7",Speedwayr-15-32-c2,"5,368932757599744",
2025-07-25T14:05:01.1785490+03:00,A40000000000000000000000,,1,"-64,5","865,7",Speedwayr-15-32-c2,"4,129476280988146",
2025-07-25T14:05:01.1813460+03:00,A20000000000000000000000,,1,"-65,5","865,7",Speedwayr-15-32-c2,"3,0250101137104846",
2025-07-25T14:05:01.1843340+03:00,A80000000000000000000000,,1,"-68,5","865,7",Speedwayr-15-32-c2,"5,71868037723767",
2025-07-25T14:05:01.1972820+03:00,A30000000000000000000000,,1,-63,"865,7",Speedwayr-15-32-c2,"5,178719139901925",
2025-07-25T14:05:01.2001630+03:00,A70000000000000000000000,,1,"-62,5","865,7",Speedwayr-15-32-c2,"0,7669903939428205",
2025-07-25T14:05:01.2033090+03:00,A40000000000000000000000,,1,-65,"865,7",Speedwayr-15-32-c2,"4,0558452031696355",
2025-07-25T14:05:01.2112140+03:00,A20000000000000000000000,,1,-66,"865,7",Speedwayr-15-32-c2,"3,031146036862027",
2025-07-25T14:05:01.2240650+03:00,A80000000000000000000000,,1,-71,"865,7",Speedwayr-15-32-c2,"6,258641614573416",
2025-07-25T14:05:01.2257620+03:00,A30000000000000000000000,,1,"-63,5","865,7",Speedwayr-15-32-c2,"5,264622064023521",
2025-07-25T14:05:01.2288650+03:00,A70000000000000000000000,,1,-63,"865,7",Speedwayr-15-32-c2,"1,2026409377023426",
2025-07-25T14:05:01.2356410+03:00,A20000000000000000000000,,1,-66,"865,7",Speedwayr-15-32-c2,"3,0495538063166547",
2025-07-25T14:05:01.2374420+03:00,A60000000000000000000000,,1,"-64,5","865,7",Speedwayr-15-32-c2,"5,8475347634200645",
2025-07-25T14:05:01.2395350+03:00,A40000000000000000000000,,1,"-65,5","865,7",Speedwayr-15-32-c2,"3,6079228131070282",
2025-07-25T14:05:01.2609660+03:00,A60000000000000000000000,,1,-64,"865,7",Speedwayr-15-32-c2,"5,9518454569962875",
2025-07-25T14:05:01.2629160+03:00,A20000000000000000000000,,1,-66,"865,7",Speedwayr-15-32-c2,"3,2029518851052186",
2025-07-25T14:05:01.2647100+03:00,A80000000000000000000000,,1,-70,"865,7",Speedwayr-15-32-c2,"6,056156150572511",
2025-07-25T14:05:01.2663630+03:00,A30000000000000000000000,,1,-64,"865,7",Speedwayr-15-32-c2,"5,325981295538946",
2025-07-25T14:05:01.2674060+03:00,A70000000000000000000000,,1,"-60,5","865,7",Speedwayr-15-32-c2,"0,9203884727313847",
2025-07-25T14:05:01.2687280+03:00,A40000000000000000000000,,1,"-65,5","865,7",Speedwayr-15-32-c2,"3,9760782021995817",
2025-07-25T14:05:01.2811050+03:00,A60000000000000000000000,,1,"-65,5","865,7",Speedwayr-15-32-c2,"5,8475347634200645",
2025-07-25T14:05:01.2829570+03:00,A70000000000000000000000,,1,-63,"865,7",Speedwayr-15-32-c2,"1,000155473701438",
2025-07-25T14:05:01.2855180+03:00,A40000000000000000000000,,1,-65,"865,7",Speedwayr-15-32-c2,"3,9392626632903265",
2025-07-25T14:05:01.2865870+03:00,A30000000000000000000000,,1,"-63,5","865,7",Speedwayr-15-32-c2,"5,411884219660542",
2025-07-25T14:05:01.2940680+03:00,A80000000000000000000000,,1,"-67,5","865,7",Speedwayr-15-32-c2,"6,043884304269426",
2025-07-25T14:05:01.2951100+03:00,A20000000000000000000000,,1,"-65,5","865,7",Speedwayr-15-32-c2,"3,2397674240144743",
2025-07-25T14:05:01.3100140+03:00,A20000000000000000000000,,1,-64,"865,7",Speedwayr-15-32-c2,"3,160000423044421",
2025-07-25T14:05:01.3117100+03:00,A40000000000000000000000,,1,-64,"865,7",Speedwayr-15-32-c2,"3,810408277107933",
2025-07-25T14:05:01.3135480+03:00,A70000000000000000000000,,1,"-62,5","865,7",Speedwayr-15-32-c2,"0,8897088569736719",
2025-07-25T14:05:01.3152010+03:00,A60000000000000000000000,,1,-65,"865,7",Speedwayr-15-32-c2,"5,8659425328746915",
2025-07-25T14:05:01.3162870+03:00,A30000000000000000000000,,1,-63,"865,7",Speedwayr-15-32-c2,"5,724816300389213",
2025-07-25T14:05:01.3229760+03:00,A80000000000000000000000,,1,"-70,5","865,7",Speedwayr-15-32-c2,"6,074563920027139",
2025-07-25T14:05:01.3369320+03:00,A70000000000000000000000,,1,"-61,5","865,7",Speedwayr-15-32-c2,"1,0737865515199487",
2025-07-25T14:05:01.3380470+03:00,A30000000000000000000000,,1,-62,"865,7",Speedwayr-15-32-c2,"5,295301679781233",
2025-07-25T14:05:01.3407990+03:00,A60000000000000000000000,,1,"-65,5","865,7",Speedwayr-15-32-c2,"6,000932842208628",
2025-07-25T14:05:01.3436810+03:00,A40000000000000000000000,,1,-65,"865,7",Speedwayr-15-32-c2,"3,767456815047135",
2025-07-25T14:05:01.3520260+03:00,A20000000000000000000000,,1,"-65,5","865,7",Speedwayr-15-32-c2,"3,215223731408304",
2025-07-25T14:05:01.3640420+03:00,A80000000000000000000000,,1,-71,"865,7",Speedwayr-15-32-c2,"5,724816300389213",
2025-07-25T14:05:01.3731200+03:00,A40000000000000000000000,,1,"-65,5","865,7",Speedwayr-15-32-c2,"3,847223816017188",
2025-07-25T14:05:01.3742330+03:00,A70000000000000000000000,,1,"-63,5","865,7",Speedwayr-15-32-c2,"0,9387962421860124",
2025-07-25T14:05:01.3768840+03:00,A20000000000000000000000,,1,"-64,5","865,7",Speedwayr-15-32-c2,"3,098641191528995",
2025-07-25T14:05:01.3782220+03:00,A60000000000000000000000,,1,-65,"865,7",Speedwayr-15-32-c2,"5,939573610693203",
2025-07-25T14:05:01.3802940+03:00,A30000000000000000000000,,1,-64,"865,7",Speedwayr-15-32-c2,"5,289165756629691",
2025-07-25T14:05:01.3844890+03:00,A80000000000000000000000,,1,"-69,5","865,7",Speedwayr-15-32-c2,"5,859806609723149",
2025-07-25T14:05:01.3986140+03:00,A70000000000000000000000,,1,"-62,5","865,7",Speedwayr-15-32-c2,"0,8651651643675016",
2025-07-25T14:05:01.4023640+03:00,A20000000000000000000000,,1,"-65,5","865,7",Speedwayr-15-32-c2,"3,2765829629237295",
2025-07-25T14:05:01.4034230+03:00,A30000000000000000000000,,1,-64,"865,7",Speedwayr-15-32-c2,"5,043728830567988",
2025-07-25T14:05:01.4056800+03:00,A40000000000000000000000,,1,"-65,5","865,7",Speedwayr-15-32-c2,"3,8288160465625602",
2025-07-25T14:05:01.4077110+03:00,A60000000000000000000000,,1,"-62,5","865,7",Speedwayr-15-32-c2,"5,927301764390117",
2025-07-25T14:05:01.4222100+03:00,A80000000000000000000000,,1,-69,"865,7",Speedwayr-15-32-c2,"5,786175531904639",
2025-07-25T14:05:01.4272130+03:00,A40000000000000000000000,,1,-65,"865,7",Speedwayr-15-32-c2,"3,890175278077986",
2025-07-25T14:05:01.4283240+03:00,A70000000000000000000000,,1,"-62,5","865,7",Speedwayr-15-32-c2,"1,012427320004523",
2025-07-25T14:05:01.4342200+03:00,A20000000000000000000000,,1,-64,"865,7",Speedwayr-15-32-c2,"3,2459033471660166",
2025-07-25T14:05:01.4403580+03:00,A30000000000000000000000,,1,"-64,5","865,7",Speedwayr-15-32-c2,"5,111223985234957",
2025-07-25T14:05:01.4424340+03:00,A60000000000000000000000,,1,"-64,5","865,7",Speedwayr-15-32-c2,"5,497787143782138",
2025-07-25T14:05:01.4454440+03:00,A80000000000000000000000,,1,-71,"865,7",Speedwayr-15-32-c2,"5,767767762450011",
2025-07-25T14:05:01.4575780+03:00,A30000000000000000000000,,1,-63,"865,7",Speedwayr-15-32-c2,"4,92714629068868",
2025-07-25T14:05:01.4625170+03:00,A60000000000000000000000,,1,-65,"865,7",Speedwayr-15-32-c2,"6,111379458936394",
2025-07-25T14:05:01.4639580+03:00,A70000000000000000000000,,1,-63,"865,7",Speedwayr-15-32-c2,"0,9572040116406401",
2025-07-25T14:05:01.4653520+03:00,A40000000000000000000000,,1,-64,"865,7",Speedwayr-15-32-c2,"3,792000507653305",
2025-07-25T14:05:01.4720680+03:00,A20000000000000000000000,,1,"-65,5","865,7",Speedwayr-15-32-c2,0,
2025-07-25T14:05:01.4831010+03:00,A30000000000000000000000,,1,"-64,5","865,7",Speedwayr-15-32-c2,"5,006913291658733",
2025-07-25T14:05:01.4871260+03:00,A40000000000000000000000,,1,-63,"865,7",Speedwayr-15-32-c2,"3,8410878928656453",
2025-07-25T14:05:01.4897070+03:00,A20000000000000000000000,,1,"-64,5","865,7",Speedwayr-15-32-c2,"2,9759227284981438",
2025-07-25T14:05:01.4923940+03:00,A70000000000000000000000,,1,"-63,5","865,7",Speedwayr-15-32-c2,"0,9326603190344698",
2025-07-25T14:05:01.4954790+03:00,A60000000000000000000000,,1,-65,"865,7",Speedwayr-15-32-c2,"5,743224069843841",
2025-07-25T14:05:01.5056140+03:00,A80000000000000000000000,,1,-70,"865,7",Speedwayr-15-32-c2,"5,608233760509904",
2025-07-25T14:05:01.5193060+03:00,A30000000000000000000000,,1,"-62,5","865,7",Speedwayr-15-32-c2,"4,963961829597935",
2025-07-25T14:05:01.5225830+03:00,A40000000000000000000000,,1,-65,"865,7",Speedwayr-15-32-c2,"3,706097583531709",
2025-07-25T14:05:01.5246150+03:00,A70000000000000000000000,,1,-62,"865,7",Speedwayr-15-32-c2,"0,8222137023067037",
2025-07-25T14:05:01.5348160+03:00,A80000000000000000000000,,1,"-69,5","865,7",Speedwayr-15-32-c2,"5,780039608753096",
2025-07-25T14:05:01.5493170+03:00,A30000000000000000000000,,1,"-64,5","865,7",Speedwayr-15-32-c2,"5,043728830567988",
2025-07-25T14:05:01.5506710+03:00,A70000000000000000000000,,1,"-62,5","865,7",Speedwayr-15-32-c2,"0,8099418560036186",
2025-07-25T14:05:01.5527630+03:00,A40000000000000000000000,,1,"-64,5","865,7",Speedwayr-15-32-c2,"3,730641276137879",
2025-07-25T14:05:01.5614430+03:00,A60000000000000000000000,,1,"-63,5","865,7",Speedwayr-15-32-c2,"5,872078456026235",
2025-07-25T14:05:01.5630310+03:00,A20000000000000000000000,,1,"-65,5","865,7",Speedwayr-15-32-c2,"2,8716120349219203",
2025-07-25T14:05:01.5654770+03:00,A80000000000000000000000,,1,"-68,5","865,7",Speedwayr-15-32-c2,"5,540738605842936",
2025-07-25T14:05:01.5805630+03:00,A30000000000000000000000,,1,"-64,5","865,7",Speedwayr-15-32-c2,"5,295301679781233",
2025-07-25T14:05:01.5816000+03:00,A40000000000000000000000,,1,-65,"865,7",Speedwayr-15-32-c2,"3,6815538909255388",
2025-07-25T14:05:01.5836900+03:00,A80000000000000000000000,,1,-69,"865,7",Speedwayr-15-32-c2,"5,939573610693203",
2025-07-25T14:05:01.5847880+03:00,A70000000000000000000000,,1,"-63,5","865,7",Speedwayr-15-32-c2,"0,7363107781851077",
2025-07-25T14:05:01.5873700+03:00,A20000000000000000000000,,1,"-64,5","865,7",Speedwayr-15-32-c2,"2,8286605728611223",
2025-07-25T14:05:01.5922770+03:00,A60000000000000000000000,,1,-65,"865,7",Speedwayr-15-32-c2,"5,773903685601553",
2025-07-25T14:05:01.6088130+03:00,A70000000000000000000000,,1,"-63,5","865,7",Speedwayr-15-32-c2,"0,8835729338221293",
2025-07-25T14:05:01.6133870+03:00,A60000000000000000000000,,1,-66,"865,7",Speedwayr-15-32-c2,"5,767767762450011",
2025-07-25T14:05:01.6151000+03:00,A40000000000000000000000,,1,"-65,5","865,7",Speedwayr-15-32-c2,"3,6079228131070282",
2025-07-25T14:05:01.6168920+03:00,A30000000000000000000000,,1,"-64,5","865,7",Speedwayr-15-32-c2,"4,896466674930966",
2025-07-25T14:05:01.6215240+03:00,A20000000000000000000000,,1,-64,"865,7",Speedwayr-15-32-c2,"2,730485802436441",
2025-07-25T14:05:01.6364140+03:00,A80000000000000000000000,,1,"-66,5","865,7",Speedwayr-15-32-c2,"5,350524988145116",
2025-07-25T14:05:01.6410970+03:00,A40000000000000000000000,,1,-65,"865,7",Speedwayr-15-32-c2,"3,834951969714103",
2025-07-25T14:05:01.6434700+03:00,A60000000000000000000000,,1,-65,"865,7",Speedwayr-15-32-c2,"5,6573211457222445",
2025-07-25T14:05:01.6446980+03:00,A30000000000000000000000,,1,-64,"865,7",Speedwayr-15-32-c2,"4,871922982324796",
2025-07-25T14:05:01.6457550+03:00,A20000000000000000000000,,1,-66,"865,7",Speedwayr-15-32-c2,"2,724349879284899",
2025-07-25T14:05:01.6504510+03:00,A70000000000000000000000,,1,"-62,5","865,7",Speedwayr-15-32-c2,"0,705631162427395",
2025-07-25T14:05:01.6673630+03:00,A70000000000000000000000,,1,-63,"865,7",Speedwayr-15-32-c2,"0,7485826244881929",
2025-07-25T14:05:01.6699090+03:00,A60000000000000000000000,,1,-66,"865,7",Speedwayr-15-32-c2,"5,71868037723767",
2025-07-25T14:05:01.6732070+03:00,A30000000000000000000000,,1,-65,"865,7",Speedwayr-15-32-c2,"4,779884135051658",
2025-07-25T14:05:01.6743060+03:00,A20000000000000000000000,,1,-66,"865,7",Speedwayr-15-32-c2,"2,7120780329818137",
2025-07-25T14:05:01.6771060+03:00,A40000000000000000000000,,1,-61,"865,7",Speedwayr-15-32-c2,"3,6754179677739964",
2025-07-25T14:05:01.7015020+03:00,A30000000000000000000000,,1,-64,"865,7",Speedwayr-15-32-c2,"4,816699673960914",
2025-07-25T14:05:01.7038270+03:00,A40000000000000000000000,,1,-65,"865,7",Speedwayr-15-32-c2,"3,9208548938356986",
2025-07-25T14:05:01.7049260+03:00,A60000000000000000000000,,1,-65,"865,7",Speedwayr-15-32-c2,"5,5100589900852235",
2025-07-25T14:05:01.7059840+03:00,A20000000000000000000000,,1,"-65,5","865,7",Speedwayr-15-32-c2,"2,773437264497239",
2025-07-25T14:05:01.7088050+03:00,A70000000000000000000000,,1,-61,"865,7",Speedwayr-15-32-c2,"0,6933593161243098",
2025-07-25T14:05:01.7303640+03:00,A20000000000000000000000,,1,-66,"865,7",Speedwayr-15-32-c2,"2,650718801466388",
2025-07-25T14:05:01.7320340+03:00,A30000000000000000000000,,1,-64,"865,7",Speedwayr-15-32-c2,"4,755340442445488",
2025-07-25T14:05:01.7331020+03:00,A40000000000000000000000,,1,-65,"865,7",Speedwayr-15-32-c2,"3,6386024288647407",
2025-07-25T14:05:01.7344560+03:00,A70000000000000000000000,,1,-63,"865,7",Speedwayr-15-32-c2,"0,6933593161243098",
2025-07-25T14:05:01.7424430+03:00,A60000000000000000000000,,1,-66,"865,7",Speedwayr-15-32-c2,"5,540738605842936",
2025-07-25T14:05:01.7448460+03:00,A80000000000000000000000,,1,"-68,5","865,7",Speedwayr-15-32-c2,"6,105243535784852",
2025-07-25T14:05:01.7585320+03:00,A30000000000000000000000,,1,-63,"865,7",Speedwayr-15-32-c2,"4,552854978444583",
2025-07-25T14:05:01.7611020+03:00,A70000000000000000000000,,1,-63,"865,7",Speedwayr-15-32-c2,"0,34974761963792617",
2025-07-25T14:05:01.7669100+03:00,A20000000000000000000000,,1,-66,"865,7",Speedwayr-15-32-c2,"2,6875343403756435",
2025-07-25T14:05:01.7688200+03:00,A40000000000000000000000,,1,"-64,5","865,7",Speedwayr-15-32-c2,"3,5895150436524004",
2025-07-25T14:05:01.7706710+03:00,A60000000000000000000000,,1,-66,"865,7",Speedwayr-15-32-c2,"5,387340527054372",
2025-07-25T14:05:01.7739300+03:00,A80000000000000000000000,,1,-67,"865,7",Speedwayr-15-32-c2,"5,5714182216006485",
2025-07-25T14:05:01.7885100+03:00,A30000000000000000000000,,1,"-63,5","865,7",Speedwayr-15-32-c2,"4,933282213840222",
2025-07-25T14:05:01.7907460+03:00,A20000000000000000000000,,1,"-63,5","865,7",Speedwayr-15-32-c2,"2,730485802436441",
2025-07-25T14:05:01.7926800+03:00,A40000000000000000000000,,1,-65,"865,7",Speedwayr-15-32-c2,"3,6140587362585705",
2025-07-25T14:05:01.7941770+03:00,A70000000000000000000000,,1,-63,"865,7",Speedwayr-15-32-c2,"0,5583690067903734",
2025-07-25T14:05:01.7952890+03:00,A60000000000000000000000,,1,-66,"865,7",Speedwayr-15-32-c2,"5,460971604872882",
2025-07-25T14:05:01.8007150+03:00,A80000000000000000000000,,1,"-68,5","865,7",Speedwayr-15-32-c2,"5,595961914206819",
2025-07-25T14:05:01.8127730+03:00,A20000000000000000000000,,1,"-64,5","865,7",Speedwayr-15-32-c2,"2,5402721847386216",
2025-07-25T14:05:01.8170490+03:00,A30000000000000000000000,,1,"-63,5","865,7",Speedwayr-15-32-c2,"4,896466674930966",
2025-07-25T14:05:01.8199970+03:00,A60000000000000000000000,,1,-66,"865,7",Speedwayr-15-32-c2,"5,399612373357457",
2025-07-25T14:05:01.8227940+03:00,A80000000000000000000000,,1,-69,"865,7",Speedwayr-15-32-c2,"5,64504929941916",
2025-07-25T14:05:01.8260790+03:00,A40000000000000000000000,,1,-65,"865,7",Speedwayr-15-32-c2,"3,785864584501762",
2025-07-25T14:05:01.8275710+03:00,A70000000000000000000000,,1,"-62,5","865,7",Speedwayr-15-32-c2,"0,5092816215780329",
2025-07-25T14:05:01.8523700+03:00,A20000000000000000000000,,1,"-65,5","865,7",Speedwayr-15-32-c2,"2,5893595699509624",
2025-07-25T14:05:01.8538290+03:00,A30000000000000000000000,,1,"-64,5","865,7",Speedwayr-15-32-c2,"4,620350133111551",
2025-07-25T14:05:01.8548680+03:00,A40000000000000000000000,,1,-64,"865,7",Speedwayr-15-32-c2,"3,6815538909255388",
2025-07-25T14:05:01.8559940+03:00,A70000000000000000000000,,1,-62,"865,7",Speedwayr-15-32-c2,"0,3865631585471816",
2025-07-25T14:05:01.8606160+03:00,A60000000000000000000000,,1,"-65,5","865,7",Speedwayr-15-32-c2,"5,497787143782138",
2025-07-25T14:05:01.8640890+03:00,A80000000000000000000000,,1,-68,"865,7",Speedwayr-15-32-c2,"5,460971604872882",
2025-07-25T14:05:01.8778190+03:00,A70000000000000000000000,,1,"-59,5","865,7",Speedwayr-15-32-c2,"0,48473792897186263",
2025-07-25T14:05:01.8797570+03:00,A30000000000000000000000,,1,"-64,5","865,7",Speedwayr-15-32-c2,"4,71238898038469",
2025-07-25T14:05:01.8811540+03:00,A40000000000000000000000,,1,-65,"865,7",Speedwayr-15-32-c2,"3,5772431973493153",
2025-07-25T14:05:01.8824410+03:00,A20000000000000000000000,,1,"-65,5","865,7",Speedwayr-15-32-c2,"2,5402721847386216",
2025-07-25T14:05:01.8844930+03:00,A60000000000000000000000,,1,"-65,5","865,7",Speedwayr-15-32-c2,"5,283029833478148",
2025-07-25T14:05:01.8925660+03:00,A80000000000000000000000,,1,-69,"865,7",Speedwayr-15-32-c2,"5,123495831538041",
2025-07-25T14:05:01.9024070+03:00,60820101D7224204EA5FEA78,,1,"-66,5","865,7",Speedwayr-15-32-c2,"0,039883500485026674",
2025-07-25T14:05:01.9073590+03:00,A20000000000000000000000,,1,"-64,5","865,7",Speedwayr-15-32-c2,"2,736621725587984",
2025-07-25T14:05:01.9100250+03:00,A30000000000000000000000,,1,"-63,5","865,7",Speedwayr-15-32-c2,"4,7307967498393175",
2025-07-25T14:05:01.9111810+03:00,A70000000000000000000000,,1,-62,"865,7",Speedwayr-15-32-c2,"0,4663301595172349",
2025-07-25T14:05:01.9145580+03:00,A40000000000000000000000,,1,"-64,5","865,7",Speedwayr-15-32-c2,"3,6263305825616556",
2025-07-25T14:05:01.9182080+03:00,A80000000000000000000000,,1,-68,"865,7",Speedwayr-15-32-c2,"5,3627968344482015",
2025-07-25T14:05:01.9196060+03:00,A60000000000000000000000,,1,-66,"865,7",Speedwayr-15-32-c2,"5,344389064993574",
2025-07-25T14:05:01.9307040+03:00,60820101D7224204EA5FEA78,,1,-66,"865,7",Speedwayr-15-32-c2,"0,06135923151542565",
2025-07-25T14:05:01.9348800+03:00,A20000000000000000000000,,1,-64,"865,7",Speedwayr-15-32-c2,"2,5280003384355365",
2025-07-25T14:05:01.9362340+03:00,A60000000000000000000000,,1,"-65,5","865,7",Speedwayr-15-32-c2,"5,1725832167503825",
2025-07-25T14:05:01.9399390+03:00,A30000000000000000000000,,1,-64,"865,7",Speedwayr-15-32-c2,"4,534447208989955",
2025-07-25T14:05:01.9410520+03:00,A80000000000000000000000,,1,-67,"865,7",Speedwayr-15-32-c2,"5,258486140871978",
2025-07-25T14:05:01.9423980+03:00,A40000000000000000000000,,1,"-64,5","865,7",Speedwayr-15-32-c2,"3,442252888015379",
2025-07-25T14:05:01.9434950+03:00,A70000000000000000000000,,1,"-63,5","865,7",Speedwayr-15-32-c2,"0,5767767762450011",
2025-07-25T14:05:01.9554790+03:00,60820101D7224204EA5FEA78,,1,"-66,5","865,7",Speedwayr-15-32-c2,"6,188078498330676",
2025-07-25T14:05:01.9613740+03:00,A20000000000000000000000,,1,-65,"865,7",Speedwayr-15-32-c2,"2,435961491162398",
2025-07-25T14:05:01.9624290+03:00,A30000000000000000000000,,1,-64,"865,7",Speedwayr-15-32-c2,"4,565126824747668",
2025-07-25T14:05:01.9650910+03:00,A70000000000000000000000,,1,-62,"865,7",Speedwayr-15-32-c2,"0,3436116964863836",
2025-07-25T14:05:01.9698190+03:00,A80000000000000000000000,,1,-68,"865,7",Speedwayr-15-32-c2,"5,227806525114265",
2025-07-25T14:05:01.9712230+03:00,A40000000000000000000000,,1,-63,"865,7",Speedwayr-15-32-c2,"3,356349963893783",
2025-07-25T14:05:01.9732970+03:00,A60000000000000000000000,,1,-66,"865,7",Speedwayr-15-32-c2,"5,264622064023521",
2025-07-25T14:05:01.9917010+03:00,A30000000000000000000000,,1,-64,"865,7",Speedwayr-15-32-c2,"4,460816131171445",
2025-07-25T14:05:01.9955430+03:00,A40000000000000000000000,,1,-64,"865,7",Speedwayr-15-32-c2,"3,454524734318464",
2025-07-25T14:05:01.9969120+03:00,A60000000000000000000000,,1,"-66,5","865,7",Speedwayr-15-32-c2,"5,559146375297564",
2025-07-25T14:05:01.9982510+03:00,A70000000000000000000000,,1,-63,"865,7",Speedwayr-15-32-c2,"0,30679615757712825",
2025-07-25T14:05:02.0007480+03:00,A20000000000000000000000,,1,"-64,5","865,7",Speedwayr-15-32-c2,"2,564815877344792",
2025-07-25T14:05:02.0032740+03:00,A80000000000000000000000,,1,"-68,5","865,7",Speedwayr-15-32-c2,"5,129631754689584",
2025-07-25T14:05:02.0165330+03:00,A40000000000000000000000,,1,-64,"865,7",Speedwayr-15-32-c2,"3,485204350076177",
2025-07-25T14:05:02.0183870+03:00,A60000000000000000000000,,1,"-66,5","865,7",Speedwayr-15-32-c2,"5,135767677841127",
2025-07-25T14:05:02.0197780+03:00,A30000000000000000000000,,1,-64,"865,7",Speedwayr-15-32-c2,"4,1601558967458585",
2025-07-25T14:05:02.0230300+03:00,A80000000000000000000000,,1,-69,"865,7",Speedwayr-15-32-c2,"5,160311370447297",
2025-07-25T14:05:02.0245090+03:00,A20000000000000000000000,,1,-64,"865,7",Speedwayr-15-32-c2,"2,6200391857086753",
2025-07-25T14:05:02.0256090+03:00,A70000000000000000000000,,1,-63,"865,7",Speedwayr-15-32-c2,"0,3129320807286708",
2025-07-25T14:05:02.0341610+03:00,60820101D7224204EA5FEA78,,1,-66,"865,7",Speedwayr-15-32-c2,"0,15033011721279282",
2025-07-25T14:05:02.0459980+03:00,A60000000000000000000000,,1,-66,"865,7",Speedwayr-15-32-c2,"5,135767677841127",
2025-07-25T14:05:02.0479810+03:00,A40000000000000000000000,,1,"-63,5","865,7",Speedwayr-15-32-c2,"3,399301425954581",
2025-07-25T14:05:02.0490490+03:00,A70000000000000000000000,,1,-63,"865,7",Speedwayr-15-32-c2,"0,3313398501832985",
2025-07-25T14:05:02.0524080+03:00,A80000000000000000000000,,1,"-67,5","865,7",Speedwayr-15-32-c2,"5,080544369477243",
2025-07-25T14:05:02.0544330+03:00,A20000000000000000000000,,1,-64,"865,7",Speedwayr-15-32-c2,"2,5034566458293663",
2025-07-25T14:05:02.0555140+03:00,A30000000000000000000000,,1,"-64,5","865,7",Speedwayr-15-32-c2,"4,528311285838413",
2025-07-25T14:05:02.0646110+03:00,60820101D7224204EA5FEA78,,1,-66,"865,7",Speedwayr-15-32-c2,"0,05829126993965436",
2025-07-25T14:05:02.0702870+03:00,A80000000000000000000000,,1,"-67,5","865,7",Speedwayr-15-32-c2,"5,240078371417351",
2025-07-25T14:05:02.0718790+03:00,A70000000000000000000000,,1,"-61,5","865,7",Speedwayr-15-32-c2,"0,35588354278946877",
2025-07-25T14:05:02.0753850+03:00,A20000000000000000000000,,1,-64,"865,7",Speedwayr-15-32-c2,"2,5341362615870793",
2025-07-25T14:05:02.0776230+03:00,A30000000000000000000000,,1,-64,"865,7",Speedwayr-15-32-c2,"4,399456899656019",
2025-07-25T14:05:02.0806100+03:00,A60000000000000000000000,,1,-66,"865,7",Speedwayr-15-32-c2,"5,178719139901925",
2025-07-25T14:05:02.0904380+03:00,A40000000000000000000000,,1,-62,"865,7",Speedwayr-15-32-c2,"3,442252888015379",
2025-07-25T14:05:02.1001070+03:00,60820101D7224204EA5FEA78,,1,-65,"865,7",Speedwayr-15-32-c2,"6,215690152512618",
2025-07-25T14:05:02.1100580+03:00,A40000000000000000000000,,1,"-64,5","865,7",Speedwayr-15-32-c2,"3,442252888015379",
2025-07-25T14:05:02.1145890+03:00,A30000000000000000000000,,1,-64,"865,7",Speedwayr-15-32-c2,"4,368777283898306",
2025-07-25T14:05:02.1174760+03:00,A20000000000000000000000,,1,"-62,5","865,7",Speedwayr-15-32-c2,"2,429825568010856",
2025-07-25T14:05:02.1195480+03:00,A70000000000000000000000,,1,"-63,5","865,7",Speedwayr-15-32-c2,"0,2086213871524472",
2025-07-25T14:05:02.1211650+03:00,A60000000000000000000000,,1,"-65,5","865,7",Speedwayr-15-32-c2,"5,111223985234957",
2025-07-25T14:05:02.1336970+03:00,60820101D7224204EA5FEA78,,1,-66,"865,7",Speedwayr-15-32-c2,"0,06442719309119693",
2025-07-25T14:05:02.1414360+03:00,A20000000000000000000000,,1,"-63,5","865,7",Speedwayr-15-32-c2,"2,399145952253143",
2025-07-25T14:05:02.1441200+03:00,A70000000000000000000000,,1,"-62,5","865,7",Speedwayr-15-32-c2,"0,2638446955163303",
2025-07-25T14:05:02.1459140+03:00,A40000000000000000000000,,1,"-62,5","865,7",Speedwayr-15-32-c2,"3,472932503773092",
2025-07-25T14:05:02.1495650+03:00,A60000000000000000000000,,1,"-63,5","865,7",Speedwayr-15-32-c2,"4,81056375080937",
2025-07-25T14:05:02.1512640+03:00,A30000000000000000000000,,1,-64,"865,7",Speedwayr-15-32-c2,"4,0128937411088375",
2025-07-25T14:05:02.1622240+03:00,60820101D7224204EA5FEA78,,1,"-65,5","865,7",Speedwayr-15-32-c2,"0,0521553467881118",
2025-07-25T14:05:02.1711320+03:00,A20000000000000000000000,,1,"-64,5","865,7",Speedwayr-15-32-c2,"2,448233337465483",
2025-07-25T14:05:02.1730580+03:00,A40000000000000000000000,,1,"-63,5","865,7",Speedwayr-15-32-c2,"3,3195344249845276",
2025-07-25T14:05:02.1741000+03:00,A70000000000000000000000,,1,"-63,5","865,7",Speedwayr-15-32-c2,"0,39269908169872414",
2025-07-25T14:05:02.1758760+03:00,A30000000000000000000000,,1,"-64,5","865,7",Speedwayr-15-32-c2,"4,411728745959104",
2025-07-25T14:05:02.1810130+03:00,A60000000000000000000000,,1,"-66,5","865,7",Speedwayr-15-32-c2,"5,043728830567988",
2025-07-25T14:05:02.1848340+03:00,A80000000000000000000000,,1,"-66,5","865,7",Speedwayr-15-32-c2,"5,178719139901925",
2025-07-25T14:05:02.1956080+03:00,60820101D7224204EA5FEA78,,1,-66,"865,7",Speedwayr-15-32-c2,"0,02454369260617026",
2025-07-25T14:05:02.2011880+03:00,A40000000000000000000000,,1,"-63,5","865,7",Speedwayr-15-32-c2,"3,2888548092268146",
2025-07-25T14:05:02.2027570+03:00,A30000000000000000000000,,1,-64,"865,7",Speedwayr-15-32-c2,"4,3933209765044765",
2025-07-25T14:05:02.2042670+03:00,A70000000000000000000000,,1,-63,"865,7",Speedwayr-15-32-c2,"0,30066023442558565",
2025-07-25T14:05:02.2064610+03:00,A80000000000000000000000,,1,"-67,5","865,7",Speedwayr-15-32-c2,"4,957825906446392",
2025-07-25T14:05:02.2094020+03:00,A20000000000000000000000,,1,"-62,5","865,7",Speedwayr-15-32-c2,"2,3623304133438876",
2025-07-25T14:05:02.2136620+03:00,A60000000000000000000000,,1,-67,"865,7",Speedwayr-15-32-c2,"5,049864753719531",
2025-07-25T14:05:02.2228860+03:00,60820101D7224204EA5FEA78,,1,-66,"865,7",Speedwayr-15-32-c2,"0,0859029241215959",
2025-07-25T14:05:02.2302580+03:00,A70000000000000000000000,,1,"-63,5","865,7",Speedwayr-15-32-c2,"0,3190680038802134",
2025-07-25T14:05:02.2352490+03:00,A30000000000000000000000,,1,"-64,5","865,7",Speedwayr-15-32-c2,"3,9638063558964967",
2025-07-25T14:05:02.2372770+03:00,A80000000000000000000000,,1,"-63,5","865,7",Speedwayr-15-32-c2,"5,295301679781233",
2025-07-25T14:05:02.2384000+03:00,A60000000000000000000000,,1,"-65,5","865,7",Speedwayr-15-32-c2,"5,074408446325701",
2025-07-25T14:05:02.2423960+03:00,A40000000000000000000000,,1,"-64,5","865,7",Speedwayr-15-32-c2,"3,0925052683774528",
2025-07-25T14:05:02.2435070+03:00,A20000000000000000000000,,1,"-64,5","865,7",Speedwayr-15-32-c2,"2,3439226438892597",
2025-07-25T14:05:02.2521850+03:00,60820101D7224204EA5FEA78,,1,"-65,5","865,7",Speedwayr-15-32-c2,"6,264777537724958",
2025-07-25T14:05:02.2613740+03:00,A60000000000000000000000,,1,-65,"865,7",Speedwayr-15-32-c2,"4,7860200582032",
2025-07-25T14:05:02.2624280+03:00,A30000000000000000000000,,1,"-64,5","865,7",Speedwayr-15-32-c2,"4,01902966426038",
2025-07-25T14:05:02.2637530+03:00,A40000000000000000000000,,1,"-64,5","865,7",Speedwayr-15-32-c2,"3,104777114680538",
2025-07-25T14:05:02.2661160+03:00,A70000000000000000000000,,1,"-61,5","865,7",Speedwayr-15-32-c2,"0,25770877236478773",
2025-07-25T14:05:02.2680240+03:00,A20000000000000000000000,,1,"-64,5","865,7",Speedwayr-15-32-c2,"2,2948352586769194",
2025-07-25T14:05:02.2727290+03:00,A80000000000000000000000,,1,-68,"865,7",Speedwayr-15-32-c2,"5,307573526084319",
2025-07-25T14:05:02.2788640+03:00,60820101D7224204EA5FEA78,,1,"-65,5","865,7",Speedwayr-15-32-c2,"0,0521553467881118",
2025-07-25T14:05:02.2920530+03:00,A20000000000000000000000,,1,-64,"865,7",Speedwayr-15-32-c2,"2,2886993355253766",
2025-07-25T14:05:02.2935360+03:00,A40000000000000000000000,,1,"-63,5","865,7",Speedwayr-15-32-c2,"3,000466421104314",
2025-07-25T14:05:02.2956970+03:00,A30000000000000000000000,,1,-64,"865,7",Speedwayr-15-32-c2,"3,9944859716542096",
2025-07-25T14:05:02.2993030+03:00,A60000000000000000000000,,1,-66,"865,7",Speedwayr-15-32-c2,"5,062136600022616",
2025-07-25T14:05:02.3015420+03:00,A80000000000000000000000,,1,"-67,5","865,7",Speedwayr-15-32-c2,"5,325981295538946",
2025-07-25T14:05:02.3063230+03:00,60820101D7224204EA5FEA78,,1,"-65,5","865,7",Speedwayr-15-32-c2,"0,03681553890925539",
2025-07-25T14:05:02.3161700+03:00,A70000000000000000000000,,1,"-63,5","865,7",Speedwayr-15-32-c2,"0,3129320807286708",
2025-07-25T14:05:02.3188420+03:00,A40000000000000000000000,,1,"-63,5","865,7",Speedwayr-15-32-c2,"2,9636508821950587",
2025-07-25T14:05:02.3202530+03:00,A80000000000000000000000,,1,"-67,5","865,7",Speedwayr-15-32-c2,"5,227806525114265",
2025-07-25T14:05:02.3213370+03:00,A20000000000000000000000,,1,"-64,5","865,7",Speedwayr-15-32-c2,"2,1475731030398975",
2025-07-25T14:05:02.3269720+03:00,A60000000000000000000000,,1,-66,"865,7",Speedwayr-15-32-c2,"5,313709449235861",
2025-07-25T14:05:02.3280400+03:00,A30000000000000000000000,,1,-63,"865,7",Speedwayr-15-32-c2,"3,902447124381071",
2025-07-25T14:05:02.3384130+03:00,60820101D7224204EA5FEA78,,1,"-65,5","865,7",Speedwayr-15-32-c2,"6,2555736529976445",
2025-07-25T14:05:02.3457970+03:00,A40000000000000000000000,,1,"-63,5","865,7",Speedwayr-15-32-c2,"2,9943304979527716",
2025-07-25T14:05:02.3477090+03:00,A70000000000000000000000,,1,-63,"865,7",Speedwayr-15-32-c2,"0,32520392703175593",
2025-07-25T14:05:02.3490790+03:00,A80000000000000000000000,,1,-64,"865,7",Speedwayr-15-32-c2,"5,295301679781233",
2025-07-25T14:05:02.3506470+03:00,A30000000000000000000000,,1,-64,"865,7",Speedwayr-15-32-c2,"3,8717675086233583",
2025-07-25T14:05:02.3521420+03:00,A20000000000000000000000,,1,"-63,5","865,7",Speedwayr-15-32-c2,"2,098485717827557",
2025-07-25T14:05:02.3552460+03:00,A60000000000000000000000,,1,"-64,5","865,7",Speedwayr-15-32-c2,"5,197126909356553",
2025-07-25T14:05:02.3612600+03:00,60820101D7224204EA5FEA78,,1,-66,"865,7",Speedwayr-15-32-c2,"0,1043106935762236",
2025-07-25T14:05:02.3735470+03:00,A80000000000000000000000,,1,"-67,5","865,7",Speedwayr-15-32-c2,"5,387340527054372",
2025-07-25T14:05:02.3746440+03:00,A70000000000000000000000,,1,-63,"865,7",Speedwayr-15-32-c2,"0,36815538909255385",
2025-07-25T14:05:02.3768780+03:00,A20000000000000000000000,,1,"-62,5","865,7",Speedwayr-15-32-c2,"1,9634954084936207",
2025-07-25T14:05:02.3784830+03:00,A60000000000000000000000,,1,"-66,5","865,7",Speedwayr-15-32-c2,"5,049864753719531",
2025-07-25T14:05:02.3803350+03:00,A30000000000000000000000,,1,"-63,5","865,7",Speedwayr-15-32-c2,"3,7122335066832517",
2025-07-25T14:05:02.3827380+03:00,A40000000000000000000000,,1,-64,"865,7",Speedwayr-15-32-c2,"2,82252464970958",
2025-07-25T14:05:02.3949740+03:00,60820101D7224204EA5FEA78,,1,-66,"865,7",Speedwayr-15-32-c2,"0,02761165418194154",
2025-07-25T14:05:02.4032010+03:00,A30000000000000000000000,,1,-64,"865,7",Speedwayr-15-32-c2,"3,6386024288647407",
2025-07-25T14:05:02.4048080+03:00,A70000000000000000000000,,1,-63,"865,7",Speedwayr-15-32-c2,"0,4540583132141498",
2025-07-25T14:05:02.4103220+03:00,A40000000000000000000000,,1,-64,"865,7",Speedwayr-15-32-c2,"2,718213956133356",
2025-07-25T14:05:02.4135320+03:00,A60000000000000000000000,,1,"-65,5","865,7",Speedwayr-15-32-c2,"5,203262832508095",
2025-07-25T14:05:02.4145750+03:00,A20000000000000000000000,,1,-64,"865,7",Speedwayr-15-32-c2,"1,9389517158874505",
2025-07-25T14:05:02.4220950+03:00,60820101D7224204EA5FEA78,,1,"-65,5","865,7",Speedwayr-15-32-c2,"0,03681553890925539",
2025-07-25T14:05:02.4296880+03:00,A70000000000000000000000,,1,"-62,5","865,7",Speedwayr-15-32-c2,"0,37429131224409645",
2025-07-25T14:05:02.4321580+03:00,A20000000000000000000000,,1,-63,"865,7",Speedwayr-15-32-c2,"1,88986433067511",
2025-07-25T14:05:02.4346190+03:00,A40000000000000000000000,,1,-64,"865,7",Speedwayr-15-32-c2,"2,675262494072558",
2025-07-25T14:05:02.4358600+03:00,A30000000000000000000000,,1,"-63,5","865,7",Speedwayr-15-32-c2,"3,6324665057131984",
2025-07-25T14:05:02.4384600+03:00,A80000000000000000000000,,1,"-64,5","865,7",Speedwayr-15-32-c2,"5,473243451175968",
2025-07-25T14:05:02.4406850+03:00,A60000000000000000000000,,1,-67,"865,7",Speedwayr-15-32-c2,"5,442563835418255",
2025-07-25T14:05:02.4453810+03:00,60820101D7224204EA5FEA78,,1,-66,"865,7",Speedwayr-15-32-c2,"0,1043106935762236",
2025-07-25T14:05:02.4565050+03:00,A20000000000000000000000,,1,"-63,5","865,7",Speedwayr-15-32-c2,"1,8714565612204823",
2025-07-25T14:05:02.4587230+03:00,A60000000000000000000000,,1,"-66,5","865,7",Speedwayr-15-32-c2,"5,178719139901925",
2025-07-25T14:05:02.4601630+03:00,A40000000000000000000000,,1,"-63,5","865,7",Speedwayr-15-32-c2,"2,6384469551633027",
2025-07-25T14:05:02.4614830+03:00,A70000000000000000000000,,1,"-61,5","865,7",Speedwayr-15-32-c2,"0,4295146206079795",
2025-07-25T14:05:02.4626280+03:00,A30000000000000000000000,,1,-64,"865,7",Speedwayr-15-32-c2,"3,429981041712294",
2025-07-25T14:05:02.4645730+03:00,A80000000000000000000000,,1,"-67,5","865,7",Speedwayr-15-32-c2,"5,540738605842936",
2025-07-25T14:05:02.4769670+03:00,60820101D7224204EA5FEA78,,1,"-65,5","865,7",Speedwayr-15-32-c2,"0,1043106935762236",
2025-07-25T14:05:02.4868200+03:00,A70000000000000000000000,,1,-63,"865,7",Speedwayr-15-32-c2,"0,47860200582032003",
2025-07-25T14:05:02.4885880+03:00,A40000000000000000000000,,1,"-62,5","865,7",Speedwayr-15-32-c2,"2,5709518004963345",
2025-07-25T14:05:02.4907990+03:00,A30000000000000000000000,,1,"-63,5","865,7",Speedwayr-15-32-c2,"3,454524734318464",
2025-07-25T14:05:02.4940210+03:00,A20000000000000000000000,,1,"-63,5","865,7",Speedwayr-15-32-c2,"1,7671458676442586",
2025-07-25T14:05:02.4951320+03:00,A60000000000000000000000,,1,-67,"865,7",Speedwayr-15-32-c2,"5,190990986205009",
2025-07-25T14:05:02.5096020+03:00,A30000000000000000000000,,1,-63,"865,7",Speedwayr-15-32-c2,"3,184544115650591",
2025-07-25T14:05:02.5113830+03:00,A70000000000000000000000,,1,"-61,5","865,7",Speedwayr-15-32-c2,"0,4663301595172349",
2025-07-25T14:05:02.5126850+03:00,A80000000000000000000000,,1,-66,"865,7",Speedwayr-15-32-c2,"5,583690067903734",
2025-07-25T14:05:02.5148180+03:00,A40000000000000000000000,,1,"-63,5","865,7",Speedwayr-15-32-c2,"2,5709518004963345",
2025-07-25T14:05:02.5161450+03:00,A20000000000000000000000,,1,-62,"865,7",Speedwayr-15-32-c2,"1,5830681730979816",
2025-07-25T14:05:02.5245460+03:00,A60000000000000000000000,,1,"-65,5","865,7",Speedwayr-15-32-c2,"5,105088062083414",
2025-07-25T14:05:02.5353390+03:00,60820101D7224204EA5FEA78,,1,-66,"865,7",Speedwayr-15-32-c2,"0,0030679615757712823",
2025-07-25T14:05:02.5404970+03:00,A40000000000000000000000,,1,"-63,5","865,7",Speedwayr-15-32-c2,"2,423689644859313",
2025-07-25T14:05:02.5434430+03:00,A20000000000000000000000,,1,"-63,5","865,7",Speedwayr-15-32-c2,"1,6751070203711202",
2025-07-25T14:05:02.5454570+03:00,A30000000000000000000000,,1,"-63,5","865,7",Speedwayr-15-32-c2,"3,393165502803038",
2025-07-25T14:05:02.5470680+03:00,A70000000000000000000000,,1,-62,"865,7",Speedwayr-15-32-c2,"0,5154175447295755",
2025-07-25T14:05:02.5503280+03:00,A60000000000000000000000,,1,"-65,5","865,7",Speedwayr-15-32-c2,"5,240078371417351",
2025-07-25T14:05:02.5531170+03:00,A80000000000000000000000,,1,-67,"865,7",Speedwayr-15-32-c2,"5,3627968344482015",
2025-07-25T14:05:02.5596710+03:00,60820101D7224204EA5FEA78,,1,"-65,5","865,7",Speedwayr-15-32-c2,"0,08283496254582462",
2025-07-25T14:05:02.5698740+03:00,A60000000000000000000000,,1,-66,"865,7",Speedwayr-15-32-c2,"5,295301679781233",
2025-07-25T14:05:02.5714700+03:00,A30000000000000000000000,,1,"-63,5","865,7",Speedwayr-15-32-c2,"3,098641191528995",
2025-07-25T14:05:02.5731320+03:00,A40000000000000000000000,,1,-64,"865,7",Speedwayr-15-32-c2,"2,411417798556228",
2025-07-25T14:05:02.5743020+03:00,A70000000000000000000000,,1,"-61,5","865,7",Speedwayr-15-32-c2,"0,7547185476397354",
2025-07-25T14:05:02.5754310+03:00,A80000000000000000000000,,1,-67,"865,7",Speedwayr-15-32-c2,"5,651185222570702",
2025-07-25T14:05:02.5772900+03:00,A20000000000000000000000,,1,"-63,5","865,7",Speedwayr-15-32-c2,"1,5892040962495242",
2025-07-25T14:05:02.5917960+03:00,60820101D7224204EA5FEA78,,1,"-65,5","865,7",Speedwayr-15-32-c2,"0,0674951546669682",
2025-07-25T14:05:02.5956900+03:00,A70000000000000000000000,,1,-62,"865,7",Speedwayr-15-32-c2,"0,5276893910326605",
2025-07-25T14:05:02.6003040+03:00,A20000000000000000000000,,1,"-64,5","865,7",Speedwayr-15-32-c2,"1,6014759425526093",
2025-07-25T14:05:02.6024740+03:00,A30000000000000000000000,,1,"-63,5","865,7",Speedwayr-15-32-c2,"3,147728576741336",
2025-07-25T14:05:02.6042500+03:00,A60000000000000000000000,,1,"-65,5","865,7",Speedwayr-15-32-c2,"5,381204603902829",
2025-07-25T14:05:02.6069670+03:00,A40000000000000000000000,,1,"-63,5","865,7",Speedwayr-15-32-c2,"2,5157284921324514",
2025-07-25T14:05:02.6092180+03:00,A80000000000000000000000,,1,-67,"865,7",Speedwayr-15-32-c2,"5,583690067903734",
2025-07-25T14:05:02.6172380+03:00,60820101D7224204EA5FEA78,,1,"-65,5","865,7",Speedwayr-15-32-c2,"0,04601942363656923",
2025-07-25T14:05:02.6251640+03:00,A60000000000000000000000,,1,"-66,5","865,7",Speedwayr-15-32-c2,"5,338253141842031",
2025-07-25T14:05:02.6269460+03:00,A20000000000000000000000,,1,-65,"865,7",Speedwayr-15-32-c2,"1,4787574795217582",
2025-07-25T14:05:02.6280450+03:00,A70000000000000000000000,,1,"-62,5","865,7",Speedwayr-15-32-c2,"0,5154175447295755",
2025-07-25T14:05:02.6311330+03:00,A40000000000000000000000,,1,-64,"865,7",Speedwayr-15-32-c2,"2,3009711818284617",
2025-07-25T14:05:02.6328980+03:00,A80000000000000000000000,,1,-67,"865,7",Speedwayr-15-32-c2,"5,589825991055276",
2025-07-25T14:05:02.6339950+03:00,A30000000000000000000000,,1,-63,"865,7",Speedwayr-15-32-c2,"3,098641191528995",
2025-07-25T14:05:02.6425410+03:00,60820101D7224204EA5FEA78,,1,-66,"865,7",Speedwayr-15-32-c2,"0,0859029241215959",
2025-07-25T14:05:02.6492280+03:00,A20000000000000000000000,,1,-64,"865,7",Speedwayr-15-32-c2,"1,4726215563702154",
2025-07-25T14:05:02.6505990+03:00,A80000000000000000000000,,1,"-66,5","865,7",Speedwayr-15-32-c2,"5,6941366846315",
2025-07-25T14:05:02.6517080+03:00,A30000000000000000000000,,1,-63,"865,7",Speedwayr-15-32-c2,"3,2520392703175593",
2025-07-25T14:05:02.6566970+03:00,A40000000000000000000000,,1,"-63,5","865,7",Speedwayr-15-32-c2,"2,270291566070749",
2025-07-25T14:05:02.6602820+03:00,A70000000000000000000000,,1,-62,"865,7",Speedwayr-15-32-c2,"0,5583690067903734",
2025-07-25T14:05:02.6617690+03:00,A60000000000000000000000,,1,-65,"865,7",Speedwayr-15-32-c2,"5,264622064023521",
2025-07-25T14:05:02.6691620+03:00,60820101D7224204EA5FEA78,,1,"-65,5","865,7",Speedwayr-15-32-c2,"0,04908738521234052",
2025-07-25T14:05:02.6783920+03:00,A40000000000000000000000,,1,-64,"865,7",Speedwayr-15-32-c2,"2,0923497946760143",
2025-07-25T14:05:02.6797580+03:00,A70000000000000000000000,,1,-60,"865,7",Speedwayr-15-32-c2,"0,5583690067903734",
2025-07-25T14:05:02.6815970+03:00,A60000000000000000000000,,1,"-63,5","865,7",Speedwayr-15-32-c2,"5,424156065963627",
2025-07-25T14:05:02.6830060+03:00,A20000000000000000000000,,1,-64,"865,7",Speedwayr-15-32-c2,"1,4726215563702154",
2025-07-25T14:05:02.6864580+03:00,A30000000000000000000000,,1,"-62,5","865,7",Speedwayr-15-32-c2,"3,32567034813607",
2025-07-25T14:05:02.6898440+03:00,A80000000000000000000000,,1,"-64,5","865,7",Speedwayr-15-32-c2,"5,553010452146021",
2025-07-25T14:05:02.7040330+03:00,A40000000000000000000000,,1,"-63,5","865,7",Speedwayr-15-32-c2,"2,325514874434632",
2025-07-25T14:05:02.7053620+03:00,A70000000000000000000000,,1,"-62,5","865,7",Speedwayr-15-32-c2,"0,5399612373357456",
2025-07-25T14:05:02.7073310+03:00,A20000000000000000000000,,1,-64,"865,7",Speedwayr-15-32-c2,"1,2210487071569704",
2025-07-25T14:05:02.7095680+03:00,A60000000000000000000000,,1,-64,"865,7",Speedwayr-15-32-c2,"5,148039524144211",
2025-07-25T14:05:02.7114640+03:00,A30000000000000000000000,,1,-63,"865,7",Speedwayr-15-32-c2,"3,104777114680538",
2025-07-25T14:05:02.7141640+03:00,A80000000000000000000000,,1,-66,"865,7",Speedwayr-15-32-c2,"5,553010452146021",
2025-07-25T14:05:02.7266950+03:00,A80000000000000000000000,,1,"-66,5","865,7",Speedwayr-15-32-c2,"5,368932757599744",
2025-07-25T14:05:02.7287030+03:00,A70000000000000000000000,,1,"-61,5","865,7",Speedwayr-15-32-c2,"0,48473792897186263",
2025-07-25T14:05:02.7309410+03:00,A20000000000000000000000,,1,-64,"865,7",Speedwayr-15-32-c2,"1,533980787885641",
2025-07-25T14:05:02.7320790+03:00,A40000000000000000000000,,1,-64,"865,7",Speedwayr-15-32-c2,"2,2089323345553233",
2025-07-25T14:05:02.7349690+03:00,A30000000000000000000000,,1,"-63,5","865,7",Speedwayr-15-32-c2,"3,1906800388021335",
2025-07-25T14:05:02.7373720+03:00,A60000000000000000000000,,1,-65,"865,7",Speedwayr-15-32-c2,"4,620350133111551",
2025-07-25T14:05:02.7418990+03:00,60820101D7224204EA5FEA78,,1,-65,"865,7",Speedwayr-15-32-c2,"3,031146036862027",
2025-07-25T14:05:02.7528990+03:00,A60000000000000000000000,,1,-65,"865,7",Speedwayr-15-32-c2,"5,246214294568893",
2025-07-25T14:05:02.7541820+03:00,A40000000000000000000000,,1,"-63,5","865,7",Speedwayr-15-32-c2,"2,1353012567368124",
2025-07-25T14:05:02.7565440+03:00,A30000000000000000000000,,1,-61,"865,7",Speedwayr-15-32-c2,"3,141592653589793",
2025-07-25T14:05:02.7577210+03:00,A20000000000000000000000,,1,"-64,5","865,7",Speedwayr-15-32-c2,"1,5401167110371838",
2025-07-25T14:05:02.7592990+03:00,A70000000000000000000000,,1,-61,"865,7",Speedwayr-15-32-c2,"0,48473792897186263",
2025-07-25T14:05:02.7629460+03:00,A80000000000000000000000,,1,"-64,5","865,7",Speedwayr-15-32-c2,"5,497787143782138",
2025-07-25T14:05:02.7747270+03:00,60820101D7224204EA5FEA78,,1,-66,"865,7",Speedwayr-15-32-c2,"0,12885438618239387",
2025-07-25T14:05:02.7785470+03:00,A40000000000000000000000,,1,"-62,5","865,7",Speedwayr-15-32-c2,"2,337786720737717",
2025-07-25T14:05:02.7825210+03:00,A20000000000000000000000,,1,-66,"865,7",Speedwayr-15-32-c2,"1,5401167110371838",
2025-07-25T14:05:02.7838200+03:00,A70000000000000000000000,,1,"-62,5","865,7",Speedwayr-15-32-c2,"0,4970097752749477",
2025-07-25T14:05:02.7848590+03:00,A30000000000000000000000,,1,"-63,5","865,7",Speedwayr-15-32-c2,"3,2090878082567613",
2025-07-25T14:05:02.7862700+03:00,A60000000000000000000000,,1,"-64,5","865,7",Speedwayr-15-32-c2,"5,368932757599744",
2025-07-25T14:05:02.7900850+03:00,A80000000000000000000000,,1,"-67,5","865,7",Speedwayr-15-32-c2,"5,197126909356553",
2025-07-25T14:05:02.7958160+03:00,60820101D7224204EA5FEA78,,1,-66,"865,7",Speedwayr-15-32-c2,"0,015339807878856412",
2025-07-25T14:05:02.8064980+03:00,A40000000000000000000000,,1,"-62,5","865,7",Speedwayr-15-32-c2,"2,2457478734645786",
2025-07-25T14:05:02.8096650+03:00,A70000000000000000000000,,1,"-61,5","865,7",Speedwayr-15-32-c2,"0,46019423636569234",
2025-07-25T14:05:02.8107770+03:00,A30000000000000000000000,,1,-64,"865,7",Speedwayr-15-32-c2,"3,2643111166206444",
2025-07-25T14:05:02.8122890+03:00,A60000000000000000000000,,1,"-63,5","865,7",Speedwayr-15-32-c2,"5,295301679781233",
2025-07-25T14:05:02.8138370+03:00,A20000000000000000000000,,1,-65,"865,7",Speedwayr-15-32-c2,"1,8960002538266525",
2025-07-25T14:05:02.8158590+03:00,A80000000000000000000000,,1,"-65,5","865,7",Speedwayr-15-32-c2,"5,166447293598839",
2025-07-25T14:05:02.8244770+03:00,60820101D7224204EA5FEA78,,1,-66,"865,7",Speedwayr-15-32-c2,"0,01227184630308513",
2025-07-25T14:05:02.8301360+03:00,A60000000000000000000000,,1,-64,"865,7",Speedwayr-15-32-c2,"5,148039524144211",
2025-07-25T14:05:02.8314600+03:00,A70000000000000000000000,,1,"-62,5","865,7",Speedwayr-15-32-c2,"0,5154175447295755",
2025-07-25T14:05:02.8339370+03:00,A20000000000000000000000,,1,"-65,5","865,7",Speedwayr-15-32-c2,"2,0800779483729293",
2025-07-25T14:05:02.8408070+03:00,A40000000000000000000000,,1,"-63,5","865,7",Speedwayr-15-32-c2,"2,2580197197676637",
2025-07-25T14:05:02.8425990+03:00,A30000000000000000000000,,1,-64,"865,7",Speedwayr-15-32-c2,"3,2520392703175593",
2025-07-25T14:05:02.8456300+03:00,A80000000000000000000000,,1,"-68,5","865,7",Speedwayr-15-32-c2,"5,21553467881118",
2025-07-25T14:05:02.8535660+03:00,60820101D7224204EA5FEA78,,1,-66,"865,7",Speedwayr-15-32-c2,"0,02454369260617026",
2025-07-25T14:05:02.8611230+03:00,A60000000000000000000000,,1,"-63,5","865,7",Speedwayr-15-32-c2,"5,135767677841127",
2025-07-25T14:05:02.8632910+03:00,A30000000000000000000000,,1,"-64,5","865,7",Speedwayr-15-32-c2,"3,172272269347506",
2025-07-25T14:05:02.8644130+03:00,A70000000000000000000000,,1,-61,"865,7",Speedwayr-15-32-c2,"0,5092816215780329",
2025-07-25T14:05:02.8657510+03:00,A40000000000000000000000,,1,"-62,5","865,7",Speedwayr-15-32-c2,"2,018718716857504",
2025-07-25T14:05:02.8716740+03:00,A80000000000000000000000,,1,"-67,5","865,7",Speedwayr-15-32-c2,"5,105088062083414",
2025-07-25T14:05:02.8728260+03:00,A20000000000000000000000,,1,"-66,5","865,7",Speedwayr-15-32-c2,"2,5280003384355365",
2025-07-25T14:05:02.8804790+03:00,60820101D7224204EA5FEA78,,1,"-65,5","865,7",Speedwayr-15-32-c2,"6,188078498330676",
2025-07-25T14:05:02.8894410+03:00,A40000000000000000000000,,1,"-63,5","865,7",Speedwayr-15-32-c2,"2,423689644859313",
2025-07-25T14:05:02.8909880+03:00,A30000000000000000000000,,1,"-64,5","865,7",Speedwayr-15-32-c2,"3,129320807286708",
2025-07-25T14:05:02.8945380+03:00,A60000000000000000000000,,1,-63,"865,7",Speedwayr-15-32-c2,"5,080544369477243",
2025-07-25T14:05:02.8996620+03:00,A70000000000000000000000,,1,"-62,5","865,7",Speedwayr-15-32-c2,"0,5829126993965437",
2025-07-25T14:05:02.9008490+03:00,A80000000000000000000000,,1,"-67,5","865,7",Speedwayr-15-32-c2,"5,375068680751287",
2025-07-25T14:05:02.9033200+03:00,A20000000000000000000000,,1,-69,"865,7",Speedwayr-15-32-c2,"3,1906800388021335",
2025-07-25T14:05:02.9111550+03:00,60820101D7224204EA5FEA78,,1,"-65,5","865,7",Speedwayr-15-32-c2,"6,273981422452272",
2025-07-25T14:05:02.9207850+03:00,A60000000000000000000000,,1,-62,"865,7",Speedwayr-15-32-c2,"5,031456984264903",
2025-07-25T14:05:02.9224240+03:00,A40000000000000000000000,,1,"-63,5","865,7",Speedwayr-15-32-c2,"2,442097414313941",
2025-07-25T14:05:02.9239550+03:00,A70000000000000000000000,,1,-62,"865,7",Speedwayr-15-32-c2,"0,2761165418194154",
2025-07-25T14:05:02.9252780+03:00,A30000000000000000000000,,1,"-66,5","865,7",Speedwayr-15-32-c2,"3,141592653589793",
2025-07-25T14:05:02.9345830+03:00,A20000000000000000000000,,1,-68,"865,7",Speedwayr-15-32-c2,"3,6754179677739964",
2025-07-25T14:05:02.9360820+03:00,A80000000000000000000000,,1,-68,"865,7",Speedwayr-15-32-c2,"5,129631754689584",
2025-07-25T14:05:02.9429640+03:00,60820101D7224204EA5FEA78,,1,-66,"865,7",Speedwayr-15-32-c2,"3,3103305402572136",
2025-07-25T14:05:02.9534680+03:00,A40000000000000000000000,,1,-64,"865,7",Speedwayr-15-32-c2,"2,386874105950058",
2025-07-25T14:05:02.9551080+03:00,A70000000000000000000000,,1,-63,"865,7",Speedwayr-15-32-c2,"0,32520392703175593",
2025-07-25T14:05:02.9564760+03:00,A60000000000000000000000,,1,-62,"865,7",Speedwayr-15-32-c2,"4,994641445355648",
2025-07-25T14:05:02.9601660+03:00,A30000000000000000000000,,1,-66,"865,7",Speedwayr-15-32-c2,"2,9084275738311756",
2025-07-25T14:05:02.9613820+03:00,A80000000000000000000000,,1,-68,"865,7",Speedwayr-15-32-c2,"5,252350217720435",
2025-07-25T14:05:02.9627210+03:00,A20000000000000000000000,,1,"-68,5","865,7",Speedwayr-15-32-c2,"4,577398671050753",
2025-07-25T14:05:02.9734000+03:00,60820101D7224204EA5FEA78,,1,-66,"865,7",Speedwayr-15-32-c2,"6,240233845118788",
2025-07-25T14:05:02.9797250+03:00,A60000000000000000000000,,1,"-60,5","865,7",Speedwayr-15-32-c2,"4,921010367537137",
2025-07-25T14:05:02.9807970+03:00,A20000000000000000000000,,1,-69,"865,7",Speedwayr-15-32-c2,"4,755340442445488",
2025-07-25T14:05:02.9843700+03:00,A70000000000000000000000,,1,"-62,5","865,7",Speedwayr-15-32-c2,"0,3865631585471816",
2025-07-25T14:05:02.9865490+03:00,A40000000000000000000000,,1,-63,"865,7",Speedwayr-15-32-c2,"2,650718801466388",
2025-07-25T14:05:02.9880500+03:00,A80000000000000000000000,,1,-66,"865,7",Speedwayr-15-32-c2,"4,933282213840222",
2025-07-25T14:05:02.9912870+03:00,A30000000000000000000000,,1,"-66,5","865,7",Speedwayr-15-32-c2,"3,06182565261974",
2025-07-25T14:05:03.0061660+03:00,A60000000000000000000000,,1,-61,"865,7",Speedwayr-15-32-c2,"4,663301595172349",
2025-07-25T14:05:03.0107510+03:00,A70000000000000000000000,,1,"-61,5","865,7",Speedwayr-15-32-c2,"0,20248546400090464",
2025-07-25T14:05:03.0118980+03:00,A80000000000000000000000,,1,-69,"865,7",Speedwayr-15-32-c2,"4,706253057233147",
2025-07-25T14:05:03.0130360+03:00,A30000000000000000000000,,1,-67,"865,7",Speedwayr-15-32-c2,"2,8777479580734626",
2025-07-25T14:05:03.0141180+03:00,A40000000000000000000000,,1,-64,"865,7",Speedwayr-15-32-c2,"2,675262494072558",
2025-07-25T14:05:03.0152040+03:00,A20000000000000000000000,,1,"-65,5","865,7",Speedwayr-15-32-c2,"5,307573526084319",
2025-07-25T14:05:03.0332090+03:00,A70000000000000000000000,,1,"-62,5","865,7",Speedwayr-15-32-c2,"0,42337869745643697",
2025-07-25T14:05:03.0363480+03:00,A20000000000000000000000,,1,"-64,5","865,7",Speedwayr-15-32-c2,"5,64504929941916",
2025-07-25T14:05:03.0378450+03:00,A60000000000000000000000,,1,"-60,5","865,7",Speedwayr-15-32-c2,"5,086680292628786",
2025-07-25T14:05:03.0389440+03:00,A40000000000000000000000,,1,-64,"865,7",Speedwayr-15-32-c2,"3,0372819600135696",
2025-07-25T14:05:03.0401000+03:00,A80000000000000000000000,,1,-65,"865,7",Speedwayr-15-32-c2,"4,565126824747668",
2025-07-25T14:05:03.0423210+03:00,A30000000000000000000000,,1,-66,"865,7",Speedwayr-15-32-c2,"2,8102528034064944",
2025-07-25T14:05:03.0498390+03:00,60820101D7224204EA5FEA78,,1,-66,"865,7",Speedwayr-15-32-c2,"0,02454369260617026",
2025-07-25T14:05:03.0614740+03:00,A60000000000000000000000,,1,-60,"865,7",Speedwayr-15-32-c2,"5,031456984264903",
2025-07-25T14:05:03.0634130+03:00,A40000000000000000000000,,1,-64,"865,7",Speedwayr-15-32-c2,"2,9268353432858034",
2025-07-25T14:05:03.0645130+03:00,A30000000000000000000000,,1,-67,"865,7",Speedwayr-15-32-c2,"2,662990647769473",
2025-07-25T14:05:03.0733740+03:00,A80000000000000000000000,,1,-69,"865,7",Speedwayr-15-32-c2,"4,804427827657828",
2025-07-25T14:05:03.0745820+03:00,A20000000000000000000000,,1,"-63,5","865,7",Speedwayr-15-32-c2,"6,209554229361076",
2025-07-25T14:05:03.0905530+03:00,A20000000000000000000000,,1,-63,"865,7",Speedwayr-15-32-c2,"0,09203884727313846",
2025-07-25T14:05:03.0927590+03:00,A40000000000000000000000,,1,"-64,5","865,7",Speedwayr-15-32-c2,"2,890019804376548",
2025-07-25T14:05:03.0941280+03:00,A60000000000000000000000,,1,"-59,5","865,7",Speedwayr-15-32-c2,"5,141903600992669",
2025-07-25T14:05:03.0952980+03:00,A70000000000000000000000,,1,"-62,5","865,7",Speedwayr-15-32-c2,"0,4540583132141498",
2025-07-25T14:05:03.0972640+03:00,A30000000000000000000000,,1,-64,"865,7",Speedwayr-15-32-c2,"2,748893571891069",
2025-07-25T14:05:03.1014180+03:00,A80000000000000000000000,,1,-69,"865,7",Speedwayr-15-32-c2,"5,381204603902829",
2025-07-25T14:05:03.2225550+03:00,A20000000000000000000000,,1,-62,"865,7",Speedwayr-15-32-c2,"0,6688156235181395",
2025-07-25T14:05:03.2236530+03:00,A30000000000000000000000,,1,"-65,5","865,7",Speedwayr-15-32-c2,"2,448233337465483",
2025-07-25T14:05:03.2285860+03:00,A70000000000000000000000,,1,-64,"865,7",Speedwayr-15-32-c2,"0,9019807032767571",
2025-07-25T14:05:03.2303310+03:00,A60000000000000000000000,,1,-59,"865,7",Speedwayr-15-32-c2,"6,037748381117884",
2025-07-25T14:05:03.2612620+03:00,A80000000000000000000000,,1,-72,"865,7",Speedwayr-15-32-c2,"2,2181362192826373",
2025-07-25T14:05:03.2653140+03:00,A30000000000000000000000,,1,-64,"865,7",Speedwayr-15-32-c2,"2,478912953223196",
2025-07-25T14:05:03.2677470+03:00,A70000000000000000000000,,1,"-64,5","865,7",Speedwayr-15-32-c2,"0,7853981633974483",
2025-07-25T14:05:03.2692340+03:00,A20000000000000000000000,,1,-60,"865,7",Speedwayr-15-32-c2,"0,7853981633974483",
2025-07-25T14:05:03.2712420+03:00,A60000000000000000000000,,1,-59,"865,7",Speedwayr-15-32-c2,"6,240233845118788",
2025-07-25T14:05:03.2743280+03:00,A40000000000000000000000,,1,-70,"865,7",Speedwayr-15-32-c2,"2,988194574801229",
2025-07-25T14:05:03.2843080+03:00,A80000000000000000000000,,1,-72,"865,7",Speedwayr-15-32-c2,"5,436427912266712",
2025-07-25T14:05:03.2913520+03:00,A60000000000000000000000,,1,-60,"865,7",Speedwayr-15-32-c2,"0,07363107781851078",
2025-07-25T14:05:03.2935460+03:00,A70000000000000000000000,,1,"-63,5","865,7",Speedwayr-15-32-c2,"0,7301748550335652",
2025-07-25T14:05:03.2946300+03:00,A40000000000000000000000,,1,"-68,5","865,7",Speedwayr-15-32-c2,"3,1354567304382504",
2025-07-25T14:05:03.2965370+03:00,A30000000000000000000000,,1,-64,"865,7",Speedwayr-15-32-c2,"2,564815877344792",
2025-07-25T14:05:03.2990320+03:00,A20000000000000000000000,,1,-60,"865,7",Speedwayr-15-32-c2,"0,6994952392758523",
2025-07-25T14:05:03.3231440+03:00,A80000000000000000000000,,1,-72,"865,7",Speedwayr-15-32-c2,"2,6323110320117604",
2025-07-25T14:05:03.3294220+03:00,A20000000000000000000000,,1,-61,"865,7",Speedwayr-15-32-c2,"0,9510680884890975",
2025-07-25T14:05:03.3332580+03:00,A30000000000000000000000,,1,"-64,5","865,7",Speedwayr-15-32-c2,"2,2764274892222915",
2025-07-25T14:05:03.3355160+03:00,A60000000000000000000000,,1,"-60,5","865,7",Speedwayr-15-32-c2,"0,3129320807286708",
2025-07-25T14:05:03.3380140+03:00,A70000000000000000000000,,1,"-61,5","865,7",Speedwayr-15-32-c2,"0,7976700097005334",
2025-07-25T14:05:03.3408560+03:00,A40000000000000000000000,,1,"-68,5","865,7",Speedwayr-15-32-c2,"3,4177091954092087",
2025-07-25T14:05:03.3549390+03:00,A80000000000000000000000,,1,-72,"865,7",Speedwayr-15-32-c2,"5,93343768754166",
2025-07-25T14:05:03.3616720+03:00,A30000000000000000000000,,1,-61,"865,7",Speedwayr-15-32-c2,"2,521864415283994",
2025-07-25T14:05:03.3644600+03:00,A60000000000000000000000,,1,-60,"865,7",Speedwayr-15-32-c2,"0,28838838812250056",
2025-07-25T14:05:03.3656620+03:00,A70000000000000000000000,,1,"-64,5","865,7",Speedwayr-15-32-c2,"0,8835729338221293",
2025-07-25T14:05:03.3708580+03:00,A20000000000000000000000,,1,"-60,5","865,7",Speedwayr-15-32-c2,"0,3988350048502667",
2025-07-25T14:05:03.3745150+03:00,A40000000000000000000000,,1,"-70,5","865,7",Speedwayr-15-32-c2,"3,2704470397721868",
2025-07-25T14:05:03.4022720+03:00,A80000000000000000000000,,1,"-70,5","865,7",Speedwayr-15-32-c2,"3,1968159619536762",
2025-07-25T14:05:03.4072990+03:00,A20000000000000000000000,,1,"-61,5","865,7",Speedwayr-15-32-c2,"1,012427320004523",
2025-07-25T14:05:03.4095820+03:00,A60000000000000000000000,,1,-61,"865,7",Speedwayr-15-32-c2,"0,5767767762450011",
2025-07-25T14:05:03.4136010+03:00,A30000000000000000000000,,1,-64,"865,7",Speedwayr-15-32-c2,"2,423689644859313",
2025-07-25T14:05:03.4147000+03:00,A70000000000000000000000,,1,"-64,5","865,7",Speedwayr-15-32-c2,"0,9081166264282996",
2025-07-25T14:05:03.4232370+03:00,A80000000000000000000000,,1,"-71,5","865,7",Speedwayr-15-32-c2,"6,24330180669456",
2025-07-25T14:05:03.4248040+03:00,A40000000000000000000000,,1,-71,"865,7",Speedwayr-15-32-c2,"0,3282718886075272",
2025-07-25T14:05:03.4381750+03:00,A20000000000000000000000,,1,"-59,5","865,7",Speedwayr-15-32-c2,"0,3988350048502667",
2025-07-25T14:05:03.4404340+03:00,A30000000000000000000000,,1,-65,"865,7",Speedwayr-15-32-c2,"2,313243028131547",
2025-07-25T14:05:03.4431790+03:00,A60000000000000000000000,,1,-61,"865,7",Speedwayr-15-32-c2,"0,2086213871524472",
2025-07-25T14:05:03.4446170+03:00,A70000000000000000000000,,1,"-65,5","865,7",Speedwayr-15-32-c2,"0,9142525495798421",
2025-07-25T14:05:03.4527210+03:00,A40000000000000000000000,,1,"-68,5","865,7",Speedwayr-15-32-c2,"3,56497135104623",
2025-07-25T14:05:03.4634800+03:00,A80000000000000000000000,,1,"-69,5","865,7",Speedwayr-15-32-c2,"0,2086213871524472",
2025-07-25T14:05:03.4828880+03:00,A80000000000000000000000,,1,-68,"865,7",Speedwayr-15-32-c2,"0,6013204688511713",
2025-07-25T14:05:03.4839700+03:00,A20000000000000000000000,,1,-63,"865,7",Speedwayr-15-32-c2,"0,09817477042468103",
2025-07-25T14:05:03.4850530+03:00,A30000000000000000000000,,1,"-65,5","865,7",Speedwayr-15-32-c2,"2,399145952253143",
2025-07-25T14:05:03.4874930+03:00,A60000000000000000000000,,1,-61,"865,7",Speedwayr-15-32-c2,"0,0674951546669682",
2025-07-25T14:05:03.4901160+03:00,A70000000000000000000000,,1,"-65,5","865,7",Speedwayr-15-32-c2,"0,760854470791278",
2025-07-25T14:05:03.4934800+03:00,A40000000000000000000000,,1,"-71,5","865,7",Speedwayr-15-32-c2,"3,380893656499953",
2025-07-25T14:05:03.5082750+03:00,A70000000000000000000000,,1,-65,"865,7",Speedwayr-15-32-c2,"0,7792622402459057",
2025-07-25T14:05:03.5113010+03:00,A60000000000000000000000,,1,"-60,5","865,7",Speedwayr-15-32-c2,"0,0674951546669682",
2025-07-25T14:05:03.5126760+03:00,A20000000000000000000000,,1,-64,"865,7",Speedwayr-15-32-c2,"6,209554229361076",
2025-07-25T14:05:03.5149370+03:00,A30000000000000000000000,,1,"-65,5","865,7",Speedwayr-15-32-c2,"2,3623304133438876",
2025-07-25T14:05:03.5321320+03:00,A80000000000000000000000,,1,"-69,5","865,7",Speedwayr-15-32-c2,"0,3436116964863836",
2025-07-25T14:05:03.5368290+03:00,A20000000000000000000000,,1,"-60,5","865,7",Speedwayr-15-32-c2,"6,105243535784852",
2025-07-25T14:05:03.5392940+03:00,A60000000000000000000000,,1,-62,"865,7",Speedwayr-15-32-c2,"6,264777537724958",
2025-07-25T14:05:03.5422280+03:00,A80000000000000000000000,,1,"-68,5","865,7",Speedwayr-15-32-c2,"0,4295146206079795",
2025-07-25T14:05:03.5442250+03:00,A30000000000000000000000,,1,"-65,5","865,7",Speedwayr-15-32-c2,"2,3623304133438876",
2025-07-25T14:05:03.5455800+03:00,A70000000000000000000000,,1,-66,"865,7",Speedwayr-15-32-c2,"0,6994952392758523",
2025-07-25T14:05:03.5552780+03:00,A40000000000000000000000,,1,-69,"865,7",Speedwayr-15-32-c2,"3,552699504743145",
2025-07-25T14:05:03.5704050+03:00,A30000000000000000000000,,1,"-62,5","865,7",Speedwayr-15-32-c2,"2,2027964114037806",
2025-07-25T14:05:03.5720560+03:00,A60000000000000000000000,,1,-61,"865,7",Speedwayr-15-32-c2,"6,105243535784852",
2025-07-25T14:05:03.5731150+03:00,A20000000000000000000000,,1,"-63,5","865,7",Speedwayr-15-32-c2,"6,191146459906448",
2025-07-25T14:05:03.5782500+03:00,A70000000000000000000000,,1,-62,"865,7",Speedwayr-15-32-c2,"0,6810874698212247",
2025-07-25T14:05:03.5839530+03:00,A80000000000000000000000,,1,-70,"865,7",Speedwayr-15-32-c2,"0,4970097752749477",
2025-07-25T14:05:03.5921610+03:00,A40000000000000000000000,,1,"-69,5","865,7",Speedwayr-15-32-c2,"0,42337869745643697",
2025-07-25T14:05:03.5983400+03:00,A20000000000000000000000,,1,"-63,5","865,7",Speedwayr-15-32-c2,"0,09203884727313846",
2025-07-25T14:05:03.6009780+03:00,A30000000000000000000000,,1,"-65,5","865,7",Speedwayr-15-32-c2,"2,1537090261914402",
2025-07-25T14:05:03.6025730+03:00,A60000000000000000000000,,1,"-60,5","865,7",Speedwayr-15-32-c2,"5,945709533844745",
2025-07-25T14:05:03.6044510+03:00,A40000000000000000000000,,1,-70,"865,7",Speedwayr-15-32-c2,"3,6386024288647407",
2025-07-25T14:05:03.6144660+03:00,A80000000000000000000000,,1,-68,"865,7",Speedwayr-15-32-c2,"0,5522330836388308",
2025-07-25T14:05:03.6164590+03:00,A70000000000000000000000,,1,-65,"865,7",Speedwayr-15-32-c2,"0,4663301595172349",
2025-07-25T14:05:03.6349730+03:00,A20000000000000000000000,,1,"-62,5","865,7",Speedwayr-15-32-c2,"6,191146459906448",
2025-07-25T14:05:03.6379030+03:00,A60000000000000000000000,,1,"-59,5","865,7",Speedwayr-15-32-c2,"5,798447378207723",
2025-07-25T14:05:03.6396290+03:00,A30000000000000000000000,,1,"-65,5","865,7",Speedwayr-15-32-c2,"2,1353012567368124",
2025-07-25T14:05:03.6423780+03:00,A80000000000000000000000,,1,-70,"865,7",Speedwayr-15-32-c2,"0,44178646691106466",
2025-07-25T14:05:03.6461900+03:00,A70000000000000000000000,,1,"-62,5","865,7",Speedwayr-15-32-c2,"0,4172427743048944",
2025-07-25T14:05:03.6548700+03:00,A40000000000000000000000,,1,"-69,5","865,7",Speedwayr-15-32-c2,"0,6320000846088841",
2025-07-25T14:05:03.6636430+03:00,A60000000000000000000000,,1,-60,"865,7",Speedwayr-15-32-c2,"5,602097837358362",
2025-07-25T14:05:03.6684760+03:00,A30000000000000000000000,,1,-66,"865,7",Speedwayr-15-32-c2,"2,0800779483729293",
2025-07-25T14:05:03.6704600+03:00,A20000000000000000000000,,1,"-61,5","865,7",Speedwayr-15-32-c2,"6,000932842208628",
2025-07-25T14:05:03.6740600+03:00,A40000000000000000000000,,1,"-69,5","865,7",Speedwayr-15-32-c2,"3,5465635815916023",
2025-07-25T14:05:03.6983830+03:00,A80000000000000000000000,,1,"-69,5","865,7",Speedwayr-15-32-c2,"0,4325825821837508",
2025-07-25T14:05:03.7049650+03:00,A20000000000000000000000,,1,"-63,5","865,7",Speedwayr-15-32-c2,"6,007068765360171",
2025-07-25T14:05:03.7061220+03:00,A60000000000000000000000,,1,-60,"865,7",Speedwayr-15-32-c2,"5,64504929941916",
2025-07-25T14:05:03.7112670+03:00,A40000000000000000000000,,1,"-68,5","865,7",Speedwayr-15-32-c2,"3,724505352986337",
2025-07-25T14:05:03.7127490+03:00,A30000000000000000000000,,1,"-66,5","865,7",Speedwayr-15-32-c2,"2,1537090261914402",
2025-07-25T14:05:03.7138890+03:00,A80000000000000000000000,,1,"-67,5","865,7",Speedwayr-15-32-c2,"0,4356505437595221",
2025-07-25T14:05:03.7150170+03:00,A70000000000000000000000,,1,-66,"865,7",Speedwayr-15-32-c2,"6,19728238305799",
2025-07-25T14:05:03.7341890+03:00,A80000000000000000000000,,1,"-68,5","865,7",Speedwayr-15-32-c2,"0,5583690067903734",
2025-07-25T14:05:03.7352560+03:00,A20000000000000000000000,,1,"-63,5","865,7",Speedwayr-15-32-c2,"6,000932842208628",
2025-07-25T14:05:03.7370830+03:00,A60000000000000000000000,,1,"-60,5","865,7",Speedwayr-15-32-c2,"5,270757987175063",
2025-07-25T14:05:03.7405330+03:00,A70000000000000000000000,,1,"-66,5","865,7",Speedwayr-15-32-c2,"6,258641614573416",
2025-07-25T14:05:03.7436340+03:00,A40000000000000000000000,,1,-68,"865,7",Speedwayr-15-32-c2,"3,6263305825616556",
2025-07-25T14:05:03.7586880+03:00,A70000000000000000000000,,1,-66,"865,7",Speedwayr-15-32-c2,"6,252505691421874",
2025-07-25T14:05:03.7600110+03:00,A60000000000000000000000,,1,-60,"865,7",Speedwayr-15-32-c2,"5,338253141842031",
2025-07-25T14:05:03.7623780+03:00,A20000000000000000000000,,1,"-63,5","865,7",Speedwayr-15-32-c2,"5,915029918087033",
2025-07-25T14:05:03.7641990+03:00,A40000000000000000000000,,1,-68,"865,7",Speedwayr-15-32-c2,"3,7981364308048478",
2025-07-25T14:05:03.7655520+03:00,A30000000000000000000000,,1,"-66,5","865,7",Speedwayr-15-32-c2,"2,2948352586769194",
2025-07-25T14:05:03.7733390+03:00,A80000000000000000000000,,1,"-68,5","865,7",Speedwayr-15-32-c2,"0,34974761963792617",
2025-07-25T14:05:03.7899870+03:00,A60000000000000000000000,,1,"-59,5","865,7",Speedwayr-15-32-c2,"4,988505522204105",
2025-07-25T14:05:03.7928390+03:00,A40000000000000000000000,,1,-69,"865,7",Speedwayr-15-32-c2,"3,6815538909255388",
2025-07-25T14:05:03.7953490+03:00,A70000000000000000000000,,1,-66,"865,7",Speedwayr-15-32-c2,"6,117515382087937",
2025-07-25T14:05:03.7968540+03:00,A30000000000000000000000,,1,-62,"865,7",Speedwayr-15-32-c2,"2,2457478734645786",
2025-07-25T14:05:03.7990290+03:00,A20000000000000000000000,,1,"-63,5","865,7",Speedwayr-15-32-c2,"5,810719224510809",
2025-07-25T14:05:03.8023020+03:00,A80000000000000000000000,,1,-69,"865,7",Speedwayr-15-32-c2,"0,34974761963792617",
2025-07-25T14:05:03.8164280+03:00,A30000000000000000000000,,1,"-67,5","865,7",Speedwayr-15-32-c2,"2,4605051837685683",
2025-07-25T14:05:03.8193400+03:00,A20000000000000000000000,,1,"-63,5","865,7",Speedwayr-15-32-c2,"6,068427996875596",
2025-07-25T14:05:03.8217500+03:00,A60000000000000000000000,,1,"-59,5","865,7",Speedwayr-15-32-c2,"5,240078371417351",
2025-07-25T14:05:03.8230920+03:00,A70000000000000000000000,,1,-66,"865,7",Speedwayr-15-32-c2,"6,14819499784565",
2025-07-25T14:05:03.8247060+03:00,A80000000000000000000000,,1,"-68,5","865,7",Speedwayr-15-32-c2,"0,4111068511533518",
2025-07-25T14:05:03.8435300+03:00,A70000000000000000000000,,1,-66,"865,7",Speedwayr-15-32-c2,"6,074563920027139",
2025-07-25T14:05:03.8451090+03:00,A60000000000000000000000,,1,"-59,5","865,7",Speedwayr-15-32-c2,"5,387340527054372",
2025-07-25T14:05:03.8509110+03:00,A30000000000000000000000,,1,-67,"865,7",Speedwayr-15-32-c2,"2,024854640009046",
2025-07-25T14:05:03.8524800+03:00,A80000000000000000000000,,1,"-66,5","865,7",Speedwayr-15-32-c2,"0,3988350048502667",
2025-07-25T14:05:03.8535780+03:00,A20000000000000000000000,,1,"-63,5","865,7",Speedwayr-15-32-c2,"5,964117303299373",
2025-07-25T14:05:03.8550180+03:00,A40000000000000000000000,,1,"-68,5","865,7",Speedwayr-15-32-c2,"3,5956509668039427",
2025-07-25T14:05:03.8702810+03:00,A60000000000000000000000,,1,-60,"865,7",Speedwayr-15-32-c2,"5,289165756629691",
2025-07-25T14:05:03.8723460+03:00,A20000000000000000000000,,1,-63,"865,7",Speedwayr-15-32-c2,"5,822991070813893",
2025-07-25T14:05:03.8742620+03:00,A30000000000000000000000,,1,-67,"865,7",Speedwayr-15-32-c2,"2,1659808724945253",
2025-07-25T14:05:03.8828040+03:00,A40000000000000000000000,,1,"-66,5","865,7",Speedwayr-15-32-c2,"3,650874275167826",
2025-07-25T14:05:03.9003310+03:00,A30000000000000000000000,,1,"-66,5","865,7",Speedwayr-15-32-c2,"2,399145952253143",
2025-07-25T14:05:03.9018420+03:00,A40000000000000000000000,,1,"-68,5","865,7",Speedwayr-15-32-c2,"3,9515345095934116",
2025-07-25T14:05:03.9028970+03:00,A80000000000000000000000,,1,"-69,5","865,7",Speedwayr-15-32-c2,"0,20248546400090464",
2025-07-25T14:05:03.9040270+03:00,A70000000000000000000000,,1,"-66,5","865,7",Speedwayr-15-32-c2,"6,0991076126333095",
2025-07-25T14:05:03.9052940+03:00,A60000000000000000000000,,1,-60,"865,7",Speedwayr-15-32-c2,"5,411884219660542",
2025-07-25T14:05:03.9087930+03:00,A20000000000000000000000,,1,-64,"865,7",Speedwayr-15-32-c2,"5,853670686571607",
2025-07-25T14:05:03.9211570+03:00,A30000000000000000000000,,1,"-64,5","865,7",Speedwayr-15-32-c2,"2,0923497946760143",
2025-07-25T14:05:03.9236560+03:00,A80000000000000000000000,,1,-67,"865,7",Speedwayr-15-32-c2,"0,3313398501832985",
2025-07-25T14:05:03.9246670+03:00,A40000000000000000000000,,1,"-66,5","865,7",Speedwayr-15-32-c2,"3,5588354278946874",
2025-07-25T14:05:03.9311350+03:00,A70000000000000000000000,,1,-66,"865,7",Speedwayr-15-32-c2,"6,086835766330224",
2025-07-25T14:05:03.9334560+03:00,A60000000000000000000000,,1,-60,"865,7",Speedwayr-15-32-c2,"5,491651220630596",
2025-07-25T14:05:03.9346560+03:00,A20000000000000000000000,,1,-63,"865,7",Speedwayr-15-32-c2,"5,8475347634200645",
2025-07-25T14:05:03.9527790+03:00,A60000000000000000000000,,1,-60,"865,7",Speedwayr-15-32-c2,"5,577554144752192",
2025-07-25T14:05:03.9541130+03:00,A20000000000000000000000,,1,-64,"865,7",Speedwayr-15-32-c2,"5,724816300389213",
2025-07-25T14:05:03.9555540+03:00,A30000000000000000000000,,1,-67,"865,7",Speedwayr-15-32-c2,"2,1537090261914402",
2025-07-25T14:05:03.9616480+03:00,A70000000000000000000000,,1,"-62,5","865,7",Speedwayr-15-32-c2,"0,1718058482431918",
2025-07-25T14:05:03.9627020+03:00,A40000000000000000000000,,1,-67,"865,7",Speedwayr-15-32-c2,"3,718369429834794",
2025-07-25T14:05:03.9646660+03:00,A80000000000000000000000,,1,-67,"865,7",Speedwayr-15-32-c2,"0,619728238305799",
2025-07-25T14:05:03.9783760+03:00,A70000000000000000000000,,1,-66,"865,7",Speedwayr-15-32-c2,"6,270913460876501",
2025-07-25T14:05:03.9798310+03:00,A60000000000000000000000,,1,"-60,5","865,7",Speedwayr-15-32-c2,"5,896622148632405",
2025-07-25T14:05:03.9834710+03:00,A40000000000000000000000,,1,"-68,5","865,7",Speedwayr-15-32-c2,"3,816544200259475",
2025-07-25T14:05:03.9891980+03:00,A30000000000000000000000,,1,-67,"865,7",Speedwayr-15-32-c2,"1,9696313316451632",
2025-07-25T14:05:03.9909050+03:00,A20000000000000000000000,,1,-63,"865,7",Speedwayr-15-32-c2,"5,534602682691394",
2025-07-25T14:05:03.9944140+03:00,A80000000000000000000000,,1,"-69,5","865,7",Speedwayr-15-32-c2,"0,6504078540635119",
2025-07-25T14:05:04.0069330+03:00,A60000000000000000000000,,1,"-60,5","865,7",Speedwayr-15-32-c2,"5,583690067903734",
2025-07-25T14:05:04.0119490+03:00,A30000000000000000000000,,1,"-66,5","865,7",Speedwayr-15-32-c2,"2,1966604882522383",
2025-07-25T14:05:04.0142640+03:00,A40000000000000000000000,,1,"-67,5","865,7",Speedwayr-15-32-c2,"3,650874275167826",
2025-07-25T14:05:04.0156580+03:00,A70000000000000000000000,,1,-64,"865,7",Speedwayr-15-32-c2,"0,37429131224409645",
2025-07-25T14:05:04.0174040+03:00,A20000000000000000000000,,1,"-63,5","865,7",Speedwayr-15-32-c2,"5,553010452146021",
2025-07-25T14:05:04.0205860+03:00,A80000000000000000000000,,1,-67,"865,7",Speedwayr-15-32-c2,"0,6320000846088841",
2025-07-25T14:05:04.0345690+03:00,A80000000000000000000000,,1,-68,"865,7",Speedwayr-15-32-c2,"0,28225246497095796",
2025-07-25T14:05:04.0364510+03:00,A70000000000000000000000,,1,-66,"865,7",Speedwayr-15-32-c2,"0,4970097752749477",
2025-07-25T14:05:04.0380020+03:00,A60000000000000000000000,,1,"-60,5","865,7",Speedwayr-15-32-c2,"5,939573610693203",
2025-07-25T14:05:04.0396130+03:00,A30000000000000000000000,,1,-67,"865,7",Speedwayr-15-32-c2,"2,1475731030398975",
2025-07-25T14:05:04.0406980+03:00,A20000000000000000000000,,1,-64,"865,7",Speedwayr-15-32-c2,"5,491651220630596",
2025-07-25T14:05:04.0447250+03:00,A40000000000000000000000,,1,-69,"865,7",Speedwayr-15-32-c2,"3,54042765844006",
2025-07-25T14:05:04.0619980+03:00,A60000000000000000000000,,1,"-60,5","865,7",Speedwayr-15-32-c2,"5,859806609723149",
2025-07-25T14:05:04.0631090+03:00,A30000000000000000000000,,1,"-67,5","865,7",Speedwayr-15-32-c2,"2,184388641949153",
2025-07-25T14:05:04.0641950+03:00,A70000000000000000000000,,1,-66,"865,7",Speedwayr-15-32-c2,"0,4172427743048944",
2025-07-25T14:05:04.0653510+03:00,A80000000000000000000000,,1,"-67,5","865,7",Speedwayr-15-32-c2,"0,5767767762450011",
2025-07-25T14:05:04.0664360+03:00,A20000000000000000000000,,1,-63,"865,7",Speedwayr-15-32-c2,"5,258486140871978",
2025-07-25T14:05:04.0726550+03:00,A40000000000000000000000,,1,"-70,5","865,7",Speedwayr-15-32-c2,"4,344233591292136",
2025-07-25T14:05:04.0846530+03:00,A20000000000000000000000,,1,"-63,5","865,7",Speedwayr-15-32-c2,"5,209398755659637",
2025-07-25T14:05:04.0914900+03:00,A30000000000000000000000,,1,"-62,5","865,7",Speedwayr-15-32-c2,"2,356194490192345",
2025-07-25T14:05:04.0934770+03:00,A40000000000000000000000,,1,"-69,5","865,7",Speedwayr-15-32-c2,"3,6692820446224537",
2025-07-25T14:05:04.0948690+03:00,A60000000000000000000000,,1,-60,"865,7",Speedwayr-15-32-c2,"5,93343768754166",
2025-07-25T14:05:04.1042260+03:00,A70000000000000000000000,,1,-67,"865,7",Speedwayr-15-32-c2,"0,16566992509164924",
2025-07-25T14:05:04.1053130+03:00,A80000000000000000000000,,1,"-69,5","865,7",Speedwayr-15-32-c2,"0,7915340865489908",
2025-07-25T14:05:04.1179070+03:00,A20000000000000000000000,,1,"-62,5","865,7",Speedwayr-15-32-c2,"5,246214294568893",
2025-07-25T14:05:04.1208910+03:00,A80000000000000000000000,,1,-68,"865,7",Speedwayr-15-32-c2,"0,5951845456996288",
2025-07-25T14:05:04.1225200+03:00,A70000000000000000000000,,1,-66,"865,7",Speedwayr-15-32-c2,"0,4970097752749477",
2025-07-25T14:05:04.1236600+03:00,A60000000000000000000000,,1,"-60,5","865,7",Speedwayr-15-32-c2,"5,927301764390117",
2025-07-25T14:05:04.1276960+03:00,A30000000000000000000000,,1,-67,"865,7",Speedwayr-15-32-c2,"1,9266798695843652",
2025-07-25T14:05:04.1324530+03:00,A40000000000000000000000,,1,"-69,5","865,7",Speedwayr-15-32-c2,"3,749049045592507",
2025-07-25T14:05:04.1459200+03:00,A20000000000000000000000,,1,"-61,5","865,7",Speedwayr-15-32-c2,"5,2339424482658075",
2025-07-25T14:05:04.1527700+03:00,A70000000000000000000000,,1,"-67,5","865,7",Speedwayr-15-32-c2,"0,5460971604872883",
2025-07-25T14:05:04.1541090+03:00,A30000000000000000000000,,1,-67,"865,7",Speedwayr-15-32-c2,"2,12916533358527",
2025-07-25T14:05:04.1561890+03:00,A60000000000000000000000,,1,-61,"865,7",Speedwayr-15-32-c2,"5,8475347634200645",
2025-07-25T14:05:04.1629980+03:00,A40000000000000000000000,,1,"-70,5","865,7",Speedwayr-15-32-c2,"0,5645049299419159",
2025-07-25T14:05:04.1648110+03:00,A80000000000000000000000,,1,"-69,5","865,7",Speedwayr-15-32-c2,"0,4908738521234052",
2025-07-25T14:05:04.1745530+03:00,A20000000000000000000000,,1,-62,"865,7",Speedwayr-15-32-c2,"5,258486140871978",
2025-07-25T14:05:04.1756500+03:00,A60000000000000000000000,,1,"-60,5","865,7",Speedwayr-15-32-c2,"5,872078456026235",
2025-07-25T14:05:04.1777750+03:00,A30000000000000000000000,,1,-66,"865,7",Speedwayr-15-32-c2,"2,7979809571034093",
2025-07-25T14:05:04.1817340+03:00,A80000000000000000000000,,1,"-65,5","865,7",Speedwayr-15-32-c2,"0,6933593161243098",
2025-07-25T14:05:04.1868520+03:00,A40000000000000000000000,,1,"-66,5","865,7",Speedwayr-15-32-c2,"3,5158839658338894",
2025-07-25T14:05:04.1929650+03:00,A70000000000000000000000,,1,"-66,5","865,7",Speedwayr-15-32-c2,"0,4295146206079795",
2025-07-25T14:05:04.2051050+03:00,A70000000000000000000000,,1,-67,"865,7",Speedwayr-15-32-c2,"0,5951845456996288",
2025-07-25T14:05:04.2080120+03:00,A30000000000000000000000,,1,"-63,5","865,7",Speedwayr-15-32-c2,"2,1782527187976104",
2025-07-25T14:05:04.2100100+03:00,A20000000000000000000000,,1,-60,"865,7",Speedwayr-15-32-c2,"5,368932757599744",
2025-07-25T14:05:04.2117860+03:00,A60000000000000000000000,,1,-61,"865,7",Speedwayr-15-32-c2,"5,921165841238575",
2025-07-25T14:05:04.2146870+03:00,A80000000000000000000000,,1,"-68,5","865,7",Speedwayr-15-32-c2,"0,9817477042468103",
2025-07-25T14:05:04.2204370+03:00,A40000000000000000000000,,1,-65,"865,7",Speedwayr-15-32-c2,"3,9515345095934116",
2025-07-25T14:05:04.2353960+03:00,A70000000000000000000000,,1,"-67,5","865,7",Speedwayr-15-32-c2,"0,20248546400090464",
2025-07-25T14:05:04.2370350+03:00,A20000000000000000000000,,1,-62,"865,7",Speedwayr-15-32-c2,"5,749359992995383",
2025-07-25T14:05:04.2394050+03:00,A60000000000000000000000,,1,-60,"865,7",Speedwayr-15-32-c2,"6,031612457966341",
2025-07-25T14:05:04.2408590+03:00,A30000000000000000000000,,1,"-64,5","865,7",Speedwayr-15-32-c2,"2,2764274892222915",
2025-07-25T14:05:04.2624370+03:00,A40000000000000000000000,,1,"-70,5","865,7",Speedwayr-15-32-c2,"0,2055534255766759",
2025-07-25T14:05:04.2658160+03:00,A60000000000000000000000,,1,"-60,5","865,7",Speedwayr-15-32-c2,"5,8475347634200645",
2025-07-25T14:05:04.2696360+03:00,A20000000000000000000000,,1,"-61,5","865,7",Speedwayr-15-32-c2,"5,522330836388308",
2025-07-25T14:05:04.2716030+03:00,A30000000000000000000000,,1,-64,"865,7",Speedwayr-15-32-c2,"2,2212041808584084",
2025-07-25T14:05:04.2735630+03:00,A80000000000000000000000,,1,"-70,5","865,7",Speedwayr-15-32-c2,"0,5645049299419159",
2025-07-25T14:05:04.2938550+03:00,A70000000000000000000000,,1,"-67,5","865,7",Speedwayr-15-32-c2,"3,368621810196868",
2025-07-25T14:05:04.3014140+03:00,A60000000000000000000000,,1,-61,"865,7",Speedwayr-15-32-c2,"5,921165841238575",
2025-07-25T14:05:04.3040540+03:00,A70000000000000000000000,,1,-67,"865,7",Speedwayr-15-32-c2,"0,380427235395639",
2025-07-25T14:05:04.3059330+03:00,A30000000000000000000000,,1,-64,"865,7",Speedwayr-15-32-c2,"2,337786720737717",
2025-07-25T14:05:04.3071710+03:00,A20000000000000000000000,,1,-60,"865,7",Speedwayr-15-32-c2,"5,651185222570702",
2025-07-25T14:05:04.3130740+03:00,A80000000000000000000000,,1,-70,"865,7",Speedwayr-15-32-c2,"3,5711072741977725",
2025-07-25T14:05:04.3239650+03:00,A40000000000000000000000,,1,"-70,5","865,7",Speedwayr-15-32-c2,"0,015339807878856412",
2025-07-25T14:05:04.3302370+03:00,A30000000000000000000000,,1,-63,"865,7",Speedwayr-15-32-c2,"2,2948352586769194",
2025-07-25T14:05:04.3318700+03:00,A20000000000000000000000,,1,-61,"865,7",Speedwayr-15-32-c2,"5,7616318392984684",
2025-07-25T14:05:04.3337100+03:00,A60000000000000000000000,,1,"-60,5","865,7",Speedwayr-15-32-c2,"5,810719224510809",
2025-07-25T14:05:04.3369050+03:00,A70000000000000000000000,,1,-66,"865,7",Speedwayr-15-32-c2,"0,2638446955163303",
2025-07-25T14:05:04.3582130+03:00,A30000000000000000000000,,1,"-66,5","865,7",Speedwayr-15-32-c2,"2,2641556429192065",
2025-07-25T14:05:04.3612220+03:00,A70000000000000000000000,,1,-67,"865,7",Speedwayr-15-32-c2,"6,227961998815704",
2025-07-25T14:05:04.3639880+03:00,A60000000000000000000000,,1,"-60,5","865,7",Speedwayr-15-32-c2,"5,786175531904639",
2025-07-25T14:05:04.3659290+03:00,A20000000000000000000000,,1,-61,"865,7",Speedwayr-15-32-c2,"5,7616318392984684",
2025-07-25T14:05:04.3805640+03:00,A30000000000000000000000,,1,"-66,5","865,7",Speedwayr-15-32-c2,"2,4911847995262812",
2025-07-25T14:05:04.3825350+03:00,A80000000000000000000000,,1,"-70,5","865,7",Speedwayr-15-32-c2,"0,25157284921324513",
2025-07-25T14:05:04.3868600+03:00,A20000000000000000000000,,1,-60,"865,7",Speedwayr-15-32-c2,"5,780039608753096",
2025-07-25T14:05:04.3886010+03:00,A60000000000000000000000,,1,"-60,5","865,7",Speedwayr-15-32-c2,"5,8475347634200645",
2025-07-25T14:05:04.3967790+03:00,A70000000000000000000000,,1,"-65,5","865,7",Speedwayr-15-32-c2,"0,1043106935762236",
2025-07-25T14:05:04.4023610+03:00,A40000000000000000000000,,1,-70,"865,7",Speedwayr-15-32-c2,"3,141592653589793",
2025-07-25T14:05:04.4150770+03:00,A30000000000000000000000,,1,-65,"865,7",Speedwayr-15-32-c2,"2,4175537217077703",
2025-07-25T14:05:04.4173290+03:00,A60000000000000000000000,,1,-61,"865,7",Speedwayr-15-32-c2,"5,786175531904639",
2025-07-25T14:05:04.4198270+03:00,A20000000000000000000000,,1,"-60,5","865,7",Speedwayr-15-32-c2,"5,810719224510809",
2025-07-25T14:05:04.4232180+03:00,A40000000000000000000000,,1,-67,"865,7",Speedwayr-15-32-c2,"3,0802334220743677",
2025-07-25T14:05:04.4337560+03:00,A70000000000000000000000,,1,-67,"865,7",Speedwayr-15-32-c2,"0,0337475773334841",
2025-07-25T14:05:04.4418700+03:00,A80000000000000000000000,,1,"-69,5","865,7",Speedwayr-15-32-c2,"0,16260196351587797",
2025-07-25T14:05:04.4449470+03:00,A70000000000000000000000,,1,"-66,5","865,7",Speedwayr-15-32-c2,"0,20248546400090464",
2025-07-25T14:05:04.4465160+03:00,A60000000000000000000000,,1,-59,"865,7",Speedwayr-15-32-c2,"5,6941366846315",
2025-07-25T14:05:04.4521780+03:00,A20000000000000000000000,,1,"-60,5","865,7",Speedwayr-15-32-c2,"5,8659425328746915",
2025-07-25T14:05:04.4563640+03:00,A30000000000000000000000,,1,-66,"865,7",Speedwayr-15-32-c2,"2,0800779483729293",
2025-07-25T14:05:04.4747960+03:00,A40000000000000000000000,,1,"-70,5","865,7",Speedwayr-15-32-c2,"6,034680419542112",
2025-07-25T14:05:04.4828980+03:00,A80000000000000000000000,,1,-71,"865,7",Speedwayr-15-32-c2,"0,09203884727313846",
2025-07-25T14:05:04.4864760+03:00,A60000000000000000000000,,1,-60,"865,7",Speedwayr-15-32-c2,"5,620505606812989",
2025-07-25T14:05:04.4923720+03:00,A70000000000000000000000,,1,-68,"865,7",Speedwayr-15-32-c2,"0,1043106935762236",
2025-07-25T14:05:04.4955310+03:00,A20000000000000000000000,,1,"-60,5","865,7",Speedwayr-15-32-c2,"5,9518454569962875",
2025-07-25T14:05:04.4966320+03:00,A30000000000000000000000,,1,-64,"865,7",Speedwayr-15-32-c2,"2,313243028131547",
2025-07-25T14:05:04.5135650+03:00,A80000000000000000000000,,1,-72,"865,7",Speedwayr-15-32-c2,"0,07976700097005335",
2025-07-25T14:05:04.5151480+03:00,A40000000000000000000000,,1,"-70,5","865,7",Speedwayr-15-32-c2,"5,835262917116979",
2025-07-25T14:05:04.5202780+03:00,A70000000000000000000000,,1,-67,"865,7",Speedwayr-15-32-c2,"0,11658253987930872",
2025-07-25T14:05:04.5234380+03:00,A30000000000000000000000,,1,"-65,5","865,7",Speedwayr-15-32-c2,"2,423689644859313",
2025-07-25T14:05:04.5250240+03:00,A20000000000000000000000,,1,"-60,5","865,7",Speedwayr-15-32-c2,"5,970253226450915",
2025-07-25T14:05:04.5261630+03:00,A60000000000000000000000,,1,"-61,5","865,7",Speedwayr-15-32-c2,"5,638913376267617",
2025-07-25T14:05:04.5540950+03:00,A40000000000000000000000,,1,-70,"865,7",Speedwayr-15-32-c2,"2,6660586093452445",
2025-07-25T14:05:04.5632980+03:00,A80000000000000000000000,,1,-72,"865,7",Speedwayr-15-32-c2,"0,0674951546669682",
2025-07-25T14:05:04.5684900+03:00,A60000000000000000000000,,1,-61,"865,7",Speedwayr-15-32-c2,"5,651185222570702",
2025-07-25T14:05:04.5724640+03:00,A30000000000000000000000,,1,"-65,5","865,7",Speedwayr-15-32-c2,"2,5402721847386216",
2025-07-25T14:05:04.5747030+03:00,A70000000000000000000000,,1,"-67,5","865,7",Speedwayr-15-32-c2,"0,11044661672776616",
2025-07-25T14:05:04.5758400+03:00,A20000000000000000000000,,1,-60,"865,7",Speedwayr-15-32-c2,"5,835262917116979",
2025-07-25T14:05:04.6004570+03:00,A40000000000000000000000,,1,"-68,5","865,7",Speedwayr-15-32-c2,"5,681864838328415",
2025-07-25T14:05:04.6051140+03:00,A40000000000000000000000,,1,-70,"865,7",Speedwayr-15-32-c2,"2,4911847995262812",
2025-07-25T14:05:04.6098090+03:00,A20000000000000000000000,,1,"-61,5","865,7",Speedwayr-15-32-c2,"5,724816300389213",
2025-07-25T14:05:04.6121810+03:00,A60000000000000000000000,,1,-61,"865,7",Speedwayr-15-32-c2,"5,66959299202533",
2025-07-25T14:05:04.6132210+03:00,A70000000000000000000000,,1,"-67,5","865,7",Speedwayr-15-32-c2,"6,1850105367549055",
2025-07-25T14:05:04.6200430+03:00,A30000000000000000000000,,1,-66,"865,7",Speedwayr-15-32-c2,"2,5770877236478773",
2025-07-25T14:05:04.6237200+03:00,A80000000000000000000000,,1,-70,"865,7",Speedwayr-15-32-c2,"6,025476534814799",
2025-07-25T14:05:04.6380290+03:00,A30000000000000000000000,,1,"-65,5","865,7",Speedwayr-15-32-c2,"2,3623304133438876",
2025-07-25T14:05:04.6397380+03:00,A60000000000000000000000,,1,"-61,5","865,7",Speedwayr-15-32-c2,"5,675728915176872",
2025-07-25T14:05:04.6425160+03:00,A20000000000000000000000,,1,"-59,5","865,7",Speedwayr-15-32-c2,"5,780039608753096",
2025-07-25T14:05:04.6437390+03:00,A70000000000000000000000,,1,"-65,5","865,7",Speedwayr-15-32-c2,"6,215690152512618",
2025-07-25T14:05:04.6621620+03:00,A40000000000000000000000,,1,"-69,5","865,7",Speedwayr-15-32-c2,"5,672660953601101",
2025-07-25T14:05:04.6651990+03:00,A80000000000000000000000,,1,-73,"865,7",Speedwayr-15-32-c2,"6,2463697682703305",
2025-07-25T14:05:04.6712790+03:00,A60000000000000000000000,,1,-61,"865,7",Speedwayr-15-32-c2,"5,737088146692298",
2025-07-25T14:05:04.6733080+03:00,A20000000000000000000000,,1,"-60,5","865,7",Speedwayr-15-32-c2,"5,663457068873787",
2025-07-25T14:05:04.6768440+03:00,A30000000000000000000000,,1,-65,"865,7",Speedwayr-15-32-c2,"2,5280003384355365",
2025-07-25T14:05:04.6800060+03:00,A40000000000000000000000,,1,-71,"865,7",Speedwayr-15-32-c2,"2,5280003384355365",
2025-07-25T14:05:04.6821260+03:00,A70000000000000000000000,,1,"-67,5","865,7",Speedwayr-15-32-c2,"6,0991076126333095",
2025-07-25T14:05:04.7140600+03:00,A80000000000000000000000,,1,-73,"865,7",Speedwayr-15-32-c2,"6,037748381117884",
2025-07-25T14:05:04.7209150+03:00,A30000000000000000000000,,1,"-66,5","865,7",Speedwayr-15-32-c2,"2,466641106920111",
2025-07-25T14:05:04.7235170+03:00,A40000000000000000000000,,1,"-68,5","865,7",Speedwayr-15-32-c2,"2,405281875404685",
2025-07-25T14:05:04.7246030+03:00,A70000000000000000000000,,1,-67,"865,7",Speedwayr-15-32-c2,"6,19728238305799",
2025-07-25T14:05:04.7259590+03:00,A20000000000000000000000,,1,"-58,5","865,7",Speedwayr-15-32-c2,"5,565282298449106",
2025-07-25T14:05:04.7270540+03:00,A60000000000000000000000,,1,"-61,5","865,7",Speedwayr-15-32-c2,"5,620505606812989",
2025-07-25T14:05:04.7603390+03:00,A70000000000000000000000,,1,"-67,5","865,7",Speedwayr-15-32-c2,"6,12365130523948",
2025-07-25T14:05:04.7617560+03:00,A60000000000000000000000,,1,"-61,5","865,7",Speedwayr-15-32-c2,"5,626641529964532",
2025-07-25T14:05:04.7628730+03:00,A20000000000000000000000,,1,-60,"865,7",Speedwayr-15-32-c2,"5,688000761479957",
2025-07-25T14:05:04.7640710+03:00,A30000000000000000000000,,1,"-66,5","865,7",Speedwayr-15-32-c2,"2,5770877236478773",
2025-07-25T14:05:04.7725090+03:00,A40000000000000000000000,,1,"-68,5","865,7",Speedwayr-15-32-c2,"2,405281875404685",
2025-07-25T14:05:04.7936600+03:00,A80000000000000000000000,,1,"-72,5","865,7",Speedwayr-15-32-c2,"5,881282340753549",
2025-07-25T14:05:04.7990130+03:00,A20000000000000000000000,,1,"-59,5","865,7",Speedwayr-15-32-c2,"5,712544454086128",
2025-07-25T14:05:04.8000860+03:00,A60000000000000000000000,,1,"-61,5","865,7",Speedwayr-15-32-c2,"5,50392306693368",
2025-07-25T14:05:04.8042380+03:00,A40000000000000000000000,,1,-69,"865,7",Speedwayr-15-32-c2,"2,3071071049800045",
2025-07-25T14:05:04.8056070+03:00,A30000000000000000000000,,1,"-63,5","865,7",Speedwayr-15-32-c2,"2,5770877236478773",
2025-07-25T14:05:04.8128120+03:00,A70000000000000000000000,,1,"-65,5","865,7",Speedwayr-15-32-c2,"6,1420590746941075",
2025-07-25T14:05:04.8346110+03:00,A30000000000000000000000,,1,-66,"865,7",Speedwayr-15-32-c2,"2,435961491162398",
2025-07-25T14:05:04.8359630+03:00,A20000000000000000000000,,1,"-59,5","865,7",Speedwayr-15-32-c2,"5,767767762450011",
2025-07-25T14:05:04.8415940+03:00,A70000000000000000000000,,1,"-65,5","865,7",Speedwayr-15-32-c2,"6,074563920027139",
2025-07-25T14:05:04.8429890+03:00,A60000000000000000000000,,1,"-61,5","865,7",Speedwayr-15-32-c2,"5,442563835418255",
2025-07-25T14:05:04.8554580+03:00,A80000000000000000000000,,1,-74,"865,7",Speedwayr-15-32-c2,"5,838330878692751",
2025-07-25T14:05:04.8594670+03:00,A40000000000000000000000,,1,"-67,5","865,7",Speedwayr-15-32-c2,"5,442563835418255",
2025-07-25T14:05:04.8676520+03:00,A60000000000000000000000,,1,"-61,5","865,7",Speedwayr-15-32-c2,"5,399612373357457",
2025-07-25T14:05:04.8726890+03:00,A70000000000000000000000,,1,"-65,5","865,7",Speedwayr-15-32-c2,"6,000932842208628",
2025-07-25T14:05:04.8747600+03:00,A20000000000000000000000,,1,-59,"865,7",Speedwayr-15-32-c2,"5,994796919057086",
2025-07-25T14:05:04.8769800+03:00,A30000000000000000000000,,1,-61,"865,7",Speedwayr-15-32-c2,"2,552544031041707",
2025-07-25T14:05:04.9108040+03:00,A20000000000000000000000,,1,-60,"865,7",Speedwayr-15-32-c2,"6,019340611663256",
2025-07-25T14:05:04.9135490+03:00,A60000000000000000000000,,1,-61,"865,7",Speedwayr-15-32-c2,"5,485515297479052",
2025-07-25T14:05:04.9199190+03:00,A40000000000000000000000,,1,-63,"865,7",Speedwayr-15-32-c2,"2,227340104009951",
2025-07-25T14:05:04.9210040+03:00,A70000000000000000000000,,1,-66,"865,7",Speedwayr-15-32-c2,"6,22182607566416",
2025-07-25T14:05:04.9467050+03:00,A80000000000000000000000,,1,"-70,5","865,7",Speedwayr-15-32-c2,"5,829126993965437",
2025-07-25T14:05:04.9505150+03:00,A20000000000000000000000,,1,"-59,5","865,7",Speedwayr-15-32-c2,"6,013204688511713",
2025-07-25T14:05:04.9522280+03:00,A60000000000000000000000,,1,"-61,5","865,7",Speedwayr-15-32-c2,"5,5284667595398505",
2025-07-25T14:05:04.9543500+03:00,A40000000000000000000000,,1,-68,"865,7",Speedwayr-15-32-c2,"2,399145952253143",
2025-07-25T14:05:04.9603600+03:00,A70000000000000000000000,,1,"-66,5","865,7",Speedwayr-15-32-c2,"5,994796919057086",
2025-07-25T14:05:04.9622670+03:00,A30000000000000000000000,,1,"-65,5","865,7",Speedwayr-15-32-c2,"2,6813984172241008",
2025-07-25T14:05:04.9794360+03:00,A70000000000000000000000,,1,-65,"865,7",Speedwayr-15-32-c2,"5,957981380147831",
2025-07-25T14:05:04.9816540+03:00,A60000000000000000000000,,1,-61,"865,7",Speedwayr-15-32-c2,"5,559146375297564",
2025-07-25T14:05:04.9832680+03:00,A20000000000000000000000,,1,"-60,5","865,7",Speedwayr-15-32-c2,"5,939573610693203",
2025-07-25T14:05:04.9911890+03:00,A40000000000000000000000,,1,-69,"865,7",Speedwayr-15-32-c2,"2,442097414313941",
2025-07-25T14:05:04.9923980+03:00,A30000000000000000000000,,1,"-65,5","865,7",Speedwayr-15-32-c2,"2,742757648739526",
2025-07-25T14:05:05.0132900+03:00,A80000000000000000000000,,1,-73,"865,7",Speedwayr-15-32-c2,"2,724349879284899",
2025-07-25T14:05:05.0171720+03:00,A20000000000000000000000,,1,"-59,5","865,7",Speedwayr-15-32-c2,"6,037748381117884",
2025-07-25T14:05:05.0198510+03:00,A30000000000000000000000,,1,-66,"865,7",Speedwayr-15-32-c2,"2,84706834231575",
2025-07-25T14:05:05.0228440+03:00,A60000000000000000000000,,1,-61,"865,7",Speedwayr-15-32-c2,"5,516194913236766",
2025-07-25T14:05:05.0251090+03:00,A70000000000000000000000,,1,-63,"865,7",Speedwayr-15-32-c2,"6,154330920997192",
2025-07-25T14:05:05.0380290+03:00,A40000000000000000000000,,1,-68,"865,7",Speedwayr-15-32-c2,"5,485515297479052",
2025-07-25T14:05:05.0427890+03:00,A80000000000000000000000,,1,-74,"865,7",Speedwayr-15-32-c2,"5,93343768754166",
2025-07-25T14:05:05.0467670+03:00,A60000000000000000000000,,1,"-60,5","865,7",Speedwayr-15-32-c2,"5,620505606812989",
2025-07-25T14:05:05.0507860+03:00,A30000000000000000000000,,1,"-64,5","865,7",Speedwayr-15-32-c2,"2,730485802436441",
2025-07-25T14:05:05.0523060+03:00,A20000000000000000000000,,1,-61,"865,7",Speedwayr-15-32-c2,"6,043884304269426",
2025-07-25T14:05:05.0635840+03:00,A70000000000000000000000,,1,"-64,5","865,7",Speedwayr-15-32-c2,"6,178874613603362",
2025-07-25T14:05:05.0910780+03:00,A70000000000000000000000,,1,-65,"865,7",Speedwayr-15-32-c2,"6,135923151542564",
2025-07-25T14:05:05.0932380+03:00,A30000000000000000000000,,1,"-65,5","865,7",Speedwayr-15-32-c2,"2,736621725587984",
2025-07-25T14:05:05.0946210+03:00,A60000000000000000000000,,1,-60,"865,7",Speedwayr-15-32-c2,"5,724816300389213",
2025-07-25T14:05:05.0984370+03:00,A20000000000000000000000,,1,"-59,5","865,7",Speedwayr-15-32-c2,"6,092971689481767",
2025-07-25T14:05:05.1131390+03:00,A70000000000000000000000,,1,"-66,5","865,7",Speedwayr-15-32-c2,"0,04908738521234052",
2025-07-25T14:05:05.1144780+03:00,A60000000000000000000000,,1,"-60,5","865,7",Speedwayr-15-32-c2,"5,964117303299373",
2025-07-25T14:05:05.1192140+03:00,A20000000000000000000000,,1,-60,"865,7",Speedwayr-15-32-c2,"6,074563920027139",
2025-07-25T14:05:05.1221680+03:00,A30000000000000000000000,,1,-65,"865,7",Speedwayr-15-32-c2,"2,767301341345697",
2025-07-25T14:05:05.1395380+03:00,A60000000000000000000000,,1,-59,"865,7",Speedwayr-15-32-c2,"5,841398840268521",
2025-07-25T14:05:05.1410000+03:00,A20000000000000000000000,,1,"-59,5","865,7",Speedwayr-15-32-c2,"6,043884304269426",
2025-07-25T14:05:05.1426230+03:00,A30000000000000000000000,,1,"-65,5","865,7",Speedwayr-15-32-c2,"2,650718801466388",
2025-07-25T14:05:05.1444460+03:00,A70000000000000000000000,,1,"-67,5","865,7",Speedwayr-15-32-c2,"0,02454369260617026",
2025-07-25T14:05:05.1604020+03:00,A60000000000000000000000,,1,"-61,5","865,7",Speedwayr-15-32-c2,"5,8045833013592665",
2025-07-25T14:05:05.1626450+03:00,A20000000000000000000000,,1,"-60,5","865,7",Speedwayr-15-32-c2,"6,135923151542564",
2025-07-25T14:05:05.1654070+03:00,A70000000000000000000000,,1,"-66,5","865,7",Speedwayr-15-32-c2,"0,15339807878856412",
2025-07-25T14:05:05.1722720+03:00,A30000000000000000000000,,1,"-65,5","865,7",Speedwayr-15-32-c2,"2,8102528034064944",
2025-07-25T14:05:05.1918600+03:00,A40000000000000000000000,,1,"-69,5","865,7",Speedwayr-15-32-c2,"5,476311412751739",
2025-07-25T14:05:05.2010880+03:00,A60000000000000000000000,,1,-61,"865,7",Speedwayr-15-32-c2,"5,890486225480862",
2025-07-25T14:05:05.2035450+03:00,A20000000000000000000000,,1,-59,"865,7",Speedwayr-15-32-c2,"6,056156150572511",
2025-07-25T14:05:05.2048420+03:00,A70000000000000000000000,,1,"-66,5","865,7",Speedwayr-15-32-c2,"0,23930100291016002",
2025-07-25T14:05:05.2126270+03:00,A30000000000000000000000,,1,-65,"865,7",Speedwayr-15-32-c2,"2,705942109830271",
2025-07-25T14:05:05.2277420+03:00,A20000000000000000000000,,1,"-59,5","865,7",Speedwayr-15-32-c2,"6,013204688511713",
2025-07-25T14:05:05.2328480+03:00,A70000000000000000000000,,1,-67,"865,7",Speedwayr-15-32-c2,"0,2270291566070749",
2025-07-25T14:05:05.2420930+03:00,A60000000000000000000000,,1,-61,"865,7",Speedwayr-15-32-c2,"5,970253226450915",
2025-07-25T14:05:05.2443450+03:00,A40000000000000000000000,,1,-70,"865,7",Speedwayr-15-32-c2,"2,435961491162398",
2025-07-25T14:05:05.2690200+03:00,A20000000000000000000000,,1,-59,"865,7",Speedwayr-15-32-c2,"6,019340611663256",
2025-07-25T14:05:05.2722560+03:00,A60000000000000000000000,,1,"-59,5","865,7",Speedwayr-15-32-c2,"5,976389149602458",
2025-07-25T14:05:05.2739810+03:00,A70000000000000000000000,,1,"-67,5","865,7",Speedwayr-15-32-c2,"0,380427235395639",
2025-07-25T14:05:05.2764460+03:00,A40000000000000000000000,,1,"-67,5","865,7",Speedwayr-15-32-c2,"1,6566992509164924",
2025-07-25T14:05:05.2785080+03:00,A30000000000000000000000,,1,"-65,5","865,7",Speedwayr-15-32-c2,"2,761165418194154",
2025-07-25T14:05:05.2914830+03:00,A20000000000000000000000,,1,"-60,5","865,7",Speedwayr-15-32-c2,"5,884350302329319",
2025-07-25T14:05:05.2941060+03:00,A70000000000000000000000,,1,"-66,5","865,7",Speedwayr-15-32-c2,"0,380427235395639",
2025-07-25T14:05:05.3017890+03:00,A60000000000000000000000,,1,-61,"865,7",Speedwayr-15-32-c2,"6,000932842208628",
2025-07-25T14:05:05.3114930+03:00,A40000000000000000000000,,1,-69,"865,7",Speedwayr-15-32-c2,"2,2334760271614935",
2025-07-25T14:05:05.3351310+03:00,A40000000000000000000000,,1,"-68,5","865,7",Speedwayr-15-32-c2,"2,2641556429192065",
2025-07-25T14:05:05.3367350+03:00,A20000000000000000000000,,1,"-58,5","865,7",Speedwayr-15-32-c2,"5,945709533844745",
2025-07-25T14:05:05.3385970+03:00,A60000000000000000000000,,1,-61,"865,7",Speedwayr-15-32-c2,"6,264777537724958",
2025-07-25T14:05:05.3411280+03:00,A70000000000000000000000,,1,"-66,5","865,7",Speedwayr-15-32-c2,"0,4295146206079795",
2025-07-25T14:05:05.3424370+03:00,A30000000000000000000000,,1,-66,"865,7",Speedwayr-15-32-c2,"2,816388726558037",
2025-07-25T14:05:05.3576540+03:00,A60000000000000000000000,,1,-61,"865,7",Speedwayr-15-32-c2,"0,15339807878856412",
2025-07-25T14:05:05.3620700+03:00,A40000000000000000000000,,1,"-68,5","865,7",Speedwayr-15-32-c2,"2,1475731030398975",
2025-07-25T14:05:05.3666430+03:00,A20000000000000000000000,,1,-60,"865,7",Speedwayr-15-32-c2,"5,93343768754166",
2025-07-25T14:05:05.3686120+03:00,A30000000000000000000000,,1,-64,"865,7",Speedwayr-15-32-c2,"2,9084275738311756",
2025-07-25T14:05:05.3702960+03:00,A70000000000000000000000,,1,-67,"865,7",Speedwayr-15-32-c2,"0,37429131224409645",
2025-07-25T14:05:05.3934700+03:00,A60000000000000000000000,,1,-61,"865,7",Speedwayr-15-32-c2,"5,921165841238575",
2025-07-25T14:05:05.3949090+03:00,A40000000000000000000000,,1,-69,"865,7",Speedwayr-15-32-c2,"2,5157284921324514",
2025-07-25T14:05:05.3959910+03:00,A20000000000000000000000,,1,-60,"865,7",Speedwayr-15-32-c2,"5,921165841238575",
2025-07-25T14:05:05.4005030+03:00,A70000000000000000000000,,1,"-67,5","865,7",Speedwayr-15-32-c2,"0,3374757733348411",
2025-07-25T14:05:05.4025480+03:00,A30000000000000000000000,,1,"-63,5","865,7",Speedwayr-15-32-c2,"2,82252464970958",
2025-07-25T14:05:05.4172030+03:00,A20000000000000000000000,,1,-59,"865,7",Speedwayr-15-32-c2,"5,964117303299373",
2025-07-25T14:05:05.4192100+03:00,A60000000000000000000000,,1,-61,"865,7",Speedwayr-15-32-c2,"5,945709533844745",
2025-07-25T14:05:05.4217890+03:00,A40000000000000000000000,,1,-69,"865,7",Speedwayr-15-32-c2,"2,411417798556228",
2025-07-25T14:05:05.4228570+03:00,A70000000000000000000000,,1,-67,"865,7",Speedwayr-15-32-c2,"0,0674951546669682",
2025-07-25T14:05:05.4246100+03:00,A30000000000000000000000,,1,-66,"865,7",Speedwayr-15-32-c2,"2,767301341345697",
2025-07-25T14:05:05.4432610+03:00,A80000000000000000000000,,1,-75,"865,7",Speedwayr-15-32-c2,"0,15033011721279282",
2025-07-25T14:05:05.4474180+03:00,A20000000000000000000000,,1,-60,"865,7",Speedwayr-15-32-c2,"5,976389149602458",
2025-07-25T14:05:05.4489560+03:00,A60000000000000000000000,,1,"-60,5","865,7",Speedwayr-15-32-c2,"5,773903685601553",
2025-07-25T14:05:05.4522500+03:00,A30000000000000000000000,,1,-66,"865,7",Speedwayr-15-32-c2,"2,84706834231575",
2025-07-25T14:05:05.4542440+03:00,A70000000000000000000000,,1,-67,"865,7",Speedwayr-15-32-c2,"5,976389149602458",
2025-07-25T14:05:05.4643840+03:00,A40000000000000000000000,,1,"-69,5","865,7",Speedwayr-15-32-c2,"5,727884261964984",
2025-07-25T14:05:05.4708760+03:00,A60000000000000000000000,,1,"-60,5","865,7",Speedwayr-15-32-c2,"5,93343768754166",
2025-07-25T14:05:05.4730790+03:00,A20000000000000000000000,,1,-59,"865,7",Speedwayr-15-32-c2,"5,872078456026235",
2025-07-25T14:05:05.4836790+03:00,A40000000000000000000000,,1,"-66,5","865,7",Speedwayr-15-32-c2,"2,6445828783148455",
2025-07-25T14:05:05.4863540+03:00,A30000000000000000000000,,1,-66,"865,7",Speedwayr-15-32-c2,"3,0127382674073995",
2025-07-25T14:05:05.4922650+03:00,A70000000000000000000000,,1,-66,"865,7",Speedwayr-15-32-c2,"6,215690152512618",
2025-07-25T14:05:05.5113370+03:00,A60000000000000000000000,,1,-60,"865,7",Speedwayr-15-32-c2,"5,816855147662351",
2025-07-25T14:05:05.5140940+03:00,A20000000000000000000000,,1,-60,"865,7",Speedwayr-15-32-c2,"5,939573610693203",
2025-07-25T14:05:05.5210620+03:00,A70000000000000000000000,,1,-67,"865,7",Speedwayr-15-32-c2,"6,270913460876501",
2025-07-25T14:05:05.5257170+03:00,A40000000000000000000000,,1,-64,"865,7",Speedwayr-15-32-c2,"2,6691265709210157",
2025-07-25T14:05:05.5417490+03:00,A40000000000000000000000,,1,-68,"865,7",Speedwayr-15-32-c2,"2,564815877344792",
2025-07-25T14:05:05.5430730+03:00,A30000000000000000000000,,1,-65,"865,7",Speedwayr-15-32-c2,"3,2336315008629315",
2025-07-25T14:05:05.5441270+03:00,A20000000000000000000000,,1,"-60,5","865,7",Speedwayr-15-32-c2,"5,921165841238575",
2025-07-25T14:05:05.5454950+03:00,A60000000000000000000000,,1,"-60,5","865,7",Speedwayr-15-32-c2,"5,688000761479957",
2025-07-25T14:05:05.5520420+03:00,A70000000000000000000000,,1,-66,"865,7",Speedwayr-15-32-c2,"0,018407769454627694",
2025-07-25T14:05:05.5690740+03:00,A20000000000000000000000,,1,"-58,5","865,7",Speedwayr-15-32-c2,"5,896622148632405",
2025-07-25T14:05:05.5729910+03:00,A30000000000000000000000,,1,-66,"865,7",Speedwayr-15-32-c2,"2,9022916506796332",
2025-07-25T14:05:05.5741200+03:00,A60000000000000000000000,,1,-61,"865,7",Speedwayr-15-32-c2,"5,577554144752192",
2025-07-25T14:05:05.5764400+03:00,A70000000000000000000000,,1,"-64,5","865,7",Speedwayr-15-32-c2,"6,074563920027139",
2025-07-25T14:05:05.5995660+03:00,A60000000000000000000000,,1,"-59,5","865,7",Speedwayr-15-32-c2,"5,749359992995383",
2025-07-25T14:05:05.6022040+03:00,A30000000000000000000000,,1,-66,"865,7",Speedwayr-15-32-c2,"2,890019804376548",
2025-07-25T14:05:05.6033160+03:00,A70000000000000000000000,,1,-65,"865,7",Speedwayr-15-32-c2,"6,111379458936394",
2025-07-25T14:05:05.6076700+03:00,A20000000000000000000000,,1,"-58,5","865,7",Speedwayr-15-32-c2,"6,000932842208628",
2025-07-25T14:05:05.6220280+03:00,A70000000000000000000000,,1,"-66,5","865,7",Speedwayr-15-32-c2,"6,240233845118788",
2025-07-25T14:05:05.6253120+03:00,A20000000000000000000000,,1,"-59,5","865,7",Speedwayr-15-32-c2,"5,988660995905543",
2025-07-25T14:05:05.6281500+03:00,A60000000000000000000000,,1,"-60,5","865,7",Speedwayr-15-32-c2,"5,589825991055276",
2025-07-25T14:05:05.6325250+03:00,A30000000000000000000000,,1,-67,"865,7",Speedwayr-15-32-c2,"3,031146036862027",
2025-07-25T14:05:05.6346020+03:00,A40000000000000000000000,,1,-69,"865,7",Speedwayr-15-32-c2,"2,9759227284981438",
2025-07-25T14:05:05.6537880+03:00,A60000000000000000000000,,1,-61,"865,7",Speedwayr-15-32-c2,"5,559146375297564",
2025-07-25T14:05:05.6564880+03:00,A30000000000000000000000,,1,"-66,5","865,7",Speedwayr-15-32-c2,"2,8961557275280905",
2025-07-25T14:05:05.6613610+03:00,A20000000000000000000000,,1,"-59,5","865,7",Speedwayr-15-32-c2,"5,970253226450915",
2025-07-25T14:05:05.6637370+03:00,A40000000000000000000000,,1,-69,"865,7",Speedwayr-15-32-c2,"2,7979809571034093",
2025-07-25T14:05:05.6721320+03:00,A70000000000000000000000,,1,-66,"865,7",Speedwayr-15-32-c2,"5,982525072754001",
2025-07-25T14:05:05.6852790+03:00,A60000000000000000000000,,1,"-60,5","865,7",Speedwayr-15-32-c2,"5,460971604872882",
2025-07-25T14:05:05.6899420+03:00,A20000000000000000000000,,1,-60,"865,7",Speedwayr-15-32-c2,"5,982525072754001",
2025-07-25T14:05:05.6917180+03:00,A70000000000000000000000,,1,"-66,5","865,7",Speedwayr-15-32-c2,"6,031612457966341",
2025-07-25T14:05:05.6939230+03:00,A40000000000000000000000,,1,-68,"865,7",Speedwayr-15-32-c2,"2,890019804376548",
2025-07-25T14:05:05.7023850+03:00,A30000000000000000000000,,1,-67,"865,7",Speedwayr-15-32-c2,"2,945243112740431",
2025-07-25T14:05:05.7153740+03:00,A60000000000000000000000,,1,"-60,5","865,7",Speedwayr-15-32-c2,"5,418020142812084",
2025-07-25T14:05:05.7181910+03:00,A20000000000000000000000,,1,-58,"865,7",Speedwayr-15-32-c2,"5,945709533844745",
2025-07-25T14:05:05.7209220+03:00,A30000000000000000000000,,1,-66,"865,7",Speedwayr-15-32-c2,"3,117048960983623",
2025-07-25T14:05:05.7219490+03:00,A70000000000000000000000,,1,-66,"865,7",Speedwayr-15-32-c2,"5,927301764390117",
2025-07-25T14:05:05.7251640+03:00,A40000000000000000000000,,1,"-69,5","865,7",Speedwayr-15-32-c2,"2,890019804376548",
2025-07-25T14:05:05.7371380+03:00,A60000000000000000000000,,1,"-60,5","865,7",Speedwayr-15-32-c2,"5,405748296509",
2025-07-25T14:05:05.7419220+03:00,A20000000000000000000000,,1,"-59,5","865,7",Speedwayr-15-32-c2,"6,0991076126333095",
2025-07-25T14:05:05.7432530+03:00,A30000000000000000000000,,1,"-66,5","865,7",Speedwayr-15-32-c2,"3,0925052683774528",
2025-07-25T14:05:05.7443380+03:00,A70000000000000000000000,,1,"-65,5","865,7",Speedwayr-15-32-c2,"5,810719224510809",
2025-07-25T14:05:05.7642720+03:00,A30000000000000000000000,,1,"-66,5","865,7",Speedwayr-15-32-c2,"3,0372819600135696",
2025-07-25T14:05:05.7659240+03:00,A70000000000000000000000,,1,"-65,5","865,7",Speedwayr-15-32-c2,"5,853670686571607",
2025-07-25T14:05:05.7683780+03:00,A20000000000000000000000,,1,"-60,5","865,7",Speedwayr-15-32-c2,"5,945709533844745",
2025-07-25T14:05:05.7697470+03:00,A60000000000000000000000,,1,"-60,5","865,7",Speedwayr-15-32-c2,"5,405748296509",
2025-07-25T14:05:05.7733300+03:00,A40000000000000000000000,,1,-71,"865,7",Speedwayr-15-32-c2,"2,8777479580734626",
2025-07-25T14:05:05.7879920+03:00,A20000000000000000000000,,1,"-59,5","865,7",Speedwayr-15-32-c2,"6,013204688511713",
2025-07-25T14:05:05.7904700+03:00,A60000000000000000000000,,1,-60,"865,7",Speedwayr-15-32-c2,"5,473243451175968",
2025-07-25T14:05:05.7918020+03:00,A70000000000000000000000,,1,-66,"865,7",Speedwayr-15-32-c2,"5,822991070813893",
2025-07-25T14:05:05.7931310+03:00,A30000000000000000000000,,1,-65,"865,7",Speedwayr-15-32-c2,"3,074097498922825",
2025-07-25T14:05:05.8030660+03:00,A40000000000000000000000,,1,-70,"865,7",Speedwayr-15-32-c2,"2,8838838812250054",
2025-07-25T14:05:05.8161790+03:00,A20000000000000000000000,,1,-60,"865,7",Speedwayr-15-32-c2,"6,025476534814799",
2025-07-25T14:05:05.8190890+03:00,A60000000000000000000000,,1,-59,"865,7",Speedwayr-15-32-c2,"5,246214294568893",
2025-07-25T14:05:05.8224220+03:00,A40000000000000000000000,,1,"-70,5","865,7",Speedwayr-15-32-c2,"2,804116880254952",
2025-07-25T14:05:05.8271490+03:00,A70000000000000000000000,,1,"-65,5","865,7",Speedwayr-15-32-c2,"5,902758071783947",
2025-07-25T14:05:05.8398800+03:00,A70000000000000000000000,,1,"-62,5","865,7",Speedwayr-15-32-c2,"5,773903685601553",
2025-07-25T14:05:05.8417370+03:00,A60000000000000000000000,,1,-60,"865,7",Speedwayr-15-32-c2,"5,154175447295755",
2025-07-25T14:05:05.8450550+03:00,A20000000000000000000000,,1,-60,"865,7",Speedwayr-15-32-c2,"5,915029918087033",
2025-07-25T14:05:05.8518890+03:00,A30000000000000000000000,,1,"-66,5","865,7",Speedwayr-15-32-c2,"3,3624858870453256",
2025-07-25T14:05:05.8537360+03:00,A40000000000000000000000,,1,"-69,5","865,7",Speedwayr-15-32-c2,"3,0925052683774528",
2025-07-25T14:05:05.8663910+03:00,A70000000000000000000000,,1,"-65,5","865,7",Speedwayr-15-32-c2,"5,651185222570702",
2025-07-25T14:05:05.8680150+03:00,A60000000000000000000000,,1,-60,"865,7",Speedwayr-15-32-c2,"4,970097752749477",
2025-07-25T14:05:05.8715500+03:00,A20000000000000000000000,,1,-59,"865,7",Speedwayr-15-32-c2,"5,9518454569962875",
2025-07-25T14:05:05.8728770+03:00,A30000000000000000000000,,1,"-64,5","865,7",Speedwayr-15-32-c2,"3,3195344249845276",
2025-07-25T14:05:05.8739570+03:00,A40000000000000000000000,,1,-70,"865,7",Speedwayr-15-32-c2,"3,0372819600135696",
2025-07-25T14:05:05.8893980+03:00,A20000000000000000000000,,1,-59,"865,7",Speedwayr-15-32-c2,"5,93343768754166",
2025-07-25T14:05:05.8942600+03:00,A40000000000000000000000,,1,"-70,5","865,7",Speedwayr-15-32-c2,"3,141592653589793",
2025-07-25T14:05:05.8958370+03:00,A60000000000000000000000,,1,"-58,5","865,7",Speedwayr-15-32-c2,"5,313709449235861",
2025-07-25T14:05:05.9010720+03:00,A70000000000000000000000,,1,"-65,5","865,7",Speedwayr-15-32-c2,"5,491651220630596",
2025-07-25T14:05:05.9032600+03:00,A30000000000000000000000,,1,"-66,5","865,7",Speedwayr-15-32-c2,"3,368621810196868",
2025-07-25T14:05:05.9153950+03:00,A70000000000000000000000,,1,"-64,5","865,7",Speedwayr-15-32-c2,"5,589825991055276",
2025-07-25T14:05:05.9191810+03:00,A20000000000000000000000,,1,"-59,5","865,7",Speedwayr-15-32-c2,"5,970253226450915",
2025-07-25T14:05:05.9208090+03:00,A60000000000000000000000,,1,"-60,5","865,7",Speedwayr-15-32-c2,"5,049864753719531",
2025-07-25T14:05:05.9224850+03:00,A30000000000000000000000,,1,-66,"865,7",Speedwayr-15-32-c2,"3,472932503773092",
2025-07-25T14:05:05.9250210+03:00,A40000000000000000000000,,1,"-68,5","865,7",Speedwayr-15-32-c2,"3,0495538063166547",
2025-07-25T14:05:05.9394600+03:00,A20000000000000000000000,,1,"-59,5","865,7",Speedwayr-15-32-c2,"5,964117303299373",
2025-07-25T14:05:05.9406010+03:00,A60000000000000000000000,,1,-60,"865,7",Speedwayr-15-32-c2,"5,080544369477243",
2025-07-25T14:05:05.9417260+03:00,A30000000000000000000000,,1,"-65,5","865,7",Speedwayr-15-32-c2,"3,2827188860752723",
2025-07-25T14:05:05.9428770+03:00,A70000000000000000000000,,1,-65,"865,7",Speedwayr-15-32-c2,"5,565282298449106",
2025-07-25T14:05:05.9521620+03:00,A40000000000000000000000,,1,-70,"865,7",Speedwayr-15-32-c2,"3,043417883165112",
2025-07-25T14:05:05.9703440+03:00,A30000000000000000000000,,1,"-66,5","865,7",Speedwayr-15-32-c2,"3,2765829629237295",
2025-07-25T14:05:05.9715980+03:00,A60000000000000000000000,,1,"-60,5","865,7",Speedwayr-15-32-c2,"4,945554060143307",
2025-07-25T14:05:05.9746220+03:00,A40000000000000000000000,,1,"-69,5","865,7",Speedwayr-15-32-c2,"3,043417883165112",
2025-07-25T14:05:05.9756890+03:00,A70000000000000000000000,,1,"-65,5","865,7",Speedwayr-15-32-c2,"5,45483568172134",
2025-07-25T14:05:05.9777870+03:00,A20000000000000000000000,,1,-60,"865,7",Speedwayr-15-32-c2,"6,056156150572511",
2025-07-25T14:05:05.9930740+03:00,A70000000000000000000000,,1,-65,"865,7",Speedwayr-15-32-c2,"5,313709449235861",
2025-07-25T14:05:05.9950110+03:00,A60000000000000000000000,,1,"-59,5","865,7",Speedwayr-15-32-c2,"5,049864753719531",
2025-07-25T14:05:05.9987690+03:00,A20000000000000000000000,,1,-59,"865,7",Speedwayr-15-32-c2,"6,092971689481767",
2025-07-25T14:05:06.0031260+03:00,A30000000000000000000000,,1,-66,"865,7",Speedwayr-15-32-c2,"3,313398501832985",
2025-07-25T14:05:06.0131520+03:00,A40000000000000000000000,,1,-69,"865,7",Speedwayr-15-32-c2,"3,2397674240144743",
2025-07-25T14:05:06.0288640+03:00,A70000000000000000000000,,1,"-63,5","865,7",Speedwayr-15-32-c2,"5,651185222570702",
2025-07-25T14:05:06.0318270+03:00,A60000000000000000000000,,1,-60,"865,7",Speedwayr-15-32-c2,"5,074408446325701",
2025-07-25T14:05:06.0340230+03:00,A20000000000000000000000,,1,-60,"865,7",Speedwayr-15-32-c2,"6,117515382087937",
2025-07-25T14:05:06.0361460+03:00,A30000000000000000000000,,1,"-65,5","865,7",Speedwayr-15-32-c2,"3,6079228131070282",
2025-07-25T14:05:06.0410430+03:00,A40000000000000000000000,,1,-68,"865,7",Speedwayr-15-32-c2,"3,1231848841351653",
2025-07-25T14:05:06.0543500+03:00,A20000000000000000000000,,1,-60,"865,7",Speedwayr-15-32-c2,"6,135923151542564",
2025-07-25T14:05:06.0554600+03:00,A60000000000000000000000,,1,"-59,5","865,7",Speedwayr-15-32-c2,"5,178719139901925",
2025-07-25T14:05:06.0573090+03:00,A30000000000000000000000,,1,"-65,5","865,7",Speedwayr-15-32-c2,"3,411573272257666",
2025-07-25T14:05:06.0618100+03:00,A70000000000000000000000,,1,"-64,5","865,7",Speedwayr-15-32-c2,"5,632777453116074",
2025-07-25T14:05:06.0638820+03:00,A40000000000000000000000,,1,-67,"865,7",Speedwayr-15-32-c2,"3,074097498922825",
2025-07-25T14:05:06.0802270+03:00,A60000000000000000000000,,1,-60,"865,7",Speedwayr-15-32-c2,"5,203262832508095",
2025-07-25T14:05:06.0815830+03:00,A40000000000000000000000,,1,"-69,5","865,7",Speedwayr-15-32-c2,"3,4606606574700063",
2025-07-25T14:05:06.0826400+03:00,A70000000000000000000000,,1,"-65,5","865,7",Speedwayr-15-32-c2,"5,516194913236766",
2025-07-25T14:05:06.0845600+03:00,A20000000000000000000000,,1,"-60,5","865,7",Speedwayr-15-32-c2,"6,240233845118788",
2025-07-25T14:05:06.0867390+03:00,A30000000000000000000000,,1,-65,"865,7",Speedwayr-15-32-c2,"3,442252888015379",
2025-07-25T14:05:06.1041970+03:00,A20000000000000000000000,,1,-61,"865,7",Speedwayr-15-32-c2,"6,270913460876501",
2025-07-25T14:05:06.1059250+03:00,A60000000000000000000000,,1,-60,"865,7",Speedwayr-15-32-c2,"5,338253141842031",
2025-07-25T14:05:06.1104860+03:00,A70000000000000000000000,,1,-65,"865,7",Speedwayr-15-32-c2,"5,546874528994478",
2025-07-25T14:05:06.1140800+03:00,A40000000000000000000000,,1,-69,"865,7",Speedwayr-15-32-c2,"3,160000423044421",
2025-07-25T14:05:06.1293790+03:00,A60000000000000000000000,,1,-60,"865,7",Speedwayr-15-32-c2,"5,270757987175063",
2025-07-25T14:05:06.1319870+03:00,A20000000000000000000000,,1,-60,"865,7",Speedwayr-15-32-c2,"6,227961998815704",
2025-07-25T14:05:06.1342150+03:00,A30000000000000000000000,,1,"-65,5","865,7",Speedwayr-15-32-c2,"3,399301425954581",
2025-07-25T14:05:06.1387490+03:00,A70000000000000000000000,,1,-64,"865,7",Speedwayr-15-32-c2,"5,540738605842936",
2025-07-25T14:05:06.1421730+03:00,A40000000000000000000000,,1,-67,"865,7",Speedwayr-15-32-c2,"3,129320807286708",
2025-07-25T14:05:06.1596960+03:00,A60000000000000000000000,,1,-60,"865,7",Speedwayr-15-32-c2,"5,264622064023521",
2025-07-25T14:05:06.1611510+03:00,A70000000000000000000000,,1,-65,"865,7",Speedwayr-15-32-c2,"5,595961914206819",
2025-07-25T14:05:06.1622220+03:00,A20000000000000000000000,,1,-61,"865,7",Speedwayr-15-32-c2,"0,12885438618239387",
2025-07-25T14:05:06.1635630+03:00,A30000000000000000000000,,1,"-65,5","865,7",Speedwayr-15-32-c2,"3,399301425954581",
2025-07-25T14:05:06.1817770+03:00,A40000000000000000000000,,1,"-67,5","865,7",Speedwayr-15-32-c2,"0,07669903939428206",
2025-07-25T14:05:06.1896780+03:00,A20000000000000000000000,,1,-60,"865,7",Speedwayr-15-32-c2,"0,02454369260617026",
2025-07-25T14:05:06.1928340+03:00,A60000000000000000000000,,1,-60,"865,7",Speedwayr-15-32-c2,"5,289165756629691",
2025-07-25T14:05:06.1951250+03:00,A30000000000000000000000,,1,-66,"865,7",Speedwayr-15-32-c2,"3,3502140407422405",
2025-07-25T14:05:06.1997380+03:00,A70000000000000000000000,,1,-65,"865,7",Speedwayr-15-32-c2,"5,7616318392984684",
2025-07-25T14:05:06.2047990+03:00,A40000000000000000000000,,1,-68,"865,7",Speedwayr-15-32-c2,"3,2090878082567613",
2025-07-25T14:05:06.2188280+03:00,A60000000000000000000000,,1,-60,"865,7",Speedwayr-15-32-c2,"5,3198453723874035",
2025-07-25T14:05:06.2204090+03:00,A40000000000000000000000,,1,-68,"865,7",Speedwayr-15-32-c2,"3,0066023442558567",
2025-07-25T14:05:06.2228690+03:00,A20000000000000000000000,,1,-60,"865,7",Speedwayr-15-32-c2,"6,215690152512618",
2025-07-25T14:05:06.2243400+03:00,A70000000000000000000000,,1,"-64,5","865,7",Speedwayr-15-32-c2,"5,810719224510809",
2025-07-25T14:05:06.2263070+03:00,A30000000000000000000000,,1,"-65,5","865,7",Speedwayr-15-32-c2,"3,54042765844006",
2025-07-25T14:05:06.2447340+03:00,A20000000000000000000000,,1,"-59,5","865,7",Speedwayr-15-32-c2,"6,19728238305799",
2025-07-25T14:05:06.2481530+03:00,A60000000000000000000000,,1,-60,"865,7",Speedwayr-15-32-c2,"5,381204603902829",
2025-07-25T14:05:06.2537380+03:00,A30000000000000000000000,,1,"-66,5","865,7",Speedwayr-15-32-c2,"3,773592738198677",
2025-07-25T14:05:06.2547920+03:00,A70000000000000000000000,,1,-64,"865,7",Speedwayr-15-32-c2,"5,749359992995383",
2025-07-25T14:05:06.2608620+03:00,A40000000000000000000000,,1,-68,"865,7",Speedwayr-15-32-c2,"3,06182565261974",
2025-07-25T14:05:06.2747160+03:00,A20000000000000000000000,,1,"-60,5","865,7",Speedwayr-15-32-c2,"6,166602767300278",
2025-07-25T14:05:06.2769410+03:00,A60000000000000000000000,,1,"-58,5","865,7",Speedwayr-15-32-c2,"5,3198453723874035",
2025-07-25T14:05:06.2801730+03:00,A70000000000000000000000,,1,"-64,5","865,7",Speedwayr-15-32-c2,"6,215690152512618",
2025-07-25T14:05:06.2823040+03:00,A40000000000000000000000,,1,"-68,5","865,7",Speedwayr-15-32-c2,"2,705942109830271",
2025-07-25T14:05:06.2996250+03:00,A60000000000000000000000,,1,-60,"865,7",Speedwayr-15-32-c2,"5,307573526084319",
2025-07-25T14:05:06.3014050+03:00,A30000000000000000000000,,1,-67,"865,7",Speedwayr-15-32-c2,"3,3440781175906977",
2025-07-25T14:05:06.3052370+03:00,A20000000000000000000000,,1,-60,"865,7",Speedwayr-15-32-c2,"6,129787228391022",
2025-07-25T14:05:06.3090100+03:00,A70000000000000000000000,,1,"-63,5","865,7",Speedwayr-15-32-c2,"5,712544454086128",
2025-07-25T14:05:06.3129640+03:00,A40000000000000000000000,,1,-68,"865,7",Speedwayr-15-32-c2,"3,153864499892878",
2025-07-25T14:05:06.3261490+03:00,A20000000000000000000000,,1,"-60,5","865,7",Speedwayr-15-32-c2,"5,927301764390117",
2025-07-25T14:05:06.3291490+03:00,A60000000000000000000000,,1,-59,"865,7",Speedwayr-15-32-c2,"5,2768939103266055",
2025-07-25T14:05:06.3325710+03:00,A40000000000000000000000,,1,-68,"865,7",Speedwayr-15-32-c2,"3,3379421944391554",
2025-07-25T14:05:06.3337540+03:00,A70000000000000000000000,,1,-65,"865,7",Speedwayr-15-32-c2,"5,681864838328415",
2025-07-25T14:05:06.3361410+03:00,A30000000000000000000000,,1,-65,"865,7",Speedwayr-15-32-c2,"3,2213596545598464",
2025-07-25T14:05:06.3529950+03:00,A70000000000000000000000,,1,-65,"865,7",Speedwayr-15-32-c2,"5,8045833013592665",
2025-07-25T14:05:06.3541080+03:00,A30000000000000000000000,,1,-67,"865,7",Speedwayr-15-32-c2,"3,08636934522591",
2025-07-25T14:05:06.3568690+03:00,A60000000000000000000000,,1,-59,"865,7",Speedwayr-15-32-c2,"5,620505606812989",
2025-07-25T14:05:06.3587780+03:00,A20000000000000000000000,,1,"-60,5","865,7",Speedwayr-15-32-c2,"6,000932842208628",
2025-07-25T14:05:06.3620000+03:00,A40000000000000000000000,,1,-66,"865,7",Speedwayr-15-32-c2,"3,3072625786814425",
2025-07-25T14:05:06.3742210+03:00,A60000000000000000000000,,1,-59,"865,7",Speedwayr-15-32-c2,"5,227806525114265",
2025-07-25T14:05:06.3752950+03:00,A20000000000000000000000,,1,-61,"865,7",Speedwayr-15-32-c2,"6,105243535784852",
2025-07-25T14:05:06.3795370+03:00,A70000000000000000000000,,1,"-65,5","865,7",Speedwayr-15-32-c2,"5,706408530934585",
2025-07-25T14:05:06.3812050+03:00,A40000000000000000000000,,1,"-65,5","865,7",Speedwayr-15-32-c2,"3,031146036862027",
2025-07-25T14:05:06.3841480+03:00,A30000000000000000000000,,1,-67,"865,7",Speedwayr-15-32-c2,"3,104777114680538",
2025-07-25T14:05:06.4081340+03:00,A70000000000000000000000,,1,-65,"865,7",Speedwayr-15-32-c2,"5,767767762450011",
2025-07-25T14:05:06.4092750+03:00,A60000000000000000000000,,1,-59,"865,7",Speedwayr-15-32-c2,"5,062136600022616",
2025-07-25T14:05:06.4126290+03:00,A30000000000000000000000,,1,-67,"865,7",Speedwayr-15-32-c2,"2,8961557275280905",
2025-07-25T14:05:06.4158990+03:00,A20000000000000000000000,,1,"-58,5","865,7",Speedwayr-15-32-c2,"5,884350302329319",
2025-07-25T14:05:06.4201170+03:00,A40000000000000000000000,,1,"-65,5","865,7",Speedwayr-15-32-c2,"2,9391071895888885",
2025-07-25T14:05:06.4389840+03:00,A60000000000000000000000,,1,-58,"865,7",Speedwayr-15-32-c2,"5,246214294568893",
2025-07-25T14:05:06.4403050+03:00,A30000000000000000000000,,1,-64,"865,7",Speedwayr-15-32-c2,"2,6813984172241008",
2025-07-25T14:05:06.4413580+03:00,A20000000000000000000000,,1,-59,"865,7",Speedwayr-15-32-c2,"5,872078456026235",
2025-07-25T14:05:06.4429100+03:00,A70000000000000000000000,,1,-65,"865,7",Speedwayr-15-32-c2,"5,7616318392984684",
2025-07-25T14:05:06.4448670+03:00,A40000000000000000000000,,1,-67,"865,7",Speedwayr-15-32-c2,"2,9022916506796332",
2025-07-25T14:05:06.4609770+03:00,A40000000000000000000000,,1,"-65,5","865,7",Speedwayr-15-32-c2,"3,018874190558942",
2025-07-25T14:05:06.4645640+03:00,A60000000000000000000000,,1,"-58,5","865,7",Speedwayr-15-32-c2,"5,184855063053467",
2025-07-25T14:05:06.4692860+03:00,A70000000000000000000000,,1,"-64,5","865,7",Speedwayr-15-32-c2,"5,810719224510809",
2025-07-25T14:05:06.4704090+03:00,A20000000000000000000000,,1,-60,"865,7",Speedwayr-15-32-c2,"5,872078456026235",
2025-07-25T14:05:06.4714940+03:00,A30000000000000000000000,,1,-65,"865,7",Speedwayr-15-32-c2,"2,834796496012665",
2025-07-25T14:05:06.4866650+03:00,A70000000000000000000000,,1,-65,"865,7",Speedwayr-15-32-c2,"5,8045833013592665",
2025-07-25T14:05:06.4920820+03:00,A20000000000000000000000,,1,"-60,5","865,7",Speedwayr-15-32-c2,"5,878214379177777",
2025-07-25T14:05:06.4933770+03:00,A30000000000000000000000,,1,"-65,5","865,7",Speedwayr-15-32-c2,"2,84706834231575",
2025-07-25T14:05:06.4944590+03:00,A60000000000000000000000,,1,"-58,5","865,7",Speedwayr-15-32-c2,"5,105088062083414",
2025-07-25T14:05:06.5020850+03:00,A40000000000000000000000,,1,-66,"865,7",Speedwayr-15-32-c2,"2,8961557275280905",
2025-07-25T14:05:06.5183740+03:00,A20000000000000000000000,,1,-59,"865,7",Speedwayr-15-32-c2,"5,976389149602458",
2025-07-25T14:05:06.5199990+03:00,A70000000000000000000000,,1,"-62,5","865,7",Speedwayr-15-32-c2,"5,8045833013592665",
2025-07-25T14:05:06.5211260+03:00,A60000000000000000000000,,1,-59,"865,7",Speedwayr-15-32-c2,"5,0682725231741586",
2025-07-25T14:05:06.5247000+03:00,A30000000000000000000000,,1,-66,"865,7",Speedwayr-15-32-c2,"2,705942109830271",
2025-07-25T14:05:06.5295340+03:00,A40000000000000000000000,,1,"-63,5","865,7",Speedwayr-15-32-c2,"2,9697868053466014",
2025-07-25T14:05:06.5427220+03:00,A30000000000000000000000,,1,-66,"865,7",Speedwayr-15-32-c2,"2,82252464970958",
2025-07-25T14:05:06.5449440+03:00,A70000000000000000000000,,1,"-63,5","865,7",Speedwayr-15-32-c2,"5,810719224510809",
2025-07-25T14:05:06.5474530+03:00,A60000000000000000000000,,1,-58,"865,7",Speedwayr-15-32-c2,"5,049864753719531",
2025-07-25T14:05:06.5490180+03:00,A20000000000000000000000,,1,-61,"865,7",Speedwayr-15-32-c2,"5,921165841238575",
2025-07-25T14:05:06.5528380+03:00,A40000000000000000000000,,1,"-65,5","865,7",Speedwayr-15-32-c2,"2,9820586516496865",
2025-07-25T14:05:06.5721560+03:00,A60000000000000000000000,,1,"-58,5","865,7",Speedwayr-15-32-c2,"5,129631754689584",
2025-07-25T14:05:06.5744580+03:00,A40000000000000000000000,,1,"-65,5","865,7",Speedwayr-15-32-c2,"2,890019804376548",
2025-07-25T14:05:06.5760530+03:00,A20000000000000000000000,,1,-61,"865,7",Speedwayr-15-32-c2,"5,9518454569962875",
2025-07-25T14:05:06.5826900+03:00,A70000000000000000000000,,1,-65,"865,7",Speedwayr-15-32-c2,"5,8045833013592665",
2025-07-25T14:05:06.5894000+03:00,A30000000000000000000000,,1,"-65,5","865,7",Speedwayr-15-32-c2,"5,829126993965437",
2025-07-25T14:05:06.5946840+03:00,A60000000000000000000000,,1,-59,"865,7",Speedwayr-15-32-c2,"5,135767677841127",
2025-07-25T14:05:06.5965680+03:00,A30000000000000000000000,,1,-66,"865,7",Speedwayr-15-32-c2,"2,3930100291016",
2025-07-25T14:05:06.6009500+03:00,A70000000000000000000000,,1,-64,"865,7",Speedwayr-15-32-c2,"5,853670686571607",
2025-07-25T14:05:06.6029280+03:00,A20000000000000000000000,,1,"-59,5","865,7",Speedwayr-15-32-c2,"5,988660995905543",
2025-07-25T14:05:06.6042360+03:00,A40000000000000000000000,,1,-66,"865,7",Speedwayr-15-32-c2,"2,9329712664373457",
2025-07-25T14:05:06.6221270+03:00,A70000000000000000000000,,1,"-65,5","865,7",Speedwayr-15-32-c2,"5,859806609723149",
2025-07-25T14:05:06.6238380+03:00,A60000000000000000000000,,1,-59,"865,7",Speedwayr-15-32-c2,"5,117359908386499",
2025-07-25T14:05:06.6281080+03:00,A20000000000000000000000,,1,-61,"865,7",Speedwayr-15-32-c2,"5,957981380147831",
2025-07-25T14:05:06.6320830+03:00,A30000000000000000000000,,1,"-66,5","865,7",Speedwayr-15-32-c2,"2,6813984172241008",
2025-07-25T14:05:06.6331520+03:00,A40000000000000000000000,,1,"-65,5","865,7",Speedwayr-15-32-c2,"2,8838838812250054",
2025-07-25T14:05:06.6451160+03:00,A40000000000000000000000,,1,"-64,5","865,7",Speedwayr-15-32-c2,"2,9145634969827183",
2025-07-25T14:05:06.6464820+03:00,A20000000000000000000000,,1,-60,"865,7",Speedwayr-15-32-c2,"5,859806609723149",
2025-07-25T14:05:06.6513750+03:00,A60000000000000000000000,,1,"-58,5","865,7",Speedwayr-15-32-c2,"5,184855063053467",
2025-07-25T14:05:06.6524990+03:00,A70000000000000000000000,,1,-64,"865,7",Speedwayr-15-32-c2,"5,835262917116979",
2025-07-25T14:05:06.6542780+03:00,A30000000000000000000000,,1,-66,"865,7",Speedwayr-15-32-c2,"2,5770877236478773",
2025-07-25T14:05:06.6807630+03:00,A20000000000000000000000,,1,"-60,5","865,7",Speedwayr-15-32-c2,"5,859806609723149",
2025-07-25T14:05:06.6819490+03:00,A30000000000000000000000,,1,"-65,5","865,7",Speedwayr-15-32-c2,"2,675262494072558",
2025-07-25T14:05:06.6848820+03:00,A70000000000000000000000,,1,-64,"865,7",Speedwayr-15-32-c2,"6,074563920027139",
2025-07-25T14:05:06.6863620+03:00,A60000000000000000000000,,1,-59,"865,7",Speedwayr-15-32-c2,"5,258486140871978",
2025-07-25T14:05:06.6915980+03:00,A40000000000000000000000,,1,"-65,5","865,7",Speedwayr-15-32-c2,"2,988194574801229",
2025-07-25T14:05:06.7074870+03:00,A60000000000000000000000,,1,-59,"865,7",Speedwayr-15-32-c2,"5,3198453723874035",
2025-07-25T14:05:06.7102750+03:00,A40000000000000000000000,,1,"-64,5","865,7",Speedwayr-15-32-c2,"3,043417883165112",
2025-07-25T14:05:06.7121980+03:00,A30000000000000000000000,,1,-67,"865,7",Speedwayr-15-32-c2,"2,779573187648782",
2025-07-25T14:05:06.7132690+03:00,A20000000000000000000000,,1,-61,"865,7",Speedwayr-15-32-c2,"5,6941366846315",
2025-07-25T14:05:06.7145820+03:00,A70000000000000000000000,,1,-65,"865,7",Speedwayr-15-32-c2,"6,074563920027139",
2025-07-25T14:05:06.7352340+03:00,A80000000000000000000000,,1,"-74,5","865,7",Speedwayr-15-32-c2,"0,14112623248547898",
2025-07-25T14:05:06.7406200+03:00,A20000000000000000000000,,1,"-59,5","865,7",Speedwayr-15-32-c2,"5,816855147662351",
2025-07-25T14:05:06.7442140+03:00,A70000000000000000000000,,1,"-64,5","865,7",Speedwayr-15-32-c2,"6,007068765360171",
2025-07-25T14:05:06.7467310+03:00,A40000000000000000000000,,1,-65,"865,7",Speedwayr-15-32-c2,"2,9759227284981438",
2025-07-25T14:05:06.7482100+03:00,A30000000000000000000000,,1,-67,"865,7",Speedwayr-15-32-c2,"2,650718801466388",
2025-07-25T14:05:06.7493190+03:00,A60000000000000000000000,,1,"-59,5","865,7",Speedwayr-15-32-c2,"5,344389064993574",
2025-07-25T14:05:06.7647400+03:00,A70000000000000000000000,,1,"-65,5","865,7",Speedwayr-15-32-c2,"6,191146459906448",
2025-07-25T14:05:06.7665870+03:00,A40000000000000000000000,,1,"-64,5","865,7",Speedwayr-15-32-c2,"3,018874190558942",
2025-07-25T14:05:06.7686530+03:00,A20000000000000000000000,,1,-61,"865,7",Speedwayr-15-32-c2,"5,755495916146925",
2025-07-25T14:05:06.7716200+03:00,A60000000000000000000000,,1,-59,"865,7",Speedwayr-15-32-c2,"5,375068680751287",
2025-07-25T14:05:06.7727190+03:00,A30000000000000000000000,,1,-66,"865,7",Speedwayr-15-32-c2,"2,552544031041707",
2025-07-25T14:05:06.7912040+03:00,A60000000000000000000000,,1,-58,"865,7",Speedwayr-15-32-c2,"5,368932757599744",
2025-07-25T14:05:06.7922770+03:00,A20000000000000000000000,,1,"-60,5","865,7",Speedwayr-15-32-c2,"5,822991070813893",
2025-07-25T14:05:06.7962980+03:00,A70000000000000000000000,,1,-63,"865,7",Speedwayr-15-32-c2,"0,0859029241215959",
2025-07-25T14:05:06.8047710+03:00,A30000000000000000000000,,1,-67,"865,7",Speedwayr-15-32-c2,"5,899690110208176",
2025-07-25T14:05:06.8078310+03:00,A40000000000000000000000,,1,"-64,5","865,7",Speedwayr-15-32-c2,"6,237165883543017",
2025-07-25T14:05:06.8147190+03:00,A60000000000000000000000,,1,"-58,5","865,7",Speedwayr-15-32-c2,"5,338253141842031",
2025-07-25T14:05:06.8158200+03:00,A20000000000000000000000,,1,-61,"865,7",Speedwayr-15-32-c2,"5,786175531904639",
2025-07-25T14:05:06.8168870+03:00,A40000000000000000000000,,1,-65,"865,7",Speedwayr-15-32-c2,"3,3440781175906977",
2025-07-25T14:05:06.8216840+03:00,A70000000000000000000000,,1,"-65,5","865,7",Speedwayr-15-32-c2,"6,240233845118788",
2025-07-25T14:05:06.8227780+03:00,A30000000000000000000000,,1,-67,"865,7",Speedwayr-15-32-c2,"2,9145634969827183",
2025-07-25T14:05:06.8413220+03:00,A60000000000000000000000,,1,"-59,5","865,7",Speedwayr-15-32-c2,"5,6573211457222445",
2025-07-25T14:05:06.8442840+03:00,A40000000000000000000000,,1,"-65,5","865,7",Speedwayr-15-32-c2,"2,9513790358919736",
2025-07-25T14:05:06.8464780+03:00,A70000000000000000000000,,1,-63,"865,7",Speedwayr-15-32-c2,"6,12365130523948",
2025-07-25T14:05:06.8475350+03:00,A20000000000000000000000,,1,-60,"865,7",Speedwayr-15-32-c2,"5,66959299202533",
2025-07-25T14:05:06.8516590+03:00,A30000000000000000000000,,1,-67,"865,7",Speedwayr-15-32-c2,"2,9145634969827183",
2025-07-25T14:05:06.8646540+03:00,A30000000000000000000000,,1,-66,"865,7",Speedwayr-15-32-c2,"2,7857091108003242",
2025-07-25T14:05:06.8673370+03:00,A60000000000000000000000,,1,-59,"865,7",Speedwayr-15-32-c2,"5,497787143782138",
2025-07-25T14:05:06.8713570+03:00,A20000000000000000000000,,1,-60,"865,7",Speedwayr-15-32-c2,"5,595961914206819",
2025-07-25T14:05:06.8738960+03:00,A70000000000000000000000,,1,"-64,5","865,7",Speedwayr-15-32-c2,"6,234097921967246",
2025-07-25T14:05:06.8753660+03:00,A40000000000000000000000,,1,"-64,5","865,7",Speedwayr-15-32-c2,"3,0372819600135696",
2025-07-25T14:05:06.8944720+03:00,A80000000000000000000000,,1,-73,"865,7",Speedwayr-15-32-c2,"0,3528155812136975",
2025-07-25T14:05:06.9008590+03:00,A60000000000000000000000,,1,-59,"865,7",Speedwayr-15-32-c2,"5,497787143782138",
2025-07-25T14:05:06.9025940+03:00,A40000000000000000000000,,1,-64,"865,7",Speedwayr-15-32-c2,"3,215223731408304",
2025-07-25T14:05:06.9042080+03:00,A20000000000000000000000,,1,-60,"865,7",Speedwayr-15-32-c2,"5,743224069843841",
2025-07-25T14:05:06.9053220+03:00,A30000000000000000000000,,1,"-67,5","865,7",Speedwayr-15-32-c2,"2,9084275738311756",
2025-07-25T14:05:06.9103200+03:00,A70000000000000000000000,,1,-64,"865,7",Speedwayr-15-32-c2,"5,902758071783947",
2025-07-25T14:05:06.9530720+03:00,A80000000000000000000000,,1,-73,"865,7",Speedwayr-15-32-c2,"3,2735150013479584",
2025-07-25T14:05:06.9580050+03:00,A20000000000000000000000,,1,-60,"865,7",Speedwayr-15-32-c2,"5,786175531904639",
2025-07-25T14:05:06.9594100+03:00,A60000000000000000000000,,1,-59,"865,7",Speedwayr-15-32-c2,"5,5100589900852235",
2025-07-25T14:05:06.9607380+03:00,A70000000000000000000000,,1,"-64,5","865,7",Speedwayr-15-32-c2,"0,19634954084936207",
2025-07-25T14:05:06.9628260+03:00,A30000000000000000000000,,1,-67,"865,7",Speedwayr-15-32-c2,"3,2765829629237295",
2025-07-25T14:05:06.9720190+03:00,A40000000000000000000000,,1,-65,"865,7",Speedwayr-15-32-c2,"3,2090878082567613",
2025-07-25T14:05:06.9907830+03:00,A20000000000000000000000,,1,-60,"865,7",Speedwayr-15-32-c2,"5,822991070813893",
2025-07-25T14:05:06.9918930+03:00,A60000000000000000000000,,1,-60,"865,7",Speedwayr-15-32-c2,"5,497787143782138",
2025-07-25T14:05:06.9929340+03:00,A70000000000000000000000,,1,"-63,5","865,7",Speedwayr-15-32-c2,"6,234097921967246",
2025-07-25T14:05:07.0016430+03:00,A30000000000000000000000,,1,"-67,5","865,7",Speedwayr-15-32-c2,"2,767301341345697",
2025-07-25T14:05:07.1326280+03:00,A20000000000000000000000,,1,-61,"865,7",Speedwayr-15-32-c2,"5,976389149602458",
2025-07-25T14:05:07.1338820+03:00,A30000000000000000000000,,1,-66,"865,7",Speedwayr-15-32-c2,"3,0495538063166547",
2025-07-25T14:05:07.1352520+03:00,A60000000000000000000000,,1,-59,"865,7",Speedwayr-15-32-c2,"5,460971604872882",
2025-07-25T14:05:07.1387860+03:00,A70000000000000000000000,,1,"-62,5","865,7",Speedwayr-15-32-c2,"6,166602767300278",
2025-07-25T14:05:07.1418560+03:00,A40000000000000000000000,,1,"-65,5","865,7",Speedwayr-15-32-c2,"3,6017868899554855",
2025-07-25T14:05:07.1547490+03:00,A30000000000000000000000,,1,"-67,5","865,7",Speedwayr-15-32-c2,"3,0066023442558567",
2025-07-25T14:05:07.1591870+03:00,A20000000000000000000000,,1,"-60,5","865,7",Speedwayr-15-32-c2,"6,050020227420969",
2025-07-25T14:05:07.1626210+03:00,A60000000000000000000000,,1,-59,"865,7",Speedwayr-15-32-c2,"5,344389064993574",
2025-07-25T14:05:07.1639200+03:00,A70000000000000000000000,,1,-65,"865,7",Speedwayr-15-32-c2,"6,031612457966341",
2025-07-25T14:05:07.1702760+03:00,A40000000000000000000000,,1,"-65,5","865,7",Speedwayr-15-32-c2,"3,5833791205008576",
2025-07-25T14:05:07.2030760+03:00,A80000000000000000000000,,1,-74,"865,7",Speedwayr-15-32-c2,"0,08897088569736719",
2025-07-25T14:05:07.2071700+03:00,A60000000000000000000000,,1,"-58,5","865,7",Speedwayr-15-32-c2,"5,338253141842031",
2025-07-25T14:05:07.2085940+03:00,A20000000000000000000000,,1,-59,"865,7",Speedwayr-15-32-c2,"5,964117303299373",
2025-07-25T14:05:07.2112860+03:00,A40000000000000000000000,,1,-65,"865,7",Speedwayr-15-32-c2,"3,5036121195308043",
2025-07-25T14:05:07.2129980+03:00,A30000000000000000000000,,1,"-67,5","865,7",Speedwayr-15-32-c2,"3,2397674240144743",
2025-07-25T14:05:07.2140960+03:00,A70000000000000000000000,,1,-64,"865,7",Speedwayr-15-32-c2,"6,074563920027139",
2025-07-25T14:05:07.2490560+03:00,A20000000000000000000000,,1,-60,"865,7",Speedwayr-15-32-c2,"6,000932842208628",
2025-07-25T14:05:07.2513460+03:00,A60000000000000000000000,,1,-59,"865,7",Speedwayr-15-32-c2,"5,295301679781233",
2025-07-25T14:05:07.2540410+03:00,A70000000000000000000000,,1,"-64,5","865,7",Speedwayr-15-32-c2,"5,994796919057086",
2025-07-25T14:05:07.2617380+03:00,A40000000000000000000000,,1,"-64,5","865,7",Speedwayr-15-32-c2,"3,6017868899554855",
2025-07-25T14:05:07.2628240+03:00,A30000000000000000000000,,1,"-67,5","865,7",Speedwayr-15-32-c2,"3,1784081924990484",
2025-07-25T14:05:07.2743570+03:00,A80000000000000000000000,,1,"-71,5","865,7",Speedwayr-15-32-c2,"6,22182607566416",
2025-07-25T14:05:07.2894500+03:00,A60000000000000000000000,,1,-59,"865,7",Speedwayr-15-32-c2,"5,332117218690489",
2025-07-25T14:05:07.2909480+03:00,A20000000000000000000000,,1,"-60,5","865,7",Speedwayr-15-32-c2,"5,816855147662351",
2025-07-25T14:05:07.2990110+03:00,A70000000000000000000000,,1,-65,"865,7",Speedwayr-15-32-c2,"6,000932842208628",
2025-07-25T14:05:07.3040430+03:00,A30000000000000000000000,,1,"-67,5","865,7",Speedwayr-15-32-c2,"2,8409324191642074",
2025-07-25T14:05:07.3051370+03:00,A40000000000000000000000,,1,"-65,5","865,7",Speedwayr-15-32-c2,"3,810408277107933",
2025-07-25T14:05:07.3254570+03:00,A20000000000000000000000,,1,-60,"865,7",Speedwayr-15-32-c2,"6,025476534814799",
2025-07-25T14:05:07.3265850+03:00,A60000000000000000000000,,1,-59,"865,7",Speedwayr-15-32-c2,"5,473243451175968",
2025-07-25T14:05:07.3297650+03:00,A40000000000000000000000,,1,-65,"865,7",Speedwayr-15-32-c2,"3,6876898140770815",
2025-07-25T14:05:07.3322810+03:00,A30000000000000000000000,,1,"-68,5","865,7",Speedwayr-15-32-c2,"3,436116964863836",
2025-07-25T14:05:07.3333940+03:00,A70000000000000000000000,,1,"-64,5","865,7",Speedwayr-15-32-c2,"6,117515382087937",
2025-07-25T14:05:07.3456180+03:00,A20000000000000000000000,,1,-60,"865,7",Speedwayr-15-32-c2,"6,062292073724054",
2025-07-25T14:05:07.3488440+03:00,A60000000000000000000000,,1,"-58,5","865,7",Speedwayr-15-32-c2,"5,221670601962723",
2025-07-25T14:05:07.3523370+03:00,A70000000000000000000000,,1,-63,"865,7",Speedwayr-15-32-c2,"6,037748381117884",
2025-07-25T14:05:07.3538420+03:00,A40000000000000000000000,,1,"-65,5","865,7",Speedwayr-15-32-c2,"3,5956509668039427",
2025-07-25T14:05:07.3764380+03:00,A60000000000000000000000,,1,"-58,5","865,7",Speedwayr-15-32-c2,"5,313709449235861",
2025-07-25T14:05:07.3795800+03:00,A40000000000000000000000,,1,"-65,5","865,7",Speedwayr-15-32-c2,"3,5772431973493153",
2025-07-25T14:05:07.3827140+03:00,A70000000000000000000000,,1,-64,"865,7",Speedwayr-15-32-c2,"5,859806609723149",
2025-07-25T14:05:07.3861220+03:00,A20000000000000000000000,,1,"-61,5","865,7",Speedwayr-15-32-c2,"6,1420590746941075",
2025-07-25T14:05:07.3920660+03:00,A30000000000000000000000,,1,-66,"865,7",Speedwayr-15-32-c2,"3,3011266555298997",
2025-07-25T14:05:07.4247520+03:00,A80000000000000000000000,,1,"-73,5","865,7",Speedwayr-15-32-c2,"6,145127036269878",
2025-07-25T14:05:07.4315290+03:00,A20000000000000000000000,,1,"-60,5","865,7",Speedwayr-15-32-c2,"6,037748381117884",
2025-07-25T14:05:07.4329010+03:00,A60000000000000000000000,,1,"-58,5","865,7",Speedwayr-15-32-c2,"5,375068680751287",
2025-07-25T14:05:07.4342660+03:00,A70000000000000000000000,,1,"-64,5","865,7",Speedwayr-15-32-c2,"5,915029918087033",
2025-07-25T14:05:07.4415030+03:00,A40000000000000000000000,,1,"-63,5","865,7",Speedwayr-15-32-c2,"3,4054373491061236",
2025-07-25T14:05:07.4650340+03:00,A80000000000000000000000,,1,-73,"865,7",Speedwayr-15-32-c2,"0,1227184630308513",
2025-07-25T14:05:07.4723530+03:00,A20000000000000000000000,,1,-61,"865,7",Speedwayr-15-32-c2,"6,105243535784852",
2025-07-25T14:05:07.4754360+03:00,A60000000000000000000000,,1,"-58,5","865,7",Speedwayr-15-32-c2,"5,3198453723874035",
2025-07-25T14:05:07.4803500+03:00,A70000000000000000000000,,1,"-64,5","865,7",Speedwayr-15-32-c2,"6,031612457966341",
2025-07-25T14:05:07.4822300+03:00,A30000000000000000000000,,1,-68,"865,7",Speedwayr-15-32-c2,"3,2397674240144743",
2025-07-25T14:05:07.4837690+03:00,A40000000000000000000000,,1,"-65,5","865,7",Speedwayr-15-32-c2,"3,6079228131070282",
2025-07-25T14:05:07.4985420+03:00,A60000000000000000000000,,1,-58,"865,7",Speedwayr-15-32-c2,"5,418020142812084",
2025-07-25T14:05:07.5020240+03:00,A70000000000000000000000,,1,"-65,5","865,7",Speedwayr-15-32-c2,"6,000932842208628",
2025-07-25T14:05:07.5033640+03:00,A40000000000000000000000,,1,"-64,5","865,7",Speedwayr-15-32-c2,"3,663146121470911",
2025-07-25T14:05:07.5060960+03:00,A20000000000000000000000,,1,-60,"865,7",Speedwayr-15-32-c2,"6,080699843178682",
2025-07-25T14:05:07.5073120+03:00,A30000000000000000000000,,1,"-67,5","865,7",Speedwayr-15-32-c2,"3,2827188860752723",
2025-07-25T14:05:07.5257720+03:00,A60000000000000000000000,,1,-59,"865,7",Speedwayr-15-32-c2,"5,368932757599744",
2025-07-25T14:05:07.5295940+03:00,A20000000000000000000000,,1,-60,"865,7",Speedwayr-15-32-c2,"5,988660995905543",
2025-07-25T14:05:07.5334240+03:00,A30000000000000000000000,,1,-67,"865,7",Speedwayr-15-32-c2,"3,2336315008629315",
2025-07-25T14:05:07.5348630+03:00,A40000000000000000000000,,1,"-64,5","865,7",Speedwayr-15-32-c2,"3,6263305825616556",
2025-07-25T14:05:07.5404180+03:00,A70000000000000000000000,,1,-65,"865,7",Speedwayr-15-32-c2,"6,252505691421874",
2025-07-25T14:05:07.5732810+03:00,A30000000000000000000000,,1,-67,"865,7",Speedwayr-15-32-c2,"3,1906800388021335",
2025-07-25T14:05:07.5742950+03:00,A20000000000000000000000,,1,"-61,5","865,7",Speedwayr-15-32-c2,"6,1850105367549055",
2025-07-25T14:05:07.5775020+03:00,A60000000000000000000000,,1,"-57,5","865,7",Speedwayr-15-32-c2,"5,283029833478148",
2025-07-25T14:05:07.5806740+03:00,A70000000000000000000000,,1,-65,"865,7",Speedwayr-15-32-c2,"5,988660995905543",
2025-07-25T14:05:07.5826050+03:00,A40000000000000000000000,,1,"-65,5","865,7",Speedwayr-15-32-c2,"3,6017868899554855",
2025-07-25T14:05:07.5977480+03:00,A60000000000000000000000,,1,-58,"865,7",Speedwayr-15-32-c2,"5,283029833478148",
2025-07-25T14:05:07.5996960+03:00,A20000000000000000000000,,1,-59,"865,7",Speedwayr-15-32-c2,"0,07976700097005335",
2025-07-25T14:05:07.6009020+03:00,A70000000000000000000000,,1,-65,"865,7",Speedwayr-15-32-c2,"5,994796919057086",
2025-07-25T14:05:07.6024980+03:00,A40000000000000000000000,,1,"-66,5","865,7",Speedwayr-15-32-c2,"3,6692820446224537",
2025-07-25T14:05:07.6043510+03:00,A30000000000000000000000,,1,"-65,5","865,7",Speedwayr-15-32-c2,"3,2090878082567613",
2025-07-25T14:05:07.6138210+03:00,A80000000000000000000000,,1,-74,"865,7",Speedwayr-15-32-c2,"0,0337475773334841",
2025-07-25T14:05:07.6212430+03:00,A20000000000000000000000,,1,-61,"865,7",Speedwayr-15-32-c2,"0,0674951546669682",
2025-07-25T14:05:07.6226960+03:00,A70000000000000000000000,,1,"-64,5","865,7",Speedwayr-15-32-c2,"5,982525072754001",
2025-07-25T14:05:07.6237800+03:00,A40000000000000000000000,,1,-66,"865,7",Speedwayr-15-32-c2,"3,6079228131070282",
2025-07-25T14:05:07.6267290+03:00,A60000000000000000000000,,1,-57,"865,7",Speedwayr-15-32-c2,"5,3198453723874035",
2025-07-25T14:05:07.6493310+03:00,A20000000000000000000000,,1,"-61,5","865,7",Speedwayr-15-32-c2,"0,04295146206079795",
2025-07-25T14:05:07.6515060+03:00,A30000000000000000000000,,1,-67,"865,7",Speedwayr-15-32-c2,"3,3072625786814425",
2025-07-25T14:05:07.6535260+03:00,A60000000000000000000000,,1,"-58,5","865,7",Speedwayr-15-32-c2,"5,283029833478148",
2025-07-25T14:05:07.6581500+03:00,A70000000000000000000000,,1,-65,"865,7",Speedwayr-15-32-c2,"0,018407769454627694",
2025-07-25T14:05:07.6607260+03:00,A40000000000000000000000,,1,"-65,5","865,7",Speedwayr-15-32-c2,"3,8840393549264434",
2025-07-25T14:05:07.6739060+03:00,A30000000000000000000000,,1,-67,"865,7",Speedwayr-15-32-c2,"3,2336315008629315",
2025-07-25T14:05:07.6757320+03:00,A20000000000000000000000,,1,-60,"865,7",Speedwayr-15-32-c2,"0,09203884727313846",
2025-07-25T14:05:07.6768840+03:00,A60000000000000000000000,,1,-57,"865,7",Speedwayr-15-32-c2,"5,258486140871978",
2025-07-25T14:05:07.6793040+03:00,A70000000000000000000000,,1,"-64,5","865,7",Speedwayr-15-32-c2,"5,939573610693203",
2025-07-25T14:05:07.6818970+03:00,A40000000000000000000000,,1,"-64,5","865,7",Speedwayr-15-32-c2,"3,7429131224409646",
2025-07-25T14:05:07.7020970+03:00,A70000000000000000000000,,1,-65,"865,7",Speedwayr-15-32-c2,"5,822991070813893",
2025-07-25T14:05:07.7051880+03:00,A60000000000000000000000,,1,"-58,5","865,7",Speedwayr-15-32-c2,"5,301437602932776",
2025-07-25T14:05:07.7076240+03:00,A20000000000000000000000,,1,-61,"865,7",Speedwayr-15-32-c2,"0,0674951546669682",
2025-07-25T14:05:07.7119940+03:00,A40000000000000000000000,,1,-66,"865,7",Speedwayr-15-32-c2,"3,5158839658338894",
2025-07-25T14:05:07.7133610+03:00,A30000000000000000000000,,1,"-66,5","865,7",Speedwayr-15-32-c2,"3,2213596545598464",
2025-07-25T14:05:07.7280270+03:00,A60000000000000000000000,,1,-58,"865,7",Speedwayr-15-32-c2,"5,252350217720435",
2025-07-25T14:05:07.7330800+03:00,A30000000000000000000000,,1,-64,"865,7",Speedwayr-15-32-c2,"3,423845118560751",
2025-07-25T14:05:07.7342930+03:00,A20000000000000000000000,,1,"-61,5","865,7",Speedwayr-15-32-c2,"6,264777537724958",
2025-07-25T14:05:07.7406550+03:00,A70000000000000000000000,,1,"-63,5","865,7",Speedwayr-15-32-c2,"5,970253226450915",
2025-07-25T14:05:07.7426160+03:00,A40000000000000000000000,,1,-64,"865,7",Speedwayr-15-32-c2,"3,5711072741977725",
2025-07-25T14:05:07.7602970+03:00,A60000000000000000000000,,1,"-58,5","865,7",Speedwayr-15-32-c2,"5,074408446325701",
2025-07-25T14:05:07.7622340+03:00,A40000000000000000000000,,1,-66,"865,7",Speedwayr-15-32-c2,"3,2520392703175593",
2025-07-25T14:05:07.7638280+03:00,A20000000000000000000000,,1,-61,"865,7",Speedwayr-15-32-c2,"0,04295146206079795",
2025-07-25T14:05:07.7690960+03:00,A70000000000000000000000,,1,-65,"865,7",Speedwayr-15-32-c2,"6,22182607566416",
2025-07-25T14:05:07.7735020+03:00,A30000000000000000000000,,1,-67,"865,7",Speedwayr-15-32-c2,"3,2949907323783574",
2025-07-25T14:05:07.7898860+03:00,A60000000000000000000000,,1,"-58,5","865,7",Speedwayr-15-32-c2,"5,295301679781233",
2025-07-25T14:05:07.7921960+03:00,A70000000000000000000000,,1,"-64,5","865,7",Speedwayr-15-32-c2,"5,976389149602458",
2025-07-25T14:05:07.7937830+03:00,A20000000000000000000000,,1,-60,"865,7",Speedwayr-15-32-c2,"0,04908738521234052",
2025-07-25T14:05:07.7950110+03:00,A30000000000000000000000,,1,"-66,5","865,7",Speedwayr-15-32-c2,"3,1354567304382504",
2025-07-25T14:05:07.8015880+03:00,A40000000000000000000000,,1,"-66,5","865,7",Speedwayr-15-32-c2,"3,6815538909255388",
2025-07-25T14:05:07.8423610+03:00,A70000000000000000000000,,1,-65,"865,7",Speedwayr-15-32-c2,"5,712544454086128",
2025-07-25T14:05:07.8434550+03:00,A20000000000000000000000,,1,"-59,5","865,7",Speedwayr-15-32-c2,"0,07363107781851078",
2025-07-25T14:05:07.8450230+03:00,A30000000000000000000000,,1,"-66,5","865,7",Speedwayr-15-32-c2,"3,160000423044421",
2025-07-25T14:05:07.8464590+03:00,A60000000000000000000000,,1,"-58,5","865,7",Speedwayr-15-32-c2,"5,227806525114265",
2025-07-25T14:05:07.8508360+03:00,A40000000000000000000000,,1,"-63,5","865,7",Speedwayr-15-32-c2,"3,663146121470911",
2025-07-25T14:05:07.8654450+03:00,A20000000000000000000000,,1,"-61,5","865,7",Speedwayr-15-32-c2,"0,03681553890925539",
2025-07-25T14:05:07.8674680+03:00,A60000000000000000000000,,1,"-58,5","865,7",Speedwayr-15-32-c2,"5,368932757599744",
2025-07-25T14:05:07.8703200+03:00,A40000000000000000000000,,1,-65,"865,7",Speedwayr-15-32-c2,"3,5342917352885173",
2025-07-25T14:05:07.8724850+03:00,A30000000000000000000000,,1,-65,"865,7",Speedwayr-15-32-c2,"3,4177091954092087",
2025-07-25T14:05:07.8735700+03:00,A70000000000000000000000,,1,-65,"865,7",Speedwayr-15-32-c2,"5,829126993965437",
2025-07-25T14:05:07.8757140+03:00,A80000000000000000000000,,1,"-73,5","865,7",Speedwayr-15-32-c2,"5,93343768754166",
2025-07-25T14:05:07.8891860+03:00,A20000000000000000000000,,1,-61,"865,7",Speedwayr-15-32-c2,"0,02454369260617026",
2025-07-25T14:05:07.8917010+03:00,A60000000000000000000000,,1,-59,"865,7",Speedwayr-15-32-c2,"5,332117218690489",
2025-07-25T14:05:07.8928160+03:00,A30000000000000000000000,,1,-67,"865,7",Speedwayr-15-32-c2,"3,3072625786814425",
2025-07-25T14:05:07.8943960+03:00,A70000000000000000000000,,1,"-63,5","865,7",Speedwayr-15-32-c2,"5,890486225480862",
2025-07-25T14:05:07.8967590+03:00,A40000000000000000000000,,1,"-65,5","865,7",Speedwayr-15-32-c2,"3,6324665057131984",
2025-07-25T14:05:07.9222650+03:00,A30000000000000000000000,,1,"-66,5","865,7",Speedwayr-15-32-c2,"3,2765829629237295",
2025-07-25T14:05:07.9243890+03:00,A70000000000000000000000,,1,-65,"865,7",Speedwayr-15-32-c2,"6,074563920027139",
2025-07-25T14:05:07.9256440+03:00,A60000000000000000000000,,1,"-58,5","865,7",Speedwayr-15-32-c2,"5,289165756629691",
2025-07-25T14:05:07.9267850+03:00,A20000000000000000000000,,1,-60,"865,7",Speedwayr-15-32-c2,"6,252505691421874",
2025-07-25T14:05:07.9318470+03:00,A40000000000000000000000,,1,-66,"865,7",Speedwayr-15-32-c2,"3,6324665057131984",
2025-07-25T14:05:07.9468200+03:00,A60000000000000000000000,,1,"-58,5","865,7",Speedwayr-15-32-c2,"5,393476450205914",
2025-07-25T14:05:07.9488350+03:00,A40000000000000000000000,,1,-62,"865,7",Speedwayr-15-32-c2,"3,6570101983193686",
2025-07-25T14:05:07.9519570+03:00,A20000000000000000000000,,1,-61,"865,7",Speedwayr-15-32-c2,"6,209554229361076",
2025-07-25T14:05:07.9534680+03:00,A70000000000000000000000,,1,"-64,5","865,7",Speedwayr-15-32-c2,"6,000932842208628",
2025-07-25T14:05:07.9547940+03:00,A30000000000000000000000,,1,-67,"865,7",Speedwayr-15-32-c2,"3,104777114680538",
2025-07-25T14:05:07.9811110+03:00,A60000000000000000000000,,1,-59,"865,7",Speedwayr-15-32-c2,"5,295301679781233",
2025-07-25T14:05:07.9822370+03:00,A70000000000000000000000,,1,"-63,5","865,7",Speedwayr-15-32-c2,"6,154330920997192",
2025-07-25T14:05:07.9849030+03:00,A30000000000000000000000,,1,-67,"865,7",Speedwayr-15-32-c2,"3,215223731408304",
2025-07-25T14:05:07.9860090+03:00,A20000000000000000000000,,1,-60,"865,7",Speedwayr-15-32-c2,"0,006135923151542565",
2025-07-25T14:05:08.0009890+03:00,A40000000000000000000000,,1,"-66,5","865,7",Speedwayr-15-32-c2,"0,6381360077604268",
2025-07-25T14:05:08.0053830+03:00,A70000000000000000000000,,1,-62,"865,7",Speedwayr-15-32-c2,"5,976389149602458",
2025-07-25T14:05:08.0069950+03:00,A60000000000000000000000,,1,"-58,5","865,7",Speedwayr-15-32-c2,"5,381204603902829",
2025-07-25T14:05:08.0126260+03:00,A40000000000000000000000,,1,"-66,5","865,7",Speedwayr-15-32-c2,"3,663146121470911",
2025-07-25T14:05:08.0137230+03:00,A20000000000000000000000,,1,"-61,5","865,7",Speedwayr-15-32-c2,"6,227961998815704",
2025-07-25T14:05:08.0206290+03:00,A30000000000000000000000,,1,-66,"865,7",Speedwayr-15-32-c2,"3,393165502803038",
2025-07-25T14:05:08.0515400+03:00,A70000000000000000000000,,1,-64,"865,7",Speedwayr-15-32-c2,"5,878214379177777",
2025-07-25T14:05:08.0526350+03:00,A20000000000000000000000,,1,-60,"865,7",Speedwayr-15-32-c2,"0,1227184630308513",
2025-07-25T14:05:08.0545750+03:00,A30000000000000000000000,,1,"-66,5","865,7",Speedwayr-15-32-c2,"3,423845118560751",
2025-07-25T14:05:08.0565380+03:00,A60000000000000000000000,,1,-58,"865,7",Speedwayr-15-32-c2,"5,307573526084319",
2025-07-25T14:05:08.0618000+03:00,A40000000000000000000000,,1,-66,"865,7",Speedwayr-15-32-c2,"3,6754179677739964",
2025-07-25T14:05:08.0734960+03:00,A20000000000000000000000,,1,-60,"865,7",Speedwayr-15-32-c2,"0,030679615757712823",
2025-07-25T14:05:08.0750800+03:00,A30000000000000000000000,,1,-67,"865,7",Speedwayr-15-32-c2,"3,442252888015379",
2025-07-25T14:05:08.0793940+03:00,A60000000000000000000000,,1,-58,"865,7",Speedwayr-15-32-c2,"5,350524988145116",
2025-07-25T14:05:08.0816120+03:00,A70000000000000000000000,,1,-65,"865,7",Speedwayr-15-32-c2,"6,074563920027139",
2025-07-25T14:05:08.0916680+03:00,A40000000000000000000000,,1,"-66,5","865,7",Speedwayr-15-32-c2,"3,6140587362585705",
2025-07-25T14:05:08.1139240+03:00,A80000000000000000000000,,1,-74,"865,7",Speedwayr-15-32-c2,"6,14819499784565",
2025-07-25T14:05:08.1189180+03:00,A60000000000000000000000,,1,"-57,5","865,7",Speedwayr-15-32-c2,"5,2768939103266055",
2025-07-25T14:05:08.1223280+03:00,A70000000000000000000000,,1,"-63,5","865,7",Speedwayr-15-32-c2,"5,982525072754001",
2025-07-25T14:05:08.1259070+03:00,A30000000000000000000000,,1,"-64,5","865,7",Speedwayr-15-32-c2,"3,6201946594101133",
2025-07-25T14:05:08.1271440+03:00,A20000000000000000000000,,1,-60,"865,7",Speedwayr-15-32-c2,"0,15339807878856412",
2025-07-25T14:05:08.1298450+03:00,A40000000000000000000000,,1,"-63,5","865,7",Speedwayr-15-32-c2,"3,6447383520162835",
2025-07-25T14:05:08.1523840+03:00,A60000000000000000000000,,1,-58,"865,7",Speedwayr-15-32-c2,"5,283029833478148",
2025-07-25T14:05:08.1594220+03:00,A20000000000000000000000,,1,"-60,5","865,7",Speedwayr-15-32-c2,"0,09203884727313846",
2025-07-25T14:05:08.1617140+03:00,A40000000000000000000000,,1,"-65,5","865,7",Speedwayr-15-32-c2,"3,650874275167826",
2025-07-25T14:05:08.1636920+03:00,A30000000000000000000000,,1,"-65,5","865,7",Speedwayr-15-32-c2,"3,6386024288647407",
2025-07-25T14:05:08.1647800+03:00,A70000000000000000000000,,1,-65,"865,7",Speedwayr-15-32-c2,"6,074563920027139",
2025-07-25T14:05:08.1835370+03:00,A80000000000000000000000,,1,-73,"865,7",Speedwayr-15-32-c2,"6,209554229361076",
2025-07-25T14:05:08.1868210+03:00,A60000000000000000000000,,1,"-57,5","865,7",Speedwayr-15-32-c2,"5,221670601962723",
2025-07-25T14:05:08.1904240+03:00,A20000000000000000000000,,1,-60,"865,7",Speedwayr-15-32-c2,"0,1718058482431918",
2025-07-25T14:05:08.1924030+03:00,A70000000000000000000000,,1,-65,"865,7",Speedwayr-15-32-c2,"6,068427996875596",
2025-07-25T14:05:08.1937310+03:00,A30000000000000000000000,,1,-67,"865,7",Speedwayr-15-32-c2,"3,313398501832985",
2025-07-25T14:05:08.1947820+03:00,A40000000000000000000000,,1,-67,"865,7",Speedwayr-15-32-c2,"3,810408277107933",
2025-07-25T14:05:08.2412560+03:00,A40000000000000000000000,,1,-67,"865,7",Speedwayr-15-32-c2,"3,399301425954581",
2025-07-25T14:05:08.2423230+03:00,A20000000000000000000000,,1,-62,"865,7",Speedwayr-15-32-c2,"0,2699806186678728",
2025-07-25T14:05:08.2447920+03:00,A60000000000000000000000,,1,-58,"865,7",Speedwayr-15-32-c2,"5,135767677841127",
2025-07-25T14:05:08.2471320+03:00,A70000000000000000000000,,1,"-65,5","865,7",Speedwayr-15-32-c2,"6,12365130523948",
2025-07-25T14:05:08.2504080+03:00,A30000000000000000000000,,1,-65,"865,7",Speedwayr-15-32-c2,"3,6815538909255388",
2025-07-25T14:05:08.2636010+03:00,A60000000000000000000000,,1,-58,"865,7",Speedwayr-15-32-c2,"5,227806525114265",
2025-07-25T14:05:08.2694290+03:00,A30000000000000000000000,,1,"-65,5","865,7",Speedwayr-15-32-c2,"3,822680123411018",
2025-07-25T14:05:08.2716050+03:00,A20000000000000000000000,,1,"-60,5","865,7",Speedwayr-15-32-c2,"0,2761165418194154",
2025-07-25T14:05:08.2729740+03:00,A70000000000000000000000,,1,-65,"865,7",Speedwayr-15-32-c2,"6,031612457966341",
2025-07-25T14:05:08.2742690+03:00,A40000000000000000000000,,1,-67,"865,7",Speedwayr-15-32-c2,"3,816544200259475",
2025-07-25T14:05:08.3031530+03:00,A80000000000000000000000,,1,"-73,5","865,7",Speedwayr-15-32-c2,"0,07669903939428206",
2025-07-25T14:05:08.3075270+03:00,A70000000000000000000000,,1,"-62,5","865,7",Speedwayr-15-32-c2,"6,025476534814799",
2025-07-25T14:05:08.3091940+03:00,A20000000000000000000000,,1,-62,"865,7",Speedwayr-15-32-c2,"0,28225246497095796",
2025-07-25T14:05:08.3114530+03:00,A60000000000000000000000,,1,-58,"865,7",Speedwayr-15-32-c2,"5,252350217720435",
2025-07-25T14:05:08.3140860+03:00,A30000000000000000000000,,1,"-66,5","865,7",Speedwayr-15-32-c2,"3,6999616603801666",
2025-07-25T14:05:08.3340210+03:00,A80000000000000000000000,,1,-73,"865,7",Speedwayr-15-32-c2,"0,0521553467881118",
2025-07-25T14:05:08.3403150+03:00,A40000000000000000000000,,1,"-66,5","865,7",Speedwayr-15-32-c2,"3,5895150436524004",
2025-07-25T14:05:08.3413680+03:00,A30000000000000000000000,,1,-66,"865,7",Speedwayr-15-32-c2,"3,847223816017188",
2025-07-25T14:05:08.3432200+03:00,A60000000000000000000000,,1,-58,"865,7",Speedwayr-15-32-c2,"5,141903600992669",
2025-07-25T14:05:08.3448280+03:00,A20000000000000000000000,,1,-61,"865,7",Speedwayr-15-32-c2,"0,37429131224409645",
2025-07-25T14:05:08.3523740+03:00,A70000000000000000000000,,1,"-65,5","865,7",Speedwayr-15-32-c2,"5,964117303299373",
2025-07-25T14:05:08.3632030+03:00,A80000000000000000000000,,1,-71,"865,7",Speedwayr-15-32-c2,"0,1595340019401067",
2025-07-25T14:05:08.3752960+03:00,A60000000000000000000000,,1,-58,"865,7",Speedwayr-15-32-c2,"5,105088062083414",
2025-07-25T14:05:08.3801770+03:00,A70000000000000000000000,,1,"-65,5","865,7",Speedwayr-15-32-c2,"5,927301764390117",
2025-07-25T14:05:08.3815230+03:00,A40000000000000000000000,,1,"-66,5","865,7",Speedwayr-15-32-c2,"3,663146121470911",
2025-07-25T14:05:08.3826230+03:00,A20000000000000000000000,,1,"-62,5","865,7",Speedwayr-15-32-c2,"0,3313398501832985",
2025-07-25T14:05:08.3843030+03:00,A30000000000000000000000,,1,"-65,5","865,7",Speedwayr-15-32-c2,"3,767456815047135",
2025-07-25T14:05:08.4017230+03:00,A80000000000000000000000,,1,-72,"865,7",Speedwayr-15-32-c2,"6,14819499784565",
2025-07-25T14:05:08.4088570+03:00,A20000000000000000000000,,1,-60,"865,7",Speedwayr-15-32-c2,"0,30066023442558565",
2025-07-25T14:05:08.4099360+03:00,A60000000000000000000000,,1,"-58,5","865,7",Speedwayr-15-32-c2,"5,098952138931871",
2025-07-25T14:05:08.4118170+03:00,A40000000000000000000000,,1,-67,"865,7",Speedwayr-15-32-c2,"3,54042765844006",
2025-07-25T14:05:08.4132560+03:00,A30000000000000000000000,,1,"-65,5","865,7",Speedwayr-15-32-c2,"3,6754179677739964",
2025-07-25T14:05:08.4143440+03:00,A70000000000000000000000,,1,"-65,5","865,7",Speedwayr-15-32-c2,"6,14819499784565",
2025-07-25T14:05:08.4247530+03:00,A80000000000000000000000,,1,-71,"865,7",Speedwayr-15-32-c2,"0,25770877236478773",
2025-07-25T14:05:08.4372140+03:00,A20000000000000000000000,,1,-61,"865,7",Speedwayr-15-32-c2,"0,4172427743048944",
2025-07-25T14:05:08.4408340+03:00,A70000000000000000000000,,1,-64,"865,7",Speedwayr-15-32-c2,"6,080699843178682",
2025-07-25T14:05:08.4421850+03:00,A30000000000000000000000,,1,"-66,5","865,7",Speedwayr-15-32-c2,"3,7122335066832517",
2025-07-25T14:05:08.4435240+03:00,A60000000000000000000000,,1,-58,"865,7",Speedwayr-15-32-c2,"5,135767677841127",
2025-07-25T14:05:08.4448500+03:00,A40000000000000000000000,,1,-66,"865,7",Speedwayr-15-32-c2,"3,5895150436524004",
2025-07-25T14:05:08.4643800+03:00,A80000000000000000000000,,1,"-73,5","865,7",Speedwayr-15-32-c2,"6,1420590746941075",
2025-07-25T14:05:08.4750330+03:00,A70000000000000000000000,,1,"-63,5","865,7",Speedwayr-15-32-c2,"6,215690152512618",
2025-07-25T14:05:08.4761820+03:00,A20000000000000000000000,,1,"-58,5","865,7",Speedwayr-15-32-c2,"0,4540583132141498",
2025-07-25T14:05:08.4809100+03:00,A60000000000000000000000,,1,-58,"865,7",Speedwayr-15-32-c2,"5,1725832167503825",
2025-07-25T14:05:08.4827920+03:00,A40000000000000000000000,,1,"-66,5","865,7",Speedwayr-15-32-c2,"3,509748042682347",
2025-07-25T14:05:08.4849600+03:00,A80000000000000000000000,,1,-71,"865,7",Speedwayr-15-32-c2,"0,05522330836388308",
2025-07-25T14:05:08.5005360+03:00,A60000000000000000000000,,1,-58,"865,7",Speedwayr-15-32-c2,"5,178719139901925",
2025-07-25T14:05:08.5016940+03:00,A70000000000000000000000,,1,"-64,5","865,7",Speedwayr-15-32-c2,"6,129787228391022",
2025-07-25T14:05:08.5041540+03:00,A40000000000000000000000,,1,-64,"865,7",Speedwayr-15-32-c2,"3,5711072741977725",
2025-07-25T14:05:08.5054980+03:00,A30000000000000000000000,,1,-64,"865,7",Speedwayr-15-32-c2,"3,6447383520162835",
2025-07-25T14:05:08.5072890+03:00,A20000000000000000000000,,1,"-60,5","865,7",Speedwayr-15-32-c2,"0,4479223900626072",
2025-07-25T14:05:08.5142990+03:00,A80000000000000000000000,,1,-70,"865,7",Speedwayr-15-32-c2,"0,22089323345553233",
2025-07-25T14:05:08.5288550+03:00,A20000000000000000000000,,1,"-60,5","865,7",Speedwayr-15-32-c2,"0,619728238305799",
2025-07-25T14:05:08.5305650+03:00,A60000000000000000000000,,1,"-58,5","865,7",Speedwayr-15-32-c2,"5,160311370447297",
2025-07-25T14:05:08.5317090+03:00,A70000000000000000000000,,1,"-63,5","865,7",Speedwayr-15-32-c2,"6,129787228391022",
2025-07-25T14:05:08.5359830+03:00,A30000000000000000000000,,1,"-66,5","865,7",Speedwayr-15-32-c2,"3,411573272257666",
2025-07-25T14:05:08.5748730+03:00,A80000000000000000000000,,1,"-72,5","865,7",Speedwayr-15-32-c2,"0,0859029241215959",
2025-07-25T14:05:08.5804730+03:00,A70000000000000000000000,,1,"-64,5","865,7",Speedwayr-15-32-c2,"6,191146459906448",
2025-07-25T14:05:08.5820420+03:00,A60000000000000000000000,,1,"-58,5","865,7",Speedwayr-15-32-c2,"5,301437602932776",
2025-07-25T14:05:08.5832940+03:00,A30000000000000000000000,,1,-65,"865,7",Speedwayr-15-32-c2,"3,6140587362585705",
2025-07-25T14:05:08.5868620+03:00,A20000000000000000000000,,1,-61,"865,7",Speedwayr-15-32-c2,"0,6688156235181395",
2025-07-25T14:05:08.5920520+03:00,A40000000000000000000000,,1,-67,"865,7",Speedwayr-15-32-c2,"3,552699504743145",
2025-07-25T14:05:08.6275360+03:00,A80000000000000000000000,,1,"-71,5","865,7",Speedwayr-15-32-c2,"0,32213596545598466",
2025-07-25T14:05:08.6323190+03:00,A40000000000000000000000,,1,-67,"865,7",Speedwayr-15-32-c2,"3,522019888985432",
2025-07-25T14:05:08.6345640+03:00,A20000000000000000000000,,1,"-60,5","865,7",Speedwayr-15-32-c2,"0,5031456984264903",
2025-07-25T14:05:08.6366580+03:00,A70000000000000000000000,,1,"-64,5","865,7",Speedwayr-15-32-c2,"6,22182607566416",
2025-07-25T14:05:08.6380630+03:00,A60000000000000000000000,,1,"-58,5","865,7",Speedwayr-15-32-c2,"5,221670601962723",
2025-07-25T14:05:08.6408540+03:00,A30000000000000000000000,,1,"-65,5","865,7",Speedwayr-15-32-c2,"3,479068426924634",
2025-07-25T14:05:08.6630510+03:00,A80000000000000000000000,,1,"-72,5","865,7",Speedwayr-15-32-c2,"0,10737865515199488",
2025-07-25T14:05:08.6699510+03:00,A20000000000000000000000,,1,-61,"865,7",Speedwayr-15-32-c2,"0,5031456984264903",
2025-07-25T14:05:08.6730580+03:00,A40000000000000000000000,,1,-67,"865,7",Speedwayr-15-32-c2,"3,454524734318464",
2025-07-25T14:05:08.6760560+03:00,A30000000000000000000000,,1,-66,"865,7",Speedwayr-15-32-c2,"3,7981364308048478",
2025-07-25T14:05:08.6771680+03:00,A60000000000000000000000,,1,"-58,5","865,7",Speedwayr-15-32-c2,"5,295301679781233",
2025-07-25T14:05:08.6810040+03:00,A70000000000000000000000,,1,-64,"865,7",Speedwayr-15-32-c2,"0,04295146206079795",
2025-07-25T14:05:08.7016730+03:00,A80000000000000000000000,,1,"-70,5","865,7",Speedwayr-15-32-c2,"0,11351457830353745",
2025-07-25T14:05:08.7080120+03:00,A20000000000000000000000,,1,-61,"865,7",Speedwayr-15-32-c2,"0,4295146206079795",
2025-07-25T14:05:08.7100420+03:00,A60000000000000000000000,,1,"-58,5","865,7",Speedwayr-15-32-c2,"5,246214294568893",
2025-07-25T14:05:08.7119990+03:00,A70000000000000000000000,,1,-65,"865,7",Speedwayr-15-32-c2,"0,05522330836388308",
2025-07-25T14:05:08.7139740+03:00,A40000000000000000000000,,1,"-67,5","865,7",Speedwayr-15-32-c2,"3,356349963893783",
2025-07-25T14:05:08.7161180+03:00,A30000000000000000000000,,1,-66,"865,7",Speedwayr-15-32-c2,"3,6876898140770815",
2025-07-25T14:05:08.7318380+03:00,A20000000000000000000000,,1,-60,"865,7",Speedwayr-15-32-c2,"0,6565437772150544",
2025-07-25T14:05:08.7329610+03:00,A60000000000000000000000,,1,-58,"865,7",Speedwayr-15-32-c2,"5,258486140871978",
2025-07-25T14:05:08.7342760+03:00,A70000000000000000000000,,1,-65,"865,7",Speedwayr-15-32-c2,"6,264777537724958",
2025-07-25T14:05:08.7419590+03:00,A30000000000000000000000,,1,"-65,5","865,7",Speedwayr-15-32-c2,"3,509748042682347",
2025-07-25T14:05:08.7667370+03:00,A30000000000000000000000,,1,"-65,5","865,7",Speedwayr-15-32-c2,"3,5956509668039427",
2025-07-25T14:05:08.7710900+03:00,A60000000000000000000000,,1,"-58,5","865,7",Speedwayr-15-32-c2,"5,283029833478148",
2025-07-25T14:05:08.7721560+03:00,A40000000000000000000000,,1,-66,"865,7",Speedwayr-15-32-c2,"3,54042765844006",
2025-07-25T14:05:08.7732570+03:00,A70000000000000000000000,,1,-65,"865,7",Speedwayr-15-32-c2,"6,19728238305799",
2025-07-25T14:05:08.7743780+03:00,A20000000000000000000000,,1,"-60,5","865,7",Speedwayr-15-32-c2,"0,5645049299419159",
2025-07-25T14:05:08.8018020+03:00,A40000000000000000000000,,1,-67,"865,7",Speedwayr-15-32-c2,"3,5158839658338894",
2025-07-25T14:05:08.8035120+03:00,A20000000000000000000000,,1,"-60,5","865,7",Speedwayr-15-32-c2,"0,5645049299419159",
2025-07-25T14:05:08.8066110+03:00,A70000000000000000000000,,1,"-64,5","865,7",Speedwayr-15-32-c2,"0,21475731030398976",
2025-07-25T14:05:08.8086270+03:00,A60000000000000000000000,,1,"-58,5","865,7",Speedwayr-15-32-c2,"5,295301679781233",
2025-07-25T14:05:08.8119500+03:00,A30000000000000000000000,,1,-66,"865,7",Speedwayr-15-32-c2,"3,6692820446224537",
2025-07-25T14:05:08.8265060+03:00,A20000000000000000000000,,1,-60,"865,7",Speedwayr-15-32-c2,"1,1044661672776617",
2025-07-25T14:05:08.8308640+03:00,A70000000000000000000000,,1,"-64,5","865,7",Speedwayr-15-32-c2,"6,166602767300278",
2025-07-25T14:05:08.8323770+03:00,A60000000000000000000000,,1,"-58,5","865,7",Speedwayr-15-32-c2,"5,325981295538946",
2025-07-25T14:05:08.8337360+03:00,A30000000000000000000000,,1,-65,"865,7",Speedwayr-15-32-c2,"3,5895150436524004",
2025-07-25T14:05:08.8417740+03:00,A40000000000000000000000,,1,-67,"865,7",Speedwayr-15-32-c2,"3,56497135104623",
2025-07-25T14:05:08.8740880+03:00,A80000000000000000000000,,1,-73,"865,7",Speedwayr-15-32-c2,"0,18100973297050565",
2025-07-25T14:05:08.8801200+03:00,A70000000000000000000000,,1,"-63,5","865,7",Speedwayr-15-32-c2,"0,09817477042468103",
2025-07-25T14:05:08.8814590+03:00,A20000000000000000000000,,1,-61,"865,7",Speedwayr-15-32-c2,"0,7853981633974483",
2025-07-25T14:05:08.8835980+03:00,A60000000000000000000000,,1,"-59,5","865,7",Speedwayr-15-32-c2,"5,313709449235861",
2025-07-25T14:05:08.8924010+03:00,A40000000000000000000000,,1,-67,"865,7",Speedwayr-15-32-c2,"3,785864584501762",
2025-07-25T14:05:08.8943260+03:00,A30000000000000000000000,,1,"-65,5","865,7",Speedwayr-15-32-c2,"3,5711072741977725",
2025-07-25T14:05:08.9085230+03:00,A30000000000000000000000,,1,"-65,5","865,7",Speedwayr-15-32-c2,"3,2581751934691017",
2025-07-25T14:05:08.9122960+03:00,A60000000000000000000000,,1,-59,"865,7",Speedwayr-15-32-c2,"5,313709449235861",
2025-07-25T14:05:08.9133990+03:00,A70000000000000000000000,,1,"-64,5","865,7",Speedwayr-15-32-c2,"6,2463697682703305",
2025-07-25T14:05:08.9149790+03:00,A40000000000000000000000,,1,-67,"865,7",Speedwayr-15-32-c2,"3,767456815047135",
2025-07-25T14:05:08.9161440+03:00,A20000000000000000000000,,1,"-60,5","865,7",Speedwayr-15-32-c2,"0,8099418560036186",
2025-07-25T14:05:08.9495280+03:00,A20000000000000000000000,,1,"-60,5","865,7",Speedwayr-15-32-c2,"0,8406214717613314",
2025-07-25T14:05:08.9524940+03:00,A60000000000000000000000,,1,"-58,5","865,7",Speedwayr-15-32-c2,"5,368932757599744",
2025-07-25T14:05:08.9558100+03:00,A40000000000000000000000,,1,-62,"865,7",Speedwayr-15-32-c2,"3,442252888015379",
2025-07-25T14:05:08.9608030+03:00,A70000000000000000000000,,1,"-64,5","865,7",Speedwayr-15-32-c2,"0,01227184630308513",
2025-07-25T14:05:08.9640050+03:00,A30000000000000000000000,,1,"-65,5","865,7",Speedwayr-15-32-c2,"3,80427235395639",
2025-07-25T14:05:09.0034730+03:00,A80000000000000000000000,,1,"-72,5","865,7",Speedwayr-15-32-c2,"0,23930100291016002",
2025-07-25T14:05:09.0081480+03:00,A60000000000000000000000,,1,-59,"865,7",Speedwayr-15-32-c2,"5,460971604872882",
2025-07-25T14:05:09.0093320+03:00,A20000000000000000000000,,1,-62,"865,7",Speedwayr-15-32-c2,"0,8897088569736719",
2025-07-25T14:05:09.0106710+03:00,A70000000000000000000000,,1,-65,"865,7",Speedwayr-15-32-c2,"0,1043106935762236",
2025-07-25T14:05:09.0143220+03:00,A30000000000000000000000,,1,-65,"865,7",Speedwayr-15-32-c2,"3,6815538909255388",
2025-07-25T14:05:09.0429790+03:00,A80000000000000000000000,,1,"-72,5","865,7",Speedwayr-15-32-c2,"0,1932815792735908",
2025-07-25T14:05:09.0487820+03:00,A60000000000000000000000,,1,"-57,5","865,7",Speedwayr-15-32-c2,"5,405748296509",
2025-07-25T14:05:09.0517830+03:00,A20000000000000000000000,,1,-59,"865,7",Speedwayr-15-32-c2,"0,9633399347921826",
2025-07-25T14:05:09.0538260+03:00,A30000000000000000000000,,1,-65,"865,7",Speedwayr-15-32-c2,"3,6324665057131984",
2025-07-25T14:05:09.0623830+03:00,A70000000000000000000000,,1,-65,"865,7",Speedwayr-15-32-c2,"0,030679615757712823",
2025-07-25T14:05:09.0841030+03:00,A30000000000000000000000,,1,"-64,5","865,7",Speedwayr-15-32-c2,"3,6999616603801666",
2025-07-25T14:05:09.0858010+03:00,A20000000000000000000000,,1,-61,"865,7",Speedwayr-15-32-c2,"1,1044661672776617",
2025-07-25T14:05:09.0868410+03:00,A70000000000000000000000,,1,-64,"865,7",Speedwayr-15-32-c2,"0,09203884727313846",
2025-07-25T14:05:09.0882400+03:00,A60000000000000000000000,,1,-59,"865,7",Speedwayr-15-32-c2,"5,43029198911517",
2025-07-25T14:05:09.0938180+03:00,A40000000000000000000000,,1,-67,"865,7",Speedwayr-15-32-c2,"3,5956509668039427",
2025-07-25T14:05:09.1137760+03:00,A80000000000000000000000,,1,-73,"865,7",Speedwayr-15-32-c2,"3,509748042682347",
2025-07-25T14:05:09.1198150+03:00,A60000000000000000000000,,1,-59,"865,7",Speedwayr-15-32-c2,"5,522330836388308",
2025-07-25T14:05:09.1220220+03:00,A70000000000000000000000,,1,-65,"865,7",Speedwayr-15-32-c2,"0,15339807878856412",
2025-07-25T14:05:09.1231300+03:00,A20000000000000000000000,,1,-60,"865,7",Speedwayr-15-32-c2,"1,055378782065321",
2025-07-25T14:05:09.1246970+03:00,A30000000000000000000000,,1,-65,"865,7",Speedwayr-15-32-c2,"3,730641276137879",
2025-07-25T14:05:09.1300010+03:00,A40000000000000000000000,,1,-67,"865,7",Speedwayr-15-32-c2,"3,5711072741977725",
2025-07-25T14:05:09.1622310+03:00,A80000000000000000000000,,1,-72,"865,7",Speedwayr-15-32-c2,"0,34974761963792617",
2025-07-25T14:05:09.1678980+03:00,A30000000000000000000000,,1,-64,"865,7",Speedwayr-15-32-c2,"3,6754179677739964",
2025-07-25T14:05:09.1690220+03:00,A20000000000000000000000,,1,"-60,5","865,7",Speedwayr-15-32-c2,"1,1965050145508",
2025-07-25T14:05:09.1715950+03:00,A60000000000000000000000,,1,"-58,5","865,7",Speedwayr-15-32-c2,"5,47937937432751",
2025-07-25T14:05:09.1726810+03:00,A70000000000000000000000,,1,-65,"865,7",Speedwayr-15-32-c2,"0,17794177139473438",
2025-07-25T14:05:09.1740380+03:00,A80000000000000000000000,,1,-72,"865,7",Speedwayr-15-32-c2,"0,4111068511533518",
2025-07-25T14:05:09.1822590+03:00,A40000000000000000000000,,1,"-65,5","865,7",Speedwayr-15-32-c2,"3,650874275167826",
2025-07-25T14:05:09.1944570+03:00,A60000000000000000000000,,1,-59,"865,7",Speedwayr-15-32-c2,"5,491651220630596",
2025-07-25T14:05:09.2000940+03:00,A70000000000000000000000,,1,"-63,5","865,7",Speedwayr-15-32-c2,"0,18407769454627693",
2025-07-25T14:05:09.2019030+03:00,A20000000000000000000000,,1,-60,"865,7",Speedwayr-15-32-c2,"1,1351457830353744",
2025-07-25T14:05:09.2058130+03:00,A40000000000000000000000,,1,"-64,5","865,7",Speedwayr-15-32-c2,"3,6017868899554855",
2025-07-25T14:05:09.2106120+03:00,A30000000000000000000000,,1,-65,"865,7",Speedwayr-15-32-c2,"3,761320891895592",
2025-07-25T14:05:09.2331170+03:00,A80000000000000000000000,,1,"-72,5","865,7",Speedwayr-15-32-c2,"0,5154175447295755",
2025-07-25T14:05:09.2379920+03:00,A60000000000000000000000,,1,-59,"865,7",Speedwayr-15-32-c2,"5,5100589900852235",
2025-07-25T14:05:09.2392790+03:00,A20000000000000000000000,,1,"-61,5","865,7",Speedwayr-15-32-c2,"1,1106020904292042",
2025-07-25T14:05:09.2414420+03:00,A70000000000000000000000,,1,-64,"865,7",Speedwayr-15-32-c2,"0,11658253987930872",
2025-07-25T14:05:09.2427470+03:00,A30000000000000000000000,,1,"-64,5","865,7",Speedwayr-15-32-c2,"3,847223816017188",
2025-07-25T14:05:09.2506780+03:00,A40000000000000000000000,,1,-65,"865,7",Speedwayr-15-32-c2,"3,730641276137879",
2025-07-25T14:05:09.2530610+03:00,A80000000000000000000000,,1,"-69,5","865,7",Speedwayr-15-32-c2,"0,6320000846088841",
2025-07-25T14:05:09.2672340+03:00,A30000000000000000000000,,1,"-64,5","865,7",Speedwayr-15-32-c2,"3,6876898140770815",
2025-07-25T14:05:09.2719120+03:00,A60000000000000000000000,,1,"-58,5","865,7",Speedwayr-15-32-c2,"5,583690067903734",
2025-07-25T14:05:09.2743520+03:00,A20000000000000000000000,,1,"-61,5","865,7",Speedwayr-15-32-c2,"1,1965050145508",
2025-07-25T14:05:09.2791590+03:00,A40000000000000000000000,,1,-66,"865,7",Speedwayr-15-32-c2,"3,6201946594101133",
2025-07-25T14:05:09.3111680+03:00,A60000000000000000000000,,1,"-58,5","865,7",Speedwayr-15-32-c2,"5,522330836388308",
2025-07-25T14:05:09.3128670+03:00,A70000000000000000000000,,1,-64,"865,7",Speedwayr-15-32-c2,"0,2454369260617026",
2025-07-25T14:05:09.3139470+03:00,A20000000000000000000000,,1,"-61,5","865,7",Speedwayr-15-32-c2,"1,239456476611598",
2025-07-25T14:05:09.3239780+03:00,A30000000000000000000000,,1,"-64,5","865,7",Speedwayr-15-32-c2,"3,6140587362585705",
2025-07-25T14:05:09.3449540+03:00,A40000000000000000000000,,1,-66,"865,7",Speedwayr-15-32-c2,"3,749049045592507",
2025-07-25T14:05:09.3488510+03:00,A60000000000000000000000,,1,-59,"865,7",Speedwayr-15-32-c2,"5,626641529964532",
2025-07-25T14:05:09.3506220+03:00,A20000000000000000000000,,1,-60,"865,7",Speedwayr-15-32-c2,"1,2517283229146832",
2025-07-25T14:05:09.3516920+03:00,A70000000000000000000000,,1,-65,"865,7",Speedwayr-15-32-c2,"0,3374757733348411",
2025-07-25T14:05:09.3528330+03:00,A30000000000000000000000,,1,-65,"865,7",Speedwayr-15-32-c2,"3,792000507653305",
2025-07-25T14:05:09.3938380+03:00,A80000000000000000000000,,1,"-72,5","865,7",Speedwayr-15-32-c2,"3,785864584501762",
2025-07-25T14:05:09.4004800+03:00,A60000000000000000000000,,1,-59,"865,7",Speedwayr-15-32-c2,"5,546874528994478",
2025-07-25T14:05:09.4019510+03:00,A20000000000000000000000,,1,-61,"865,7",Speedwayr-15-32-c2,"1,337631247036279",
2025-07-25T14:05:09.4042550+03:00,A40000000000000000000000,,1,"-65,5","865,7",Speedwayr-15-32-c2,"3,7981364308048478",
2025-07-25T14:05:09.4053840+03:00,A30000000000000000000000,,1,-64,"865,7",Speedwayr-15-32-c2,"3,736777199289422",
2025-07-25T14:05:09.4112500+03:00,A70000000000000000000000,,1,-64,"865,7",Speedwayr-15-32-c2,"0,34974761963792617",
2025-07-25T14:05:09.4248550+03:00,A80000000000000000000000,,1,-72,"865,7",Speedwayr-15-32-c2,"3,9730102406238106",
2025-07-25T14:05:09.4304620+03:00,A60000000000000000000000,,1,-59,"865,7",Speedwayr-15-32-c2,"5,626641529964532",
2025-07-25T14:05:09.4358800+03:00,A30000000000000000000000,,1,-64,"865,7",Speedwayr-15-32-c2,"3,902447124381071",
2025-07-25T14:05:09.4382410+03:00,A20000000000000000000000,,1,-60,"865,7",Speedwayr-15-32-c2,"1,3499030933393643",
2025-07-25T14:05:09.4435290+03:00,A70000000000000000000000,,1,-65,"865,7",Speedwayr-15-32-c2,"0,521553467881118",
2025-07-25T14:05:09.4520210+03:00,A40000000000000000000000,,1,"-65,5","865,7",Speedwayr-15-32-c2,"3,693825737228624",
2025-07-25T14:05:09.4819480+03:00,A80000000000000000000000,,1,"-72,5","865,7",Speedwayr-15-32-c2,"4,052777241593864",
2025-07-25T14:05:09.4867800+03:00,A20000000000000000000000,,1,-61,"865,7",Speedwayr-15-32-c2,"1,6137477888556946",
2025-07-25T14:05:09.4900050+03:00,A60000000000000000000000,,1,"-58,5","865,7",Speedwayr-15-32-c2,"5,638913376267617",
2025-07-25T14:05:09.4913330+03:00,A30000000000000000000000,,1,-64,"865,7",Speedwayr-15-32-c2,"3,9208548938356986",
2025-07-25T14:05:09.4927900+03:00,A70000000000000000000000,,1,-65,"865,7",Speedwayr-15-32-c2,"0,7547185476397354",
2025-07-25T14:05:09.4938270+03:00,A40000000000000000000000,,1,-66,"865,7",Speedwayr-15-32-c2,"3,6815538909255388",
2025-07-25T14:05:09.5140750+03:00,A70000000000000000000000,,1,-65,"865,7",Speedwayr-15-32-c2,"0,3865631585471816",
2025-07-25T14:05:09.5235440+03:00,A20000000000000000000000,,1,"-60,5","865,7",Speedwayr-15-32-c2,"1,3560390164909069",
2025-07-25T14:05:09.5246980+03:00,A60000000000000000000000,,1,-59,"865,7",Speedwayr-15-32-c2,"5,66959299202533",
2025-07-25T14:05:09.5267330+03:00,A40000000000000000000000,,1,"-66,5","865,7",Speedwayr-15-32-c2,"3,6263305825616556",
2025-07-25T14:05:09.5278190+03:00,A30000000000000000000000,,1,-64,"865,7",Speedwayr-15-32-c2,"3,6447383520162835",
2025-07-25T14:05:09.5345810+03:00,A80000000000000000000000,,1,-69,"865,7",Speedwayr-15-32-c2,"0,8344855486097889",
2025-07-25T14:05:09.5482720+03:00,A60000000000000000000000,,1,"-58,5","865,7",Speedwayr-15-32-c2,"5,411884219660542",
2025-07-25T14:05:09.5513750+03:00,A40000000000000000000000,,1,"-66,5","865,7",Speedwayr-15-32-c2,"3,6692820446224537",
2025-07-25T14:05:09.5538000+03:00,A30000000000000000000000,,1,"-63,5","865,7",Speedwayr-15-32-c2,"3,7122335066832517",
2025-07-25T14:05:09.5555360+03:00,A20000000000000000000000,,1,-60,"865,7",Speedwayr-15-32-c2,"1,325359400733194",
2025-07-25T14:05:09.5590610+03:00,A70000000000000000000000,,1,"-64,5","865,7",Speedwayr-15-32-c2,"0,42337869745643697",
2025-07-25T14:05:09.5739070+03:00,A80000000000000000000000,,1,-73,"865,7",Speedwayr-15-32-c2,"4,129476280988146",
2025-07-25T14:05:09.5788350+03:00,A60000000000000000000000,,1,-59,"865,7",Speedwayr-15-32-c2,"5,700272607783043",
2025-07-25T14:05:09.5808140+03:00,A20000000000000000000000,,1,-61,"865,7",Speedwayr-15-32-c2,"1,4848934026733007",
2025-07-25T14:05:09.5823370+03:00,A70000000000000000000000,,1,-65,"865,7",Speedwayr-15-32-c2,"0,3436116964863836",
2025-07-25T14:05:09.5845620+03:00,A30000000000000000000000,,1,"-64,5","865,7",Speedwayr-15-32-c2,"3,724505352986337",
2025-07-25T14:05:09.5921430+03:00,A40000000000000000000000,,1,-65,"865,7",Speedwayr-15-32-c2,"3,5588354278946874",
2025-07-25T14:05:09.5949680+03:00,A80000000000000000000000,,1,"-71,5","865,7",Speedwayr-15-32-c2,"0,9387962421860124",
2025-07-25T14:05:09.6101920+03:00,A40000000000000000000000,,1,"-63,5","865,7",Speedwayr-15-32-c2,"3,773592738198677",
2025-07-25T14:05:09.6124160+03:00,A20000000000000000000000,,1,"-60,5","865,7",Speedwayr-15-32-c2,"1,521708941582556",
2025-07-25T14:05:09.6138590+03:00,A30000000000000000000000,,1,"-64,5","865,7",Speedwayr-15-32-c2,"3,6876898140770815",
2025-07-25T14:05:09.6155120+03:00,A60000000000000000000000,,1,-59,"865,7",Speedwayr-15-32-c2,"5,688000761479957",
2025-07-25T14:05:09.6201190+03:00,A70000000000000000000000,,1,"-64,5","865,7",Speedwayr-15-32-c2,"0,44178646691106466",
2025-07-25T14:05:09.6244400+03:00,A80000000000000000000000,,1,"-69,5","865,7",Speedwayr-15-32-c2,"0,9817477042468103",
2025-07-25T14:05:09.6400170+03:00,A40000000000000000000000,,1,-63,"865,7",Speedwayr-15-32-c2,"3,9208548938356986",
2025-07-25T14:05:09.6413690+03:00,A30000000000000000000000,,1,-64,"865,7",Speedwayr-15-32-c2,"3,6692820446224537",
2025-07-25T14:05:09.6450020+03:00,A20000000000000000000000,,1,-61,"865,7",Speedwayr-15-32-c2,"1,3928545554001621",
2025-07-25T14:05:09.6463560+03:00,A60000000000000000000000,,1,-59,"865,7",Speedwayr-15-32-c2,"5,638913376267617",
2025-07-25T14:05:09.6496930+03:00,A70000000000000000000000,,1,"-64,5","865,7",Speedwayr-15-32-c2,"0,4111068511533518",
2025-07-25T14:05:09.6838370+03:00,A80000000000000000000000,,1,"-72,5","865,7",Speedwayr-15-32-c2,"0,9480001269133262",
2025-07-25T14:05:09.6870850+03:00,A30000000000000000000000,,1,-61,"865,7",Speedwayr-15-32-c2,"3,6876898140770815",
2025-07-25T14:05:09.6884390+03:00,A20000000000000000000000,,1,"-59,5","865,7",Speedwayr-15-32-c2,"1,4542137869155878",
2025-07-25T14:05:09.6909460+03:00,A60000000000000000000000,,1,-59,"865,7",Speedwayr-15-32-c2,"5,773903685601553",
2025-07-25T14:05:09.6964140+03:00,A70000000000000000000000,,1,-65,"865,7",Speedwayr-15-32-c2,"0,607456392002714",
2025-07-25T14:05:09.7013490+03:00,A40000000000000000000000,,1,-67,"865,7",Speedwayr-15-32-c2,"3,80427235395639",
2025-07-25T14:05:09.7204900+03:00,A60000000000000000000000,,1,-58,"865,7",Speedwayr-15-32-c2,"5,71868037723767",
2025-07-25T14:05:09.7248530+03:00,A30000000000000000000000,,1,"-64,5","865,7",Speedwayr-15-32-c2,"3,5895150436524004",
2025-07-25T14:05:09.7264300+03:00,A20000000000000000000000,,1,"-59,5","865,7",Speedwayr-15-32-c2,"1,6137477888556946",
2025-07-25T14:05:09.7323720+03:00,A40000000000000000000000,,1,"-65,5","865,7",Speedwayr-15-32-c2,"3,485204350076177",
2025-07-25T14:05:09.7338260+03:00,A70000000000000000000000,,1,"-65,5","865,7",Speedwayr-15-32-c2,"0,5031456984264903",
2025-07-25T14:05:09.7540820+03:00,A80000000000000000000000,,1,-72,"865,7",Speedwayr-15-32-c2,"4,239922897715912",
2025-07-25T14:05:09.7600410+03:00,A70000000000000000000000,,1,-65,"865,7",Speedwayr-15-32-c2,"0,5583690067903734",
2025-07-25T14:05:09.7628890+03:00,A60000000000000000000000,,1,"-59,5","865,7",Speedwayr-15-32-c2,"5,71868037723767",
2025-07-25T14:05:09.7639960+03:00,A20000000000000000000000,,1,"-59,5","865,7",Speedwayr-15-32-c2,"1,4664856332186729",
2025-07-25T14:05:09.7678070+03:00,A30000000000000000000000,,1,"-62,5","865,7",Speedwayr-15-32-c2,"3,6815538909255388",
2025-07-25T14:05:09.7720300+03:00,A80000000000000000000000,,1,"-67,5","865,7",Speedwayr-15-32-c2,"1,6812429435226628",
2025-07-25T14:05:09.7866960+03:00,A60000000000000000000000,,1,"-59,5","865,7",Speedwayr-15-32-c2,"5,71868037723767",
2025-07-25T14:05:09.7886520+03:00,A20000000000000000000000,,1,"-59,5","865,7",Speedwayr-15-32-c2,"1,521708941582556",
2025-07-25T14:05:09.7932130+03:00,A70000000000000000000000,,1,"-65,5","865,7",Speedwayr-15-32-c2,"0,4540583132141498",
2025-07-25T14:05:09.7942830+03:00,A30000000000000000000000,,1,-64,"865,7",Speedwayr-15-32-c2,"3,6815538909255388",
2025-07-25T14:05:09.8230900+03:00,A80000000000000000000000,,1,-72,"865,7",Speedwayr-15-32-c2,"1,1351457830353744",
2025-07-25T14:05:09.8285010+03:00,A40000000000000000000000,,1,"-62,5","865,7",Speedwayr-15-32-c2,"3,736777199289422",
2025-07-25T14:05:09.8303980+03:00,A20000000000000000000000,,1,"-58,5","865,7",Speedwayr-15-32-c2,"1,521708941582556",
2025-07-25T14:05:09.8334690+03:00,A60000000000000000000000,,1,-59,"865,7",Speedwayr-15-32-c2,"5,71868037723767",
2025-07-25T14:05:09.8345830+03:00,A70000000000000000000000,,1,"-65,5","865,7",Speedwayr-15-32-c2,"0,6258641614573416",
2025-07-25T14:05:09.8365190+03:00,A30000000000000000000000,,1,"-61,5","865,7",Speedwayr-15-32-c2,"3,6876898140770815",
2025-07-25T14:05:09.8634970+03:00,A80000000000000000000000,,1,-72,"865,7",Speedwayr-15-32-c2,"4,273670475049396",
2025-07-25T14:05:09.8688460+03:00,A30000000000000000000000,,1,"-63,5","865,7",Speedwayr-15-32-c2,"3,730641276137879",
2025-07-25T14:05:09.8712930+03:00,A70000000000000000000000,,1,-65,"865,7",Speedwayr-15-32-c2,"0,5645049299419159",
2025-07-25T14:05:09.8736160+03:00,A60000000000000000000000,,1,-59,"865,7",Speedwayr-15-32-c2,"5,66959299202533",
2025-07-25T14:05:09.8749880+03:00,A20000000000000000000000,,1,"-60,5","865,7",Speedwayr-15-32-c2,"1,5830681730979816",
2025-07-25T14:05:09.8781900+03:00,A40000000000000000000000,,1,"-65,5","865,7",Speedwayr-15-32-c2,"3,6754179677739964",
2025-07-25T14:05:09.9041680+03:00,A80000000000000000000000,,1,-72,"865,7",Speedwayr-15-32-c2,"4,338097668140593",
2025-07-25T14:05:09.9084130+03:00,A60000000000000000000000,,1,"-59,5","865,7",Speedwayr-15-32-c2,"5,675728915176872",
2025-07-25T14:05:09.9098380+03:00,A20000000000000000000000,,1,"-59,5","865,7",Speedwayr-15-32-c2,"1,521708941582556",
2025-07-25T14:05:09.9108940+03:00,A30000000000000000000000,,1,-64,"865,7",Speedwayr-15-32-c2,"3,6570101983193686",
2025-07-25T14:05:09.9144360+03:00,A40000000000000000000000,,1,"-65,5","865,7",Speedwayr-15-32-c2,"3,773592738198677",
2025-07-25T14:05:09.9164050+03:00,A70000000000000000000000,,1,"-64,5","865,7",Speedwayr-15-32-c2,"0,6688156235181395",
2025-07-25T14:05:09.9239380+03:00,A80000000000000000000000,,1,-71,"865,7",Speedwayr-15-32-c2,"1,1228739367322893",
2025-07-25T14:05:09.9395860+03:00,A70000000000000000000000,,1,-65,"865,7",Speedwayr-15-32-c2,"0,6872233929727672",
2025-07-25T14:05:09.9406410+03:00,A30000000000000000000000,,1,"-62,5","865,7",Speedwayr-15-32-c2,"3,6815538909255388",
2025-07-25T14:05:09.9419520+03:00,A40000000000000000000000,,1,-65,"865,7",Speedwayr-15-32-c2,"3,6999616603801666",
2025-07-25T14:05:09.9448350+03:00,A60000000000000000000000,,1,-59,"865,7",Speedwayr-15-32-c2,"5,638913376267617",
2025-07-25T14:05:09.9459610+03:00,A20000000000000000000000,,1,-59,"865,7",Speedwayr-15-32-c2,"1,9389517158874505",
2025-07-25T14:05:09.9639330+03:00,A80000000000000000000000,,1,-72,"865,7",Speedwayr-15-32-c2,"1,193437052975029",
2025-07-25T14:05:09.9714990+03:00,A60000000000000000000000,,1,"-59,5","865,7",Speedwayr-15-32-c2,"5,681864838328415",
2025-07-25T14:05:09.9727970+03:00,A70000000000000000000000,,1,-64,"865,7",Speedwayr-15-32-c2,"0,5767767762450011",
2025-07-25T14:05:09.9747900+03:00,A40000000000000000000000,,1,-67,"865,7",Speedwayr-15-32-c2,"3,865631585471816",
2025-07-25T14:05:09.9767000+03:00,A30000000000000000000000,,1,"-63,5","865,7",Speedwayr-15-32-c2,"3,6692820446224537",
2025-07-25T14:05:09.9787820+03:00,A20000000000000000000000,,1,"-60,5","865,7",Speedwayr-15-32-c2,"1,4848934026733007",
2025-07-25T14:05:09.9840260+03:00,A80000000000000000000000,,1,-70,"865,7",Speedwayr-15-32-c2,"1,3989904785517047",
2025-07-25T14:05:09.9976620+03:00,A20000000000000000000000,,1,-59,"865,7",Speedwayr-15-32-c2,"1,5585244804918115",
2025-07-25T14:05:10.0000030+03:00,A60000000000000000000000,,1,"-59,5","865,7",Speedwayr-15-32-c2,"5,71868037723767",
2025-07-25T14:05:10.0029010+03:00,A80000000000000000000000,,1,-68,"865,7",Speedwayr-15-32-c2,"1,4358060174609601",
2025-07-25T14:05:10.0048900+03:00,A70000000000000000000000,,1,-66,"865,7",Speedwayr-15-32-c2,"0,5829126993965437",
2025-07-25T14:05:10.0092830+03:00,A30000000000000000000000,,1,-64,"865,7",Speedwayr-15-32-c2,"3,6324665057131984",
2025-07-25T14:05:10.0241910+03:00,A30000000000000000000000,,1,"-63,5","865,7",Speedwayr-15-32-c2,"3,5833791205008576",
2025-07-25T14:05:10.0253750+03:00,A60000000000000000000000,,1,-59,"865,7",Speedwayr-15-32-c2,"5,737088146692298",
2025-07-25T14:05:10.0272260+03:00,A70000000000000000000000,,1,"-65,5","865,7",Speedwayr-15-32-c2,"0,607456392002714",
2025-07-25T14:05:10.0314470+03:00,A40000000000000000000000,,1,"-65,5","865,7",Speedwayr-15-32-c2,"3,8533597391687304",
2025-07-25T14:05:10.0342990+03:00,A20000000000000000000000,,1,-59,"865,7",Speedwayr-15-32-c2,"1,5585244804918115",
2025-07-25T14:05:10.0440160+03:00,A80000000000000000000000,,1,-71,"865,7",Speedwayr-15-32-c2,"1,2701360923693108",
2025-07-25T14:05:10.0571840+03:00,A20000000000000000000000,,1,-60,"865,7",Speedwayr-15-32-c2,"1,552388557340269",
2025-07-25T14:05:10.0617760+03:00,A40000000000000000000000,,1,-65,"865,7",Speedwayr-15-32-c2,"3,693825737228624",
2025-07-25T14:05:10.0634590+03:00,A60000000000000000000000,,1,-59,"865,7",Speedwayr-15-32-c2,"5,688000761479957",
2025-07-25T14:05:10.0647270+03:00,A70000000000000000000000,,1,"-65,5","865,7",Speedwayr-15-32-c2,"0,6442719309119693",
2025-07-25T14:05:10.0658120+03:00,A30000000000000000000000,,1,-63,"865,7",Speedwayr-15-32-c2,"3,663146121470911",
2025-07-25T14:05:10.0727920+03:00,A80000000000000000000000,,1,-70,"865,7",Speedwayr-15-32-c2,"1,282407938672396",
2025-07-25T14:05:10.0853570+03:00,A70000000000000000000000,,1,"-65,5","865,7",Speedwayr-15-32-c2,"0,705631162427395",
2025-07-25T14:05:10.0871980+03:00,A60000000000000000000000,,1,-59,"865,7",Speedwayr-15-32-c2,"5,792311455056181",
2025-07-25T14:05:10.0910380+03:00,A20000000000000000000000,,1,"-58,5","865,7",Speedwayr-15-32-c2,"1,5707963267948966",
2025-07-25T14:05:10.0922660+03:00,A80000000000000000000000,,1,-70,"865,7",Speedwayr-15-32-c2,"1,4971652489763858",
2025-07-25T14:05:10.0933610+03:00,A40000000000000000000000,,1,-66,"865,7",Speedwayr-15-32-c2,"3,736777199289422",
2025-07-25T14:05:10.0944300+03:00,A30000000000000000000000,,1,"-63,5","865,7",Speedwayr-15-32-c2,"3,7429131224409646",
2025-07-25T14:05:10.1072290+03:00,A20000000000000000000000,,1,-59,"865,7",Speedwayr-15-32-c2,"1,41126232485479",
2025-07-25T14:05:10.1110070+03:00,A30000000000000000000000,,1,-63,"865,7",Speedwayr-15-32-c2,"3,454524734318464",
2025-07-25T14:05:10.1120660+03:00,A60000000000000000000000,,1,"-60,5","865,7",Speedwayr-15-32-c2,"5,663457068873787",
2025-07-25T14:05:10.1140880+03:00,A70000000000000000000000,,1,"-65,5","865,7",Speedwayr-15-32-c2,"0,6994952392758523",
2025-07-25T14:05:10.1200350+03:00,A40000000000000000000000,,1,"-65,5","865,7",Speedwayr-15-32-c2,"3,736777199289422",
2025-07-25T14:05:10.1235850+03:00,A80000000000000000000000,,1,-69,"865,7",Speedwayr-15-32-c2,"1,4480778637640452",
2025-07-25T14:05:10.1379460+03:00,A20000000000000000000000,,1,"-59,5","865,7",Speedwayr-15-32-c2,"1,6137477888556946",
2025-07-25T14:05:10.1392870+03:00,A60000000000000000000000,,1,-59,"865,7",Speedwayr-15-32-c2,"5,4671075280244255",
2025-07-25T14:05:10.1411820+03:00,A30000000000000000000000,,1,-63,"865,7",Speedwayr-15-32-c2,"3,6201946594101133",
2025-07-25T14:05:10.1433210+03:00,A70000000000000000000000,,1,"-63,5","865,7",Speedwayr-15-32-c2,"0,7301748550335652",
2025-07-25T14:05:10.1446920+03:00,A40000000000000000000000,,1,"-65,5","865,7",Speedwayr-15-32-c2,"3,650874275167826",
2025-07-25T14:05:10.1507590+03:00,A80000000000000000000000,,1,-70,"865,7",Speedwayr-15-32-c2,"1,1044661672776617",
2025-07-25T14:05:10.1626920+03:00,A60000000000000000000000,,1,"-59,5","865,7",Speedwayr-15-32-c2,"5,902758071783947",
2025-07-25T14:05:10.1672520+03:00,A30000000000000000000000,,1,"-61,5","865,7",Speedwayr-15-32-c2,"3,5833791205008576",
2025-07-25T14:05:10.1687440+03:00,A20000000000000000000000,,1,"-58,5","865,7",Speedwayr-15-32-c2,"1,5707963267948966",
2025-07-25T14:05:10.1746760+03:00,A70000000000000000000000,,1,-65,"865,7",Speedwayr-15-32-c2,"0,8160777791551611",
2025-07-25T14:05:10.1835530+03:00,A80000000000000000000000,,1,"-71,5","865,7",Speedwayr-15-32-c2,"0,9756117810952678",
2025-07-25T14:05:10.1986320+03:00,A30000000000000000000000,,1,-63,"865,7",Speedwayr-15-32-c2,"3,5833791205008576",
2025-07-25T14:05:10.2015810+03:00,A60000000000000000000000,,1,"-59,5","865,7",Speedwayr-15-32-c2,"5,706408530934585",
2025-07-25T14:05:10.2030570+03:00,A40000000000000000000000,,1,-66,"865,7",Speedwayr-15-32-c2,"3,56497135104623",
2025-07-25T14:05:10.2041370+03:00,A20000000000000000000000,,1,-59,"865,7",Speedwayr-15-32-c2,"1,564660403643354",
2025-07-25T14:05:10.2276780+03:00,A80000000000000000000000,,1,-70,"865,7",Speedwayr-15-32-c2,"1,2640001692177683",
2025-07-25T14:05:10.2341420+03:00,A30000000000000000000000,,1,"-63,5","865,7",Speedwayr-15-32-c2,"3,5588354278946874",
2025-07-25T14:05:10.2371210+03:00,A60000000000000000000000,,1,-59,"865,7",Speedwayr-15-32-c2,"5,47937937432751",
2025-07-25T14:05:10.2404490+03:00,A20000000000000000000000,,1,"-58,5","865,7",Speedwayr-15-32-c2,"1,5462526341887264",
2025-07-25T14:05:10.2417840+03:00,A40000000000000000000000,,1,-65,"865,7",Speedwayr-15-32-c2,"3,749049045592507",
2025-07-25T14:05:10.2489180+03:00,A70000000000000000000000,,1,"-63,5","865,7",Speedwayr-15-32-c2,"1,000155473701438",
2025-07-25T14:05:10.2526800+03:00,A80000000000000000000000,,1,-71,"865,7",Speedwayr-15-32-c2,"1,0921943209745766",
2025-07-25T14:05:10.2661060+03:00,A70000000000000000000000,,1,"-64,5","865,7",Speedwayr-15-32-c2,"0,8406214717613314",
2025-07-25T14:05:10.2672460+03:00,A60000000000000000000000,,1,"-59,5","865,7",Speedwayr-15-32-c2,"5,730952223540755",
2025-07-25T14:05:10.2714510+03:00,A40000000000000000000000,,1,-65,"865,7",Speedwayr-15-32-c2,"3,80427235395639",
2025-07-25T14:05:10.2725800+03:00,A20000000000000000000000,,1,"-59,5","865,7",Speedwayr-15-32-c2,"1,564660403643354",
2025-07-25T14:05:10.2743580+03:00,A30000000000000000000000,,1,"-62,5","865,7",Speedwayr-15-32-c2,"3,5772431973493153",
2025-07-25T14:05:10.3076030+03:00,A80000000000000000000000,,1,-71,"865,7",Speedwayr-15-32-c2,"4,273670475049396",
2025-07-25T14:05:10.3119450+03:00,A60000000000000000000000,,1,"-59,5","865,7",Speedwayr-15-32-c2,"5,743224069843841",
2025-07-25T14:05:10.3142260+03:00,A20000000000000000000000,,1,-59,"865,7",Speedwayr-15-32-c2,"1,5155730184310134",
2025-07-25T14:05:10.3161390+03:00,A30000000000000000000000,,1,"-62,5","865,7",Speedwayr-15-32-c2,"3,479068426924634",
2025-07-25T14:05:10.3190470+03:00,A40000000000000000000000,,1,"-62,5","865,7",Speedwayr-15-32-c2,"3,6876898140770815",
2025-07-25T14:05:10.3223470+03:00,A70000000000000000000000,,1,"-63,5","865,7",Speedwayr-15-32-c2,"0,7915340865489908",
2025-07-25T14:05:10.3243610+03:00,A80000000000000000000000,,1,"-70,5","865,7",Speedwayr-15-32-c2,"1,4358060174609601",
2025-07-25T14:05:10.3368730+03:00,A60000000000000000000000,,1,-60,"865,7",Speedwayr-15-32-c2,"6,056156150572511",
2025-07-25T14:05:10.3398310+03:00,A20000000000000000000000,,1,-58,"865,7",Speedwayr-15-32-c2,"1,533980787885641",
2025-07-25T14:05:10.3422340+03:00,A40000000000000000000000,,1,-65,"865,7",Speedwayr-15-32-c2,"3,693825737228624",
2025-07-25T14:05:10.3442600+03:00,A70000000000000000000000,,1,-64,"865,7",Speedwayr-15-32-c2,"0,8099418560036186",
2025-07-25T14:05:10.3453180+03:00,A30000000000000000000000,,1,-63,"865,7",Speedwayr-15-32-c2,"3,761320891895592",
2025-07-25T14:05:10.3531290+03:00,A80000000000000000000000,,1,"-72,5","865,7",Speedwayr-15-32-c2,"4,424000592262189",
2025-07-25T14:05:10.3625880+03:00,A60000000000000000000000,,1,"-59,5","865,7",Speedwayr-15-32-c2,"5,71868037723767",
2025-07-25T14:05:10.3637980+03:00,A20000000000000000000000,,1,"-57,5","865,7",Speedwayr-15-32-c2,"1,6321555583103222",
2025-07-25T14:05:10.3653930+03:00,A70000000000000000000000,,1,"-65,5","865,7",Speedwayr-15-32-c2,"0,7547185476397354",
2025-07-25T14:05:10.3664630+03:00,A40000000000000000000000,,1,-66,"865,7",Speedwayr-15-32-c2,"3,454524734318464",
2025-07-25T14:05:10.3704070+03:00,A30000000000000000000000,,1,-63,"865,7",Speedwayr-15-32-c2,"3,761320891895592",
2025-07-25T14:05:10.4036010+03:00,A80000000000000000000000,,1,-72,"865,7",Speedwayr-15-32-c2,"4,491495746929157",
2025-07-25T14:05:10.4065550+03:00,A30000000000000000000000,,1,"-62,5","865,7",Speedwayr-15-32-c2,"3,7429131224409646",
2025-07-25T14:05:10.4089620+03:00,A60000000000000000000000,,1,"-59,5","865,7",Speedwayr-15-32-c2,"5,743224069843841",
2025-07-25T14:05:10.4119280+03:00,A20000000000000000000000,,1,-58,"865,7",Speedwayr-15-32-c2,"1,564660403643354",
2025-07-25T14:05:10.4131410+03:00,A40000000000000000000000,,1,-66,"865,7",Speedwayr-15-32-c2,"3,6815538909255388",
2025-07-25T14:05:10.4144510+03:00,A70000000000000000000000,,1,-64,"865,7",Speedwayr-15-32-c2,"0,7301748550335652",
2025-07-25T14:05:10.4416910+03:00,A80000000000000000000000,,1,-72,"865,7",Speedwayr-15-32-c2,"4,528311285838413",
2025-07-25T14:05:10.4479930+03:00,A20000000000000000000000,,1,"-59,5","865,7",Speedwayr-15-32-c2,"1,4726215563702154",
2025-07-25T14:05:10.4490750+03:00,A40000000000000000000000,,1,-65,"865,7",Speedwayr-15-32-c2,"3,7122335066832517",
2025-07-25T14:05:10.4512560+03:00,A60000000000000000000000,,1,"-59,5","865,7",Speedwayr-15-32-c2,"5,7616318392984684",
2025-07-25T14:05:10.4536290+03:00,A70000000000000000000000,,1,"-64,5","865,7",Speedwayr-15-32-c2,"0,7117670855789375",
2025-07-25T14:05:10.4547330+03:00,A30000000000000000000000,,1,-63,"865,7",Speedwayr-15-32-c2,"3,436116964863836",
2025-07-25T14:05:10.4824980+03:00,A80000000000000000000000,,1,-72,"865,7",Speedwayr-15-32-c2,"1,2363885150358267",
2025-07-25T14:05:10.4863120+03:00,A20000000000000000000000,,1,-58,"865,7",Speedwayr-15-32-c2,"1,6382914814618648",
2025-07-25T14:05:10.4885080+03:00,A70000000000000000000000,,1,"-64,5","865,7",Speedwayr-15-32-c2,"0,7424467013366504",
2025-07-25T14:05:10.4901250+03:00,A40000000000000000000000,,1,-64,"865,7",Speedwayr-15-32-c2,"3,724505352986337",
2025-07-25T14:05:10.4925640+03:00,A30000000000000000000000,,1,-63,"865,7",Speedwayr-15-32-c2,"3,466796580621549",
2025-07-25T14:05:10.4978150+03:00,A60000000000000000000000,,1,"-59,5","865,7",Speedwayr-15-32-c2,"5,7616318392984684",
2025-07-25T14:05:10.5028040+03:00,A80000000000000000000000,,1,"-71,5","865,7",Speedwayr-15-32-c2,"1,2701360923693108",
2025-07-25T14:05:10.5160400+03:00,A20000000000000000000000,,1,"-57,5","865,7",Speedwayr-15-32-c2,"1,521708941582556",
2025-07-25T14:05:10.5173540+03:00,A70000000000000000000000,,1,"-63,5","865,7",Speedwayr-15-32-c2,"0,7179030087304801",
2025-07-25T14:05:10.5192560+03:00,A60000000000000000000000,,1,-60,"865,7",Speedwayr-15-32-c2,"5,786175531904639",
2025-07-25T14:05:10.5248200+03:00,A40000000000000000000000,,1,-65,"865,7",Speedwayr-15-32-c2,"3,7429131224409646",
2025-07-25T14:05:10.5272190+03:00,A30000000000000000000000,,1,"-61,5","865,7",Speedwayr-15-32-c2,"3,32567034813607",
2025-07-25T14:05:10.5588610+03:00,A70000000000000000000000,,1,-64,"865,7",Speedwayr-15-32-c2,"0,8774370106705868",
2025-07-25T14:05:10.5634000+03:00,A20000000000000000000000,,1,-59,"865,7",Speedwayr-15-32-c2,"1,5278448647340985",
2025-07-25T14:05:10.5645550+03:00,A60000000000000000000000,,1,"-59,5","865,7",Speedwayr-15-32-c2,"5,737088146692298",
2025-07-25T14:05:10.5656510+03:00,A30000000000000000000000,,1,"-62,5","865,7",Speedwayr-15-32-c2,"3,522019888985432",
2025-07-25T14:05:10.5736400+03:00,A80000000000000000000000,,1,-71,"865,7",Speedwayr-15-32-c2,"1,1535535524900022",
2025-07-25T14:05:10.5873220+03:00,A20000000000000000000000,,1,-58,"865,7",Speedwayr-15-32-c2,"1,6137477888556946",
2025-07-25T14:05:10.5910690+03:00,A40000000000000000000000,,1,"-64,5","865,7",Speedwayr-15-32-c2,"3,6263305825616556",
2025-07-25T14:05:10.5923710+03:00,A60000000000000000000000,,1,"-60,5","865,7",Speedwayr-15-32-c2,"5,810719224510809",
2025-07-25T14:05:10.5948070+03:00,A30000000000000000000000,,1,"-62,5","865,7",Speedwayr-15-32-c2,"3,5158839658338894",
2025-07-25T14:05:10.5989420+03:00,A70000000000000000000000,,1,"-64,5","865,7",Speedwayr-15-32-c2,"0,662679700366597",
2025-07-25T14:05:10.6252340+03:00,A30000000000000000000000,,1,-63,"865,7",Speedwayr-15-32-c2,"3,552699504743145",
2025-07-25T14:05:10.6268660+03:00,A20000000000000000000000,,1,"-57,5","865,7",Speedwayr-15-32-c2,"1,423534171157875",
2025-07-25T14:05:10.6306390+03:00,A70000000000000000000000,,1,"-63,5","865,7",Speedwayr-15-32-c2,"0,7301748550335652",
2025-07-25T14:05:10.6320950+03:00,A60000000000000000000000,,1,-60,"865,7",Speedwayr-15-32-c2,"5,810719224510809",
2025-07-25T14:05:10.6343660+03:00,A40000000000000000000000,,1,-65,"865,7",Speedwayr-15-32-c2,"3,6815538909255388",
2025-07-25T14:05:10.6490650+03:00,A80000000000000000000000,,1,-71,"865,7",Speedwayr-15-32-c2,"4,347301552867907",
2025-07-25T14:05:10.6528910+03:00,A40000000000000000000000,,1,"-64,5","865,7",Speedwayr-15-32-c2,"3,706097583531709",
2025-07-25T14:05:10.6542560+03:00,A60000000000000000000000,,1,"-59,5","865,7",Speedwayr-15-32-c2,"5,749359992995383",
2025-07-25T14:05:10.6584230+03:00,A30000000000000000000000,,1,"-62,5","865,7",Speedwayr-15-32-c2,"3,5588354278946874",
2025-07-25T14:05:10.6597790+03:00,A20000000000000000000000,,1,-59,"865,7",Speedwayr-15-32-c2,"1,6137477888556946",
2025-07-25T14:05:10.6620130+03:00,A70000000000000000000000,,1,"-64,5","865,7",Speedwayr-15-32-c2,"0,6994952392758523",
2025-07-25T14:05:10.6917770+03:00,A80000000000000000000000,,1,-72,"865,7",Speedwayr-15-32-c2,"1,1995729761265714",
2025-07-25T14:05:10.6979380+03:00,A20000000000000000000000,,1,-58,"865,7",Speedwayr-15-32-c2,"1,4726215563702154",
2025-07-25T14:05:10.7011260+03:00,A80000000000000000000000,,1,-71,"865,7",Speedwayr-15-32-c2,"1,282407938672396",
2025-07-25T14:05:10.7032870+03:00,A70000000000000000000000,,1,-64,"865,7",Speedwayr-15-32-c2,"0,8651651643675016",
2025-07-25T14:05:10.7050110+03:00,A40000000000000000000000,,1,"-63,5","865,7",Speedwayr-15-32-c2,"3,6815538909255388",
2025-07-25T14:05:10.7060380+03:00,A30000000000000000000000,,1,-63,"865,7",Speedwayr-15-32-c2,"3,5772431973493153",
2025-07-25T14:05:10.7073930+03:00,A60000000000000000000000,,1,-59,"865,7",Speedwayr-15-32-c2,"5,8475347634200645",
2025-07-25T14:05:10.7209860+03:00,A20000000000000000000000,,1,-59,"865,7",Speedwayr-15-32-c2,"1,3867186322486196",
2025-07-25T14:05:10.7235050+03:00,A40000000000000000000000,,1,-65,"865,7",Speedwayr-15-32-c2,"3,785864584501762",
2025-07-25T14:05:10.7251960+03:00,A70000000000000000000000,,1,-63,"865,7",Speedwayr-15-32-c2,"0,8897088569736719",
2025-07-25T14:05:10.7265470+03:00,A60000000000000000000000,,1,"-58,5","865,7",Speedwayr-15-32-c2,"5,786175531904639",
2025-07-25T14:05:10.7318260+03:00,A30000000000000000000000,,1,"-62,5","865,7",Speedwayr-15-32-c2,"3,54042765844006",
2025-07-25T14:05:10.7329120+03:00,A80000000000000000000000,,1,"-71,5","865,7",Speedwayr-15-32-c2,"0,9510680884890975",
2025-07-25T14:05:10.7487980+03:00,A40000000000000000000000,,1,-65,"865,7",Speedwayr-15-32-c2,"3,7122335066832517",
2025-07-25T14:05:10.7505150+03:00,A20000000000000000000000,,1,"-58,5","865,7",Speedwayr-15-32-c2,"1,368310862793992",
2025-07-25T14:05:10.7516270+03:00,A60000000000000000000000,,1,"-59,5","865,7",Speedwayr-15-32-c2,"5,706408530934585",
2025-07-25T14:05:10.7529260+03:00,A30000000000000000000000,,1,"-62,5","865,7",Speedwayr-15-32-c2,"3,6263305825616556",
2025-07-25T14:05:10.7540650+03:00,A70000000000000000000000,,1,"-64,5","865,7",Speedwayr-15-32-c2,"0,6504078540635119",
2025-07-25T14:05:10.7724650+03:00,A80000000000000000000000,,1,-72,"865,7",Speedwayr-15-32-c2,"4,206175320382428",
2025-07-25T14:05:10.7790170+03:00,A20000000000000000000000,,1,"-57,5","865,7",Speedwayr-15-32-c2,"1,380582709097077",
2025-07-25T14:05:10.7815360+03:00,A30000000000000000000000,,1,-63,"865,7",Speedwayr-15-32-c2,"3,5158839658338894",
2025-07-25T14:05:10.7830190+03:00,A60000000000000000000000,,1,"-60,5","865,7",Speedwayr-15-32-c2,"5,780039608753096",
2025-07-25T14:05:10.7854070+03:00,A40000000000000000000000,,1,"-64,5","865,7",Speedwayr-15-32-c2,"3,718369429834794",
2025-07-25T14:05:10.7878400+03:00,A70000000000000000000000,,1,"-64,5","865,7",Speedwayr-15-32-c2,"0,662679700366597",
2025-07-25T14:05:10.7923430+03:00,A80000000000000000000000,,1,"-71,5","865,7",Speedwayr-15-32-c2,"0,9633399347921826",
2025-07-25T14:05:10.8048770+03:00,A70000000000000000000000,,1,"-64,5","865,7",Speedwayr-15-32-c2,"0,5890486225480862",
2025-07-25T14:05:10.8080100+03:00,A40000000000000000000000,,1,"-64,5","865,7",Speedwayr-15-32-c2,"3,650874275167826",
2025-07-25T14:05:10.8092620+03:00,A20000000000000000000000,,1,"-57,5","865,7",Speedwayr-15-32-c2,"1,3437671701878218",
2025-07-25T14:05:10.8105590+03:00,A30000000000000000000000,,1,-63,"865,7",Speedwayr-15-32-c2,"3,313398501832985",
2025-07-25T14:05:10.8123950+03:00,A60000000000000000000000,,1,-59,"865,7",Speedwayr-15-32-c2,"5,700272607783043",
2025-07-25T14:05:10.8288520+03:00,A20000000000000000000000,,1,"-58,5","865,7",Speedwayr-15-32-c2,"1,3008157081270237",
2025-07-25T14:05:10.8317310+03:00,A60000000000000000000000,,1,"-60,5","865,7",Speedwayr-15-32-c2,"5,706408530934585",
2025-07-25T14:05:10.8358570+03:00,A30000000000000000000000,,1,-63,"865,7",Speedwayr-15-32-c2,"3,77972866135022",
2025-07-25T14:05:10.8386560+03:00,A70000000000000000000000,,1,"-61,5","865,7",Speedwayr-15-32-c2,"0,5829126993965437",
2025-07-25T14:05:10.8415420+03:00,A40000000000000000000000,,1,"-64,5","865,7",Speedwayr-15-32-c2,"3,6815538909255388",
2025-07-25T14:05:10.8631740+03:00,A80000000000000000000000,,1,-72,"865,7",Speedwayr-15-32-c2,"4,242990859291684",
2025-07-25T14:05:10.8671850+03:00,A20000000000000000000000,,1,"-57,5","865,7",Speedwayr-15-32-c2,"1,337631247036279",
2025-07-25T14:05:10.8711830+03:00,A60000000000000000000000,,1,"-60,5","865,7",Speedwayr-15-32-c2,"5,66959299202533",
2025-07-25T14:05:10.8725560+03:00,A40000000000000000000000,,1,-65,"865,7",Speedwayr-15-32-c2,"3,6570101983193686",
2025-07-25T14:05:10.8736800+03:00,A70000000000000000000000,,1,-63,"865,7",Speedwayr-15-32-c2,"0,5890486225480862",
2025-07-25T14:05:10.8779560+03:00,A30000000000000000000000,,1,"-62,5","865,7",Speedwayr-15-32-c2,"3,522019888985432",
2025-07-25T14:05:10.8833650+03:00,A80000000000000000000000,,1,-73,"865,7",Speedwayr-15-32-c2,"0,9878836273983529",
2025-07-25T14:05:10.8972190+03:00,A20000000000000000000000,,1,-58,"865,7",Speedwayr-15-32-c2,"1,4051264017032472",
2025-07-25T14:05:10.8991950+03:00,A60000000000000000000000,,1,"-59,5","865,7",Speedwayr-15-32-c2,"5,6573211457222445",
2025-07-25T14:05:10.9016650+03:00,A70000000000000000000000,,1,-64,"865,7",Speedwayr-15-32-c2,"0,5645049299419159",
2025-07-25T14:05:10.9036270+03:00,A40000000000000000000000,,1,-65,"865,7",Speedwayr-15-32-c2,"3,6570101983193686",
2025-07-25T14:05:10.9047380+03:00,A30000000000000000000000,,1,-63,"865,7",Speedwayr-15-32-c2,"3,5281558121369745",
2025-07-25T14:05:11.0329470+03:00,A80000000000000000000000,,1,-72,"865,7",Speedwayr-15-32-c2,"3,6355344672889696",
2025-07-25T14:05:11.0393720+03:00,A20000000000000000000000,,1,-58,"865,7",Speedwayr-15-32-c2,"1,3437671701878218",
2025-07-25T14:05:11.0430050+03:00,A60000000000000000000000,,1,"-60,5","865,7",Speedwayr-15-32-c2,"5,5284667595398505",
2025-07-25T14:05:11.0441610+03:00,A40000000000000000000000,,1,"-64,5","865,7",Speedwayr-15-32-c2,"3,5956509668039427",
2025-07-25T14:05:11.0461080+03:00,A70000000000000000000000,,1,"-63,5","865,7",Speedwayr-15-32-c2,"0,5399612373357456",
2025-07-25T14:05:11.0472070+03:00,A30000000000000000000000,,1,-63,"865,7",Speedwayr-15-32-c2,"3,436116964863836",
2025-07-25T14:05:11.0735560+03:00,A30000000000000000000000,,1,-63,"865,7",Speedwayr-15-32-c2,"3,56497135104623",
2025-07-25T14:05:11.0762900+03:00,A70000000000000000000000,,1,"-63,5","865,7",Speedwayr-15-32-c2,"0,44178646691106466",
2025-07-25T14:05:11.0814230+03:00,A20000000000000000000000,,1,-58,"865,7",Speedwayr-15-32-c2,"1,2762720155208536",
2025-07-25T14:05:11.0828180+03:00,A60000000000000000000000,,1,"-61,5","865,7",Speedwayr-15-32-c2,"5,632777453116074",
2025-07-25T14:05:11.0842580+03:00,A40000000000000000000000,,1,"-64,5","865,7",Speedwayr-15-32-c2,"3,5588354278946874",
2025-07-25T14:05:11.1117500+03:00,A80000000000000000000000,,1,-73,"865,7",Speedwayr-15-32-c2,"0,3650874275167826",
2025-07-25T14:05:11.1155700+03:00,A20000000000000000000000,,1,"-59,5","865,7",Speedwayr-15-32-c2,"1,337631247036279",
2025-07-25T14:05:11.1177820+03:00,A70000000000000000000000,,1,-64,"865,7",Speedwayr-15-32-c2,"0,380427235395639",
2025-07-25T14:05:11.1200070+03:00,A60000000000000000000000,,1,"-61,5","865,7",Speedwayr-15-32-c2,"5,6143696836614465",
2025-07-25T14:05:11.1219320+03:00,A40000000000000000000000,,1,"-64,5","865,7",Speedwayr-15-32-c2,"3,6263305825616556",
2025-07-25T14:05:11.1232600+03:00,A30000000000000000000000,,1,-63,"865,7",Speedwayr-15-32-c2,"3,724505352986337",
2025-07-25T14:05:11.1402610+03:00,A30000000000000000000000,,1,-63,"865,7",Speedwayr-15-32-c2,"3,54042765844006",
2025-07-25T14:05:11.1415870+03:00,A70000000000000000000000,,1,"-64,5","865,7",Speedwayr-15-32-c2,"0,30066023442558565",
2025-07-25T14:05:11.1478690+03:00,A20000000000000000000000,,1,"-59,5","865,7",Speedwayr-15-32-c2,"1,2701360923693108",
2025-07-25T14:05:11.1496620+03:00,A40000000000000000000000,,1,"-64,5","865,7",Speedwayr-15-32-c2,"3,2520392703175593",
2025-07-25T14:05:11.1510280+03:00,A60000000000000000000000,,1,"-62,5","865,7",Speedwayr-15-32-c2,"5,5714182216006485",
2025-07-25T14:05:11.1654730+03:00,A20000000000000000000000,,1,-58,"865,7",Speedwayr-15-32-c2,"1,4173982480063325",
2025-07-25T14:05:11.1673190+03:00,A40000000000000000000000,,1,-65,"865,7",Speedwayr-15-32-c2,"3,6079228131070282",
2025-07-25T14:05:11.1686320+03:00,A30000000000000000000000,,1,-63,"865,7",Speedwayr-15-32-c2,"3,5588354278946874",
2025-07-25T14:05:11.1729030+03:00,A70000000000000000000000,,1,"-64,5","865,7",Speedwayr-15-32-c2,"0,380427235395639",
2025-07-25T14:05:11.1740050+03:00,A60000000000000000000000,,1,-62,"865,7",Speedwayr-15-32-c2,"5,534602682691394",
2025-07-25T14:05:11.1976870+03:00,A60000000000000000000000,,1,"-60,5","865,7",Speedwayr-15-32-c2,"5,442563835418255",
2025-07-25T14:05:11.1990500+03:00,A20000000000000000000000,,1,"-57,5","865,7",Speedwayr-15-32-c2,"1,2946797849754812",
2025-07-25T14:05:11.2001350+03:00,A40000000000000000000000,,1,-65,"865,7",Speedwayr-15-32-c2,"3,5711072741977725",
2025-07-25T14:05:11.2043150+03:00,A70000000000000000000000,,1,"-64,5","865,7",Speedwayr-15-32-c2,"0,2086213871524472",
2025-07-25T14:05:11.2078260+03:00,A30000000000000000000000,,1,"-62,5","865,7",Speedwayr-15-32-c2,"3,509748042682347",
2025-07-25T14:05:11.2227110+03:00,A70000000000000000000000,,1,"-65,5","865,7",Speedwayr-15-32-c2,"0,11658253987930872",
2025-07-25T14:05:11.2244490+03:00,A60000000000000000000000,,1,-61,"865,7",Speedwayr-15-32-c2,"5,45483568172134",
2025-07-25T14:05:11.2255690+03:00,A20000000000000000000000,,1,-58,"865,7",Speedwayr-15-32-c2,"1,3130875544301088",
2025-07-25T14:05:11.2285170+03:00,A30000000000000000000000,,1,"-62,5","865,7",Speedwayr-15-32-c2,"3,423845118560751",
2025-07-25T14:05:11.2311430+03:00,A40000000000000000000000,,1,"-65,5","865,7",Speedwayr-15-32-c2,"3,6754179677739964",
2025-07-25T14:05:11.2504290+03:00,A20000000000000000000000,,1,"-58,5","865,7",Speedwayr-15-32-c2,"1,2210487071569704",
2025-07-25T14:05:11.2531370+03:00,A30000000000000000000000,,1,-63,"865,7",Speedwayr-15-32-c2,"3,356349963893783",
2025-07-25T14:05:11.2544200+03:00,A40000000000000000000000,,1,-65,"865,7",Speedwayr-15-32-c2,"3,56497135104623",
2025-07-25T14:05:11.2575790+03:00,A60000000000000000000000,,1,-60,"865,7",Speedwayr-15-32-c2,"5,313709449235861",
2025-07-25T14:05:11.2597160+03:00,A70000000000000000000000,,1,-65,"865,7",Speedwayr-15-32-c2,"6,240233845118788",
2025-07-25T14:05:11.2797610+03:00,A70000000000000000000000,,1,"-64,5","865,7",Speedwayr-15-32-c2,"0,14726215563702155",
2025-07-25T14:05:11.2810440+03:00,A30000000000000000000000,,1,"-62,5","865,7",Speedwayr-15-32-c2,"3,509748042682347",
2025-07-25T14:05:11.2847640+03:00,A40000000000000000000000,,1,"-64,5","865,7",Speedwayr-15-32-c2,"3,5588354278946874",
2025-07-25T14:05:11.2859140+03:00,A20000000000000000000000,,1,"-57,5","865,7",Speedwayr-15-32-c2,"1,2885438618239387",
2025-07-25T14:05:11.2875820+03:00,A60000000000000000000000,,1,-61,"865,7",Speedwayr-15-32-c2,"5,387340527054372",
2025-07-25T14:05:11.3025380+03:00,A40000000000000000000000,,1,-65,"865,7",Speedwayr-15-32-c2,"3,5772431973493153",
2025-07-25T14:05:11.3039790+03:00,A30000000000000000000000,,1,-63,"865,7",Speedwayr-15-32-c2,"3,4913402732277192",
2025-07-25T14:05:11.3053780+03:00,A60000000000000000000000,,1,"-59,5","865,7",Speedwayr-15-32-c2,"5,424156065963627",
2025-07-25T14:05:11.3080160+03:00,A70000000000000000000000,,1,-65,"865,7",Speedwayr-15-32-c2,"6,264777537724958",
2025-07-25T14:05:11.3094080+03:00,A20000000000000000000000,,1,-58,"865,7",Speedwayr-15-32-c2,"1,2640001692177683",
2025-07-25T14:05:11.3500680+03:00,A20000000000000000000000,,1,-58,"865,7",Speedwayr-15-32-c2,"1,2210487071569704",
2025-07-25T14:05:11.3515940+03:00,A40000000000000000000000,,1,"-65,5","865,7",Speedwayr-15-32-c2,"3,5833791205008576",
2025-07-25T14:05:11.3527050+03:00,A60000000000000000000000,,1,-61,"865,7",Speedwayr-15-32-c2,"5,313709449235861",
2025-07-25T14:05:11.3580590+03:00,A70000000000000000000000,,1,"-65,5","865,7",Speedwayr-15-32-c2,"0,11044661672776616",
2025-07-25T14:05:11.3725090+03:00,A60000000000000000000000,,1,-59,"865,7",Speedwayr-15-32-c2,"5,436427912266712",
2025-07-25T14:05:11.3735940+03:00,A30000000000000000000000,,1,-63,"865,7",Speedwayr-15-32-c2,"3,429981041712294",
2025-07-25T14:05:11.3767940+03:00,A20000000000000000000000,,1,"-57,5","865,7",Speedwayr-15-32-c2,"1,2885438618239387",
2025-07-25T14:05:11.3796790+03:00,A70000000000000000000000,,1,"-64,5","865,7",Speedwayr-15-32-c2,"0,1595340019401067",
2025-07-25T14:05:11.3816130+03:00,A40000000000000000000000,,1,-65,"865,7",Speedwayr-15-32-c2,"3,693825737228624",
2025-07-25T14:05:11.4035680+03:00,A80000000000000000000000,,1,"-74,5","865,7",Speedwayr-15-32-c2,"0,14419419406125028",
2025-07-25T14:05:11.4079150+03:00,A60000000000000000000000,,1,-60,"865,7",Speedwayr-15-32-c2,"5,393476450205914",
2025-07-25T14:05:11.4092550+03:00,A30000000000000000000000,,1,-63,"865,7",Speedwayr-15-32-c2,"3,5588354278946874",
2025-07-25T14:05:11.4114240+03:00,A20000000000000000000000,,1,-59,"865,7",Speedwayr-15-32-c2,"1,2455923997631406",
2025-07-25T14:05:11.4135610+03:00,A40000000000000000000000,,1,-65,"865,7",Speedwayr-15-32-c2,"3,497476196379262",
2025-07-25T14:05:11.4158920+03:00,A70000000000000000000000,,1,"-65,5","865,7",Speedwayr-15-32-c2,"0,2454369260617026",
2025-07-25T14:05:11.4309110+03:00,A30000000000000000000000,,1,"-63,5","865,7",Speedwayr-15-32-c2,"3,509748042682347",
2025-07-25T14:05:11.4350410+03:00,A20000000000000000000000,,1,-58,"865,7",Speedwayr-15-32-c2,"1,6505633277649499",
2025-07-25T14:05:11.4361410+03:00,A60000000000000000000000,,1,-61,"865,7",Speedwayr-15-32-c2,"5,424156065963627",
2025-07-25T14:05:11.4392240+03:00,A70000000000000000000000,,1,-65,"865,7",Speedwayr-15-32-c2,"0,2454369260617026",
2025-07-25T14:05:11.4406750+03:00,A40000000000000000000000,,1,-66,"865,7",Speedwayr-15-32-c2,"3,5956509668039427",
2025-07-25T14:05:11.4539980+03:00,A70000000000000000000000,,1,"-64,5","865,7",Speedwayr-15-32-c2,"0,1718058482431918",
2025-07-25T14:05:11.4556230+03:00,A60000000000000000000000,,1,"-60,5","865,7",Speedwayr-15-32-c2,"5,307573526084319",
2025-07-25T14:05:11.4571920+03:00,A20000000000000000000000,,1,-59,"865,7",Speedwayr-15-32-c2,"1,1596894756415448",
2025-07-25T14:05:11.4617110+03:00,A40000000000000000000000,,1,"-64,5","865,7",Speedwayr-15-32-c2,"3,5772431973493153",
2025-07-25T14:05:11.4629110+03:00,A30000000000000000000000,,1,-63,"865,7",Speedwayr-15-32-c2,"3,472932503773092",
2025-07-25T14:05:11.4933490+03:00,A80000000000000000000000,,1,"-74,5","865,7",Speedwayr-15-32-c2,"0,30679615757712825",
2025-07-25T14:05:11.4986520+03:00,A30000000000000000000000,,1,"-62,5","865,7",Speedwayr-15-32-c2,"3,54042765844006",
2025-07-25T14:05:11.5020000+03:00,A60000000000000000000000,,1,"-60,5","865,7",Speedwayr-15-32-c2,"5,387340527054372",
2025-07-25T14:05:11.5031560+03:00,A20000000000000000000000,,1,"-58,5","865,7",Speedwayr-15-32-c2,"1,1596894756415448",
2025-07-25T14:05:11.5042790+03:00,A40000000000000000000000,,1,"-65,5","865,7",Speedwayr-15-32-c2,"3,5956509668039427",
2025-07-25T14:05:11.5053520+03:00,A70000000000000000000000,,1,-65,"865,7",Speedwayr-15-32-c2,"0,14112623248547898",
2025-07-25T14:05:11.5292050+03:00,A60000000000000000000000,,1,-61,"865,7",Speedwayr-15-32-c2,"5,399612373357457",
2025-07-25T14:05:11.5305190+03:00,A20000000000000000000000,,1,"-58,5","865,7",Speedwayr-15-32-c2,"0,9572040116406401",
2025-07-25T14:05:11.5340470+03:00,A70000000000000000000000,,1,-65,"865,7",Speedwayr-15-32-c2,"0,1718058482431918",
2025-07-25T14:05:11.5372150+03:00,A30000000000000000000000,,1,-63,"865,7",Speedwayr-15-32-c2,"3,485204350076177",
2025-07-25T14:05:11.5407120+03:00,A40000000000000000000000,,1,"-65,5","865,7",Speedwayr-15-32-c2,"3,6570101983193686",
2025-07-25T14:05:11.5524430+03:00,A20000000000000000000000,,1,"-58,5","865,7",Speedwayr-15-32-c2,"1,1044661672776617",
2025-07-25T14:05:11.5537410+03:00,A70000000000000000000000,,1,"-65,5","865,7",Speedwayr-15-32-c2,"0,12885438618239387",
2025-07-25T14:05:11.5572390+03:00,A60000000000000000000000,,1,-60,"865,7",Speedwayr-15-32-c2,"5,418020142812084",
2025-07-25T14:05:11.5612890+03:00,A30000000000000000000000,,1,-63,"865,7",Speedwayr-15-32-c2,"3,4606606574700063",
2025-07-25T14:05:11.5631700+03:00,A40000000000000000000000,,1,"-65,5","865,7",Speedwayr-15-32-c2,"3,509748042682347",
2025-07-25T14:05:11.5997820+03:00,A60000000000000000000000,,1,"-60,5","865,7",Speedwayr-15-32-c2,"5,393476450205914",
2025-07-25T14:05:11.6021930+03:00,A70000000000000000000000,,1,-65,"865,7",Speedwayr-15-32-c2,"0,1043106935762236",
2025-07-25T14:05:11.6036320+03:00,A30000000000000000000000,,1,-63,"865,7",Speedwayr-15-32-c2,"3,479068426924634",
2025-07-25T14:05:11.6047020+03:00,A40000000000000000000000,,1,"-65,5","865,7",Speedwayr-15-32-c2,"3,5711072741977725",
2025-07-25T14:05:11.6070080+03:00,A20000000000000000000000,,1,"-58,5","865,7",Speedwayr-15-32-c2,"1,1965050145508",
2025-07-25T14:05:11.6219550+03:00,A20000000000000000000000,,1,"-58,5","865,7",Speedwayr-15-32-c2,"1,1044661672776617",
2025-07-25T14:05:11.6250050+03:00,A70000000000000000000000,,1,-65,"865,7",Speedwayr-15-32-c2,"0,21475731030398976",
2025-07-25T14:05:11.6264610+03:00,A60000000000000000000000,,1,-60,"865,7",Speedwayr-15-32-c2,"5,45483568172134",
2025-07-25T14:05:11.6296420+03:00,A40000000000000000000000,,1,"-65,5","865,7",Speedwayr-15-32-c2,"3,497476196379262",
2025-07-25T14:05:11.6307420+03:00,A30000000000000000000000,,1,-64,"865,7",Speedwayr-15-32-c2,"3,472932503773092",
2025-07-25T14:05:11.6533100+03:00,A80000000000000000000000,,1,-74,"865,7",Speedwayr-15-32-c2,"6,200350344633762",
2025-07-25T14:05:11.6598880+03:00,A60000000000000000000000,,1,-61,"865,7",Speedwayr-15-32-c2,"5,5100589900852235",
2025-07-25T14:05:11.6623610+03:00,A20000000000000000000000,,1,"-58,5","865,7",Speedwayr-15-32-c2,"1,0921943209745766",
2025-07-25T14:05:11.6637510+03:00,A70000000000000000000000,,1,-65,"865,7",Speedwayr-15-32-c2,"0,1902136176978195",
2025-07-25T14:05:11.6684220+03:00,A40000000000000000000000,,1,-65,"865,7",Speedwayr-15-32-c2,"3,4913402732277192",
2025-07-25T14:05:11.6718490+03:00,A30000000000000000000000,,1,"-63,5","865,7",Speedwayr-15-32-c2,"3,509748042682347",
2025-07-25T14:05:11.6990890+03:00,A20000000000000000000000,,1,"-57,5","865,7",Speedwayr-15-32-c2,"1,0369710126106935",
2025-07-25T14:05:11.7008010+03:00,A60000000000000000000000,,1,"-61,5","865,7",Speedwayr-15-32-c2,"5,3198453723874035",
2025-07-25T14:05:11.7032010+03:00,A40000000000000000000000,,1,-66,"865,7",Speedwayr-15-32-c2,"3,6079228131070282",
2025-07-25T14:05:11.7044850+03:00,A70000000000000000000000,,1,-65,"865,7",Speedwayr-15-32-c2,"0,19634954084936207",
2025-07-25T14:05:11.7072040+03:00,A30000000000000000000000,,1,"-63,5","865,7",Speedwayr-15-32-c2,"3,5342917352885173",
2025-07-25T14:05:11.7233940+03:00,A20000000000000000000000,,1,-59,"865,7",Speedwayr-15-32-c2,"1,1290098598838318",
2025-07-25T14:05:11.7247070+03:00,A30000000000000000000000,,1,-64,"865,7",Speedwayr-15-32-c2,"3,5281558121369745",
2025-07-25T14:05:11.7271230+03:00,A70000000000000000000000,,1,-65,"865,7",Speedwayr-15-32-c2,"0,2454369260617026",
2025-07-25T14:05:11.7295710+03:00,A60000000000000000000000,,1,"-60,5","865,7",Speedwayr-15-32-c2,"5,436427912266712",
2025-07-25T14:05:11.7325650+03:00,A40000000000000000000000,,1,-66,"865,7",Speedwayr-15-32-c2,"3,429981041712294",
2025-07-25T14:05:11.7589800+03:00,A70000000000000000000000,,1,-63,"865,7",Speedwayr-15-32-c2,"0,22089323345553233",
2025-07-25T14:05:11.7609600+03:00,A20000000000000000000000,,1,"-58,5","865,7",Speedwayr-15-32-c2,"1,1780972450961724",
2025-07-25T14:05:11.7637380+03:00,A40000000000000000000000,,1,-66,"865,7",Speedwayr-15-32-c2,"3,736777199289422",
2025-07-25T14:05:11.7659890+03:00,A30000000000000000000000,,1,"-62,5","865,7",Speedwayr-15-32-c2,"3,5772431973493153",
2025-07-25T14:05:11.7677000+03:00,A60000000000000000000000,,1,"-60,5","865,7",Speedwayr-15-32-c2,"5,485515297479052",
2025-07-25T14:05:11.7810870+03:00,A20000000000000000000000,,1,-58,"865,7",Speedwayr-15-32-c2,"0,9203884727313847",
2025-07-25T14:05:11.7834800+03:00,A30000000000000000000000,,1,"-63,5","865,7",Speedwayr-15-32-c2,"3,6079228131070282",
2025-07-25T14:05:11.7853590+03:00,A40000000000000000000000,,1,-65,"865,7",Speedwayr-15-32-c2,"3,429981041712294",
2025-07-25T14:05:11.7866680+03:00,A70000000000000000000000,,1,"-65,5","865,7",Speedwayr-15-32-c2,"0,2699806186678728",
2025-07-25T14:05:11.7885220+03:00,A60000000000000000000000,,1,-61,"865,7",Speedwayr-15-32-c2,"5,5100589900852235",
2025-07-25T14:05:11.8248280+03:00,A60000000000000000000000,,1,-61,"865,7",Speedwayr-15-32-c2,"5,749359992995383",
2025-07-25T14:05:11.8277550+03:00,A70000000000000000000000,,1,-64,"865,7",Speedwayr-15-32-c2,"0,2761165418194154",
2025-07-25T14:05:11.8295330+03:00,A20000000000000000000000,,1,-58,"865,7",Speedwayr-15-32-c2,"1,0246991663076084",
2025-07-25T14:05:11.8308440+03:00,A30000000000000000000000,,1,"-63,5","865,7",Speedwayr-15-32-c2,"3,6079228131070282",
2025-07-25T14:05:11.8319300+03:00,A40000000000000000000000,,1,-65,"865,7",Speedwayr-15-32-c2,"3,54042765844006",
2025-07-25T14:05:11.8812960+03:00,A70000000000000000000000,,1,"-65,5","865,7",Speedwayr-15-32-c2,"0,12885438618239387",
2025-07-25T14:05:11.8829330+03:00,A60000000000000000000000,,1,-61,"865,7",Speedwayr-15-32-c2,"5,559146375297564",
2025-07-25T14:05:11.8842690+03:00,A40000000000000000000000,,1,-65,"865,7",Speedwayr-15-32-c2,"3,5342917352885173",
2025-07-25T14:05:11.8856100+03:00,A20000000000000000000000,,1,-58,"865,7",Speedwayr-15-32-c2,"1,1474176293384597",
2025-07-25T14:05:11.8877290+03:00,A30000000000000000000000,,1,"-63,5","865,7",Speedwayr-15-32-c2,"3,6263305825616556",
2025-07-25T14:05:11.9023520+03:00,A20000000000000000000000,,1,"-59,5","865,7",Speedwayr-15-32-c2,"1,086058397823034",
2025-07-25T14:05:11.9041270+03:00,A60000000000000000000000,,1,-62,"865,7",Speedwayr-15-32-c2,"5,583690067903734",
2025-07-25T14:05:11.9075600+03:00,A40000000000000000000000,,1,"-65,5","865,7",Speedwayr-15-32-c2,"3,4913402732277192",
2025-07-25T14:05:11.9108200+03:00,A70000000000000000000000,,1,"-65,5","865,7",Speedwayr-15-32-c2,"0,28225246497095796",
2025-07-25T14:05:11.9122130+03:00,A30000000000000000000000,,1,"-63,5","865,7",Speedwayr-15-32-c2,"3,56497135104623",
2025-07-25T14:05:11.9285520+03:00,A60000000000000000000000,,1,"-61,5","865,7",Speedwayr-15-32-c2,"5,295301679781233",
2025-07-25T14:05:11.9307720+03:00,A20000000000000000000000,,1,-58,"865,7",Speedwayr-15-32-c2,"1,055378782065321",
2025-07-25T14:05:11.9318710+03:00,A30000000000000000000000,,1,"-63,5","865,7",Speedwayr-15-32-c2,"3,6570101983193686",
2025-07-25T14:05:11.9396950+03:00,A70000000000000000000000,,1,"-64,5","865,7",Speedwayr-15-32-c2,"0,30066023442558565",
2025-07-25T14:05:11.9408380+03:00,A40000000000000000000000,,1,"-65,5","865,7",Speedwayr-15-32-c2,"3,730641276137879",
2025-07-25T14:05:11.9624460+03:00,A80000000000000000000000,,1,-74,"865,7",Speedwayr-15-32-c2,"0,19941750242513334",
2025-07-25T14:05:11.9678910+03:00,A40000000000000000000000,,1,"-63,5","865,7",Speedwayr-15-32-c2,"3,6815538909255388",
2025-07-25T14:05:11.9712080+03:00,A20000000000000000000000,,1,"-58,5","865,7",Speedwayr-15-32-c2,"1,0737865515199487",
2025-07-25T14:05:11.9725330+03:00,A30000000000000000000000,,1,"-62,5","865,7",Speedwayr-15-32-c2,"3,6140587362585705",
2025-07-25T14:05:11.9736140+03:00,A70000000000000000000000,,1,"-65,5","865,7",Speedwayr-15-32-c2,"0,25770877236478773",
2025-07-25T14:05:11.9751080+03:00,A60000000000000000000000,,1,-60,"865,7",Speedwayr-15-32-c2,"5,632777453116074",
2025-07-25T14:05:11.9921210+03:00,A80000000000000000000000,,1,-74,"865,7",Speedwayr-15-32-c2,"0,15339807878856412",
2025-07-25T14:05:11.9989940+03:00,A30000000000000000000000,,1,-63,"865,7",Speedwayr-15-32-c2,"3,5711072741977725",
2025-07-25T14:05:12.0003140+03:00,A20000000000000000000000,,1,"-58,5","865,7",Speedwayr-15-32-c2,"1,1228739367322893",
2025-07-25T14:05:12.0029650+03:00,A70000000000000000000000,,1,-65,"865,7",Speedwayr-15-32-c2,"0,3620194659410113",
2025-07-25T14:05:12.0044360+03:00,A60000000000000000000000,,1,"-61,5","865,7",Speedwayr-15-32-c2,"5,651185222570702",
2025-07-25T14:05:12.0083230+03:00,A40000000000000000000000,,1,-66,"865,7",Speedwayr-15-32-c2,"3,552699504743145",
2025-07-25T14:05:12.0140330+03:00,A80000000000000000000000,,1,-75,"865,7",Speedwayr-15-32-c2,"5,178719139901925",
2025-07-25T14:05:12.0279950+03:00,A60000000000000000000000,,1,-61,"865,7",Speedwayr-15-32-c2,"5,626641529964532",
2025-07-25T14:05:12.0301840+03:00,A40000000000000000000000,,1,"-65,5","865,7",Speedwayr-15-32-c2,"3,497476196379262",
2025-07-25T14:05:12.0312510+03:00,A30000000000000000000000,,1,"-63,5","865,7",Speedwayr-15-32-c2,"3,6570101983193686",
2025-07-25T14:05:12.0323610+03:00,A20000000000000000000000,,1,"-58,5","865,7",Speedwayr-15-32-c2,"1,2026409377023426",
2025-07-25T14:05:12.0376090+03:00,A70000000000000000000000,,1,"-62,5","865,7",Speedwayr-15-32-c2,"0,2454369260617026",
2025-07-25T14:05:12.0644150+03:00,A20000000000000000000000,,1,"-59,5","865,7",Speedwayr-15-32-c2,"1,2455923997631406",
2025-07-25T14:05:12.0670520+03:00,A60000000000000000000000,,1,"-61,5","865,7",Speedwayr-15-32-c2,"5,50392306693368",
2025-07-25T14:05:12.0720160+03:00,A30000000000000000000000,,1,-63,"865,7",Speedwayr-15-32-c2,"3,6999616603801666",
2025-07-25T14:05:12.0732000+03:00,A40000000000000000000000,,1,-66,"865,7",Speedwayr-15-32-c2,"3,6876898140770815",
2025-07-25T14:05:12.0742270+03:00,A70000000000000000000000,,1,"-65,5","865,7",Speedwayr-15-32-c2,"0,16566992509164924",
2025-07-25T14:05:12.0895530+03:00,A30000000000000000000000,,1,"-62,5","865,7",Speedwayr-15-32-c2,"3,6570101983193686",
2025-07-25T14:05:12.0907060+03:00,A70000000000000000000000,,1,"-65,5","865,7",Speedwayr-15-32-c2,"0,2086213871524472",
2025-07-25T14:05:12.0925170+03:00,A60000000000000000000000,,1,"-61,5","865,7",Speedwayr-15-32-c2,"5,565282298449106",
2025-07-25T14:05:12.0935750+03:00,A40000000000000000000000,,1,-66,"865,7",Speedwayr-15-32-c2,"4,037437433715008",
2025-07-25T14:05:12.0960810+03:00,A20000000000000000000000,,1,"-59,5","865,7",Speedwayr-15-32-c2,"1,3499030933393643",
2025-07-25T14:05:12.1242220+03:00,A80000000000000000000000,,1,-74,"865,7",Speedwayr-15-32-c2,"0,06442719309119693",
2025-07-25T14:05:12.1302590+03:00,A30000000000000000000000,,1,-63,"865,7",Speedwayr-15-32-c2,"3,650874275167826",
2025-07-25T14:05:12.1316130+03:00,A40000000000000000000000,,1,"-66,5","865,7",Speedwayr-15-32-c2,"3,730641276137879",
2025-07-25T14:05:12.1331370+03:00,A60000000000000000000000,,1,"-61,5","865,7",Speedwayr-15-32-c2,"5,602097837358362",
2025-07-25T14:05:12.1342870+03:00,A20000000000000000000000,,1,"-58,5","865,7",Speedwayr-15-32-c2,"1,3130875544301088",
2025-07-25T14:05:12.1388690+03:00,A70000000000000000000000,,1,-65,"865,7",Speedwayr-15-32-c2,"0,2638446955163303",
2025-07-25T14:05:12.1639230+03:00,A80000000000000000000000,,1,-74,"865,7",Speedwayr-15-32-c2,"6,163534805724506",
2025-07-25T14:05:12.1690300+03:00,A70000000000000000000000,,1,-64,"865,7",Speedwayr-15-32-c2,"0,1718058482431918",
2025-07-25T14:05:12.1707130+03:00,A30000000000000000000000,,1,"-63,5","865,7",Speedwayr-15-32-c2,"3,442252888015379",
2025-07-25T14:05:12.1718120+03:00,A20000000000000000000000,,1,"-59,5","865,7",Speedwayr-15-32-c2,"1,368310862793992",
2025-07-25T14:05:12.1737380+03:00,A40000000000000000000000,,1,-66,"865,7",Speedwayr-15-32-c2,"3,436116964863836",
2025-07-25T14:05:12.1751570+03:00,A60000000000000000000000,,1,-60,"865,7",Speedwayr-15-32-c2,"5,460971604872882",
2025-07-25T14:05:12.2002570+03:00,A20000000000000000000000,,1,"-58,5","865,7",Speedwayr-15-32-c2,"1,227184630308513",
2025-07-25T14:05:12.2019290+03:00,A30000000000000000000000,,1,"-63,5","865,7",Speedwayr-15-32-c2,"3,5588354278946874",
2025-07-25T14:05:12.2030420+03:00,A60000000000000000000000,,1,-61,"865,7",Speedwayr-15-32-c2,"5,5100589900852235",
2025-07-25T14:05:12.2089680+03:00,A70000000000000000000000,,1,"-64,5","865,7",Speedwayr-15-32-c2,"0,2270291566070749",
2025-07-25T14:05:12.2116210+03:00,A40000000000000000000000,,1,-66,"865,7",Speedwayr-15-32-c2,"3,6263305825616556",
2025-07-25T14:05:12.2246130+03:00,A30000000000000000000000,,1,-63,"865,7",Speedwayr-15-32-c2,"3,2704470397721868",
2025-07-25T14:05:12.2261330+03:00,A20000000000000000000000,,1,-58,"865,7",Speedwayr-15-32-c2,"1,2701360923693108",
2025-07-25T14:05:12.2288270+03:00,A60000000000000000000000,,1,"-60,5","865,7",Speedwayr-15-32-c2,"5,368932757599744",
2025-07-25T14:05:12.2336710+03:00,A40000000000000000000000,,1,-65,"865,7",Speedwayr-15-32-c2,"3,4054373491061236",
2025-07-25T14:05:12.2380130+03:00,A70000000000000000000000,,1,-65,"865,7",Speedwayr-15-32-c2,"0,11044661672776616",
2025-07-25T14:05:12.2645400+03:00,A80000000000000000000000,,1,-74,"865,7",Speedwayr-15-32-c2,"6,209554229361076",
2025-07-25T14:05:12.2688160+03:00,A60000000000000000000000,,1,-61,"865,7",Speedwayr-15-32-c2,"5,534602682691394",
2025-07-25T14:05:12.2699670+03:00,A70000000000000000000000,,1,"-63,5","865,7",Speedwayr-15-32-c2,"0,1227184630308513",
2025-07-25T14:05:12.2715930+03:00,A30000000000000000000000,,1,-63,"865,7",Speedwayr-15-32-c2,"3,5711072741977725",
2025-07-25T14:05:12.2737600+03:00,A40000000000000000000000,,1,"-66,5","865,7",Speedwayr-15-32-c2,"3,3440781175906977",
2025-07-25T14:05:12.2765760+03:00,A20000000000000000000000,,1,-58,"865,7",Speedwayr-15-32-c2,"1,1780972450961724",
2025-07-25T14:05:12.3276850+03:00,A60000000000000000000000,,1,"-59,5","865,7",Speedwayr-15-32-c2,"5,546874528994478",
2025-07-25T14:05:12.3309210+03:00,A30000000000000000000000,,1,-63,"865,7",Speedwayr-15-32-c2,"3,54042765844006",
2025-07-25T14:05:12.3322470+03:00,A20000000000000000000000,,1,-59,"865,7",Speedwayr-15-32-c2,"1,1167380135807468",
2025-07-25T14:05:12.3397790+03:00,A70000000000000000000000,,1,"-64,5","865,7",Speedwayr-15-32-c2,"0,19634954084936207",
2025-07-25T14:05:12.3433280+03:00,A40000000000000000000000,,1,"-66,5","865,7",Speedwayr-15-32-c2,"3,472932503773092",
2025-07-25T14:05:12.3741310+03:00,A80000000000000000000000,,1,"-73,5","865,7",Speedwayr-15-32-c2,"0,11965050145508001",
2025-07-25T14:05:12.3787650+03:00,A30000000000000000000000,,1,"-63,5","865,7",Speedwayr-15-32-c2,"3,6140587362585705",
2025-07-25T14:05:12.3816560+03:00,A40000000000000000000000,,1,"-66,5","865,7",Speedwayr-15-32-c2,"3,4606606574700063",
2025-07-25T14:05:12.3828450+03:00,A20000000000000000000000,,1,-58,"865,7",Speedwayr-15-32-c2,"1,0676506283684062",
2025-07-25T14:05:12.3855000+03:00,A60000000000000000000000,,1,-61,"865,7",Speedwayr-15-32-c2,"5,448699758569798",
2025-07-25T14:05:12.3943610+03:00,A80000000000000000000000,,1,"-69,5","865,7",Speedwayr-15-32-c2,"0,46019423636569234",
2025-07-25T14:05:12.4065600+03:00,A20000000000000000000000,,1,"-58,5","865,7",Speedwayr-15-32-c2,"0,944932165337555",
2025-07-25T14:05:12.4081260+03:00,A30000000000000000000000,,1,"-63,5","865,7",Speedwayr-15-32-c2,"3,6386024288647407",
2025-07-25T14:05:12.4108100+03:00,A40000000000000000000000,,1,"-66,5","865,7",Speedwayr-15-32-c2,"3,4606606574700063",
2025-07-25T14:05:12.4123050+03:00,A60000000000000000000000,,1,"-61,5","865,7",Speedwayr-15-32-c2,"5,5714182216006485",
2025-07-25T14:05:12.4410470+03:00,A40000000000000000000000,,1,"-65,5","865,7",Speedwayr-15-32-c2,"3,6017868899554855",
2025-07-25T14:05:12.4422280+03:00,A20000000000000000000000,,1,"-58,5","865,7",Speedwayr-15-32-c2,"1,0369710126106935",
2025-07-25T14:05:12.4433700+03:00,A60000000000000000000000,,1,"-61,5","865,7",Speedwayr-15-32-c2,"5,516194913236766",
2025-07-25T14:05:12.4491050+03:00,A30000000000000000000000,,1,"-62,5","865,7",Speedwayr-15-32-c2,"3,6692820446224537",
2025-07-25T14:05:12.4556340+03:00,A70000000000000000000000,,1,"-65,5","865,7",Speedwayr-15-32-c2,"0,2086213871524472",
2025-07-25T14:05:12.4885250+03:00,A20000000000000000000000,,1,-60,"865,7",Speedwayr-15-32-c2,"0,9510680884890975",
2025-07-25T14:05:12.4902820+03:00,A30000000000000000000000,,1,"-63,5","865,7",Speedwayr-15-32-c2,"3,6140587362585705",
2025-07-25T14:05:12.4924530+03:00,A70000000000000000000000,,1,-65,"865,7",Speedwayr-15-32-c2,"0,15339807878856412",
2025-07-25T14:05:12.4940650+03:00,A60000000000000000000000,,1,"-61,5","865,7",Speedwayr-15-32-c2,"5,620505606812989",
2025-07-25T14:05:12.5212040+03:00,A80000000000000000000000,,1,"-73,5","865,7",Speedwayr-15-32-c2,"3,0464858447408836",
2025-07-25T14:05:12.5262530+03:00,A60000000000000000000000,,1,"-60,5","865,7",Speedwayr-15-32-c2,"5,663457068873787",
2025-07-25T14:05:12.5301850+03:00,A20000000000000000000000,,1,"-59,5","865,7",Speedwayr-15-32-c2,"0,8528933180644165",
2025-07-25T14:05:12.5317620+03:00,A40000000000000000000000,,1,-65,"865,7",Speedwayr-15-32-c2,"3,6386024288647407",
2025-07-25T14:05:12.5332890+03:00,A70000000000000000000000,,1,-66,"865,7",Speedwayr-15-32-c2,"0,15339807878856412",
2025-07-25T14:05:12.5351970+03:00,A30000000000000000000000,,1,"-63,5","865,7",Speedwayr-15-32-c2,"3,6201946594101133",
2025-07-25T14:05:12.5635730+03:00,A80000000000000000000000,,1,-74,"865,7",Speedwayr-15-32-c2,"6,21875811408839",
2025-07-25T14:05:12.5681680+03:00,A60000000000000000000000,,1,-61,"865,7",Speedwayr-15-32-c2,"5,5714182216006485",
2025-07-25T14:05:12.5706300+03:00,A40000000000000000000000,,1,-67,"865,7",Speedwayr-15-32-c2,"3,6386024288647407",
2025-07-25T14:05:12.5735880+03:00,A80000000000000000000000,,1,-70,"865,7",Speedwayr-15-32-c2,"6,160466844148735",
2025-07-25T14:05:12.5747370+03:00,A20000000000000000000000,,1,"-59,5","865,7",Speedwayr-15-32-c2,"0,8835729338221293",
2025-07-25T14:05:12.5797300+03:00,A70000000000000000000000,,1,-65,"865,7",Speedwayr-15-32-c2,"0,1595340019401067",
2025-07-25T14:05:12.5822590+03:00,A30000000000000000000000,,1,-64,"865,7",Speedwayr-15-32-c2,"3,6876898140770815",
2025-07-25T14:05:12.5973290+03:00,A60000000000000000000000,,1,"-59,5","865,7",Speedwayr-15-32-c2,"5,565282298449106",
2025-07-25T14:05:12.5994530+03:00,A70000000000000000000000,,1,"-65,5","865,7",Speedwayr-15-32-c2,"0,21475731030398976",
2025-07-25T14:05:12.6018970+03:00,A20000000000000000000000,,1,"-59,5","865,7",Speedwayr-15-32-c2,"0,8651651643675016",
2025-07-25T14:05:12.6029780+03:00,A30000000000000000000000,,1,-64,"865,7",Speedwayr-15-32-c2,"3,730641276137879",
2025-07-25T14:05:12.6089520+03:00,A40000000000000000000000,,1,-65,"865,7",Speedwayr-15-32-c2,"3,6692820446224537",
2025-07-25T14:05:12.6337800+03:00,A80000000000000000000000,,1,-74,"865,7",Speedwayr-15-32-c2,"0,08897088569736719",
2025-07-25T14:05:12.6373600+03:00,A60000000000000000000000,,1,-61,"865,7",Speedwayr-15-32-c2,"5,583690067903734",
2025-07-25T14:05:12.6401240+03:00,A70000000000000000000000,,1,-66,"865,7",Speedwayr-15-32-c2,"6,166602767300278",
2025-07-25T14:05:12.6423170+03:00,A30000000000000000000000,,1,"-64,5","865,7",Speedwayr-15-32-c2,"3,773592738198677",
2025-07-25T14:05:12.6434020+03:00,A20000000000000000000000,,1,-61,"865,7",Speedwayr-15-32-c2,"0,8467573949128739",
2025-07-25T14:05:12.6527430+03:00,A40000000000000000000000,,1,-68,"865,7",Speedwayr-15-32-c2,"3,6570101983193686",
2025-07-25T14:05:12.6737450+03:00,A80000000000000000000000,,1,"-73,5","865,7",Speedwayr-15-32-c2,"6,227961998815704",
2025-07-25T14:05:12.6797880+03:00,A60000000000000000000000,,1,"-61,5","865,7",Speedwayr-15-32-c2,"5,546874528994478",
2025-07-25T14:05:12.6813390+03:00,A70000000000000000000000,,1,"-65,5","865,7",Speedwayr-15-32-c2,"0,1227184630308513",
2025-07-25T14:05:12.6824720+03:00,A20000000000000000000000,,1,-60,"865,7",Speedwayr-15-32-c2,"0,8283496254582462",
2025-07-25T14:05:12.6843430+03:00,A40000000000000000000000,,1,"-67,5","865,7",Speedwayr-15-32-c2,"3,724505352986337",
2025-07-25T14:05:12.6854090+03:00,A30000000000000000000000,,1,-64,"865,7",Speedwayr-15-32-c2,"3,834951969714103",
2025-07-25T14:05:12.7035180+03:00,A80000000000000000000000,,1,-73,"865,7",Speedwayr-15-32-c2,"6,240233845118788",
2025-07-25T14:05:12.7087760+03:00,A20000000000000000000000,,1,-60,"865,7",Speedwayr-15-32-c2,"0,8099418560036186",
2025-07-25T14:05:12.7101840+03:00,A70000000000000000000000,,1,-64,"865,7",Speedwayr-15-32-c2,"0,20248546400090464",
2025-07-25T14:05:12.7114840+03:00,A30000000000000000000000,,1,"-64,5","865,7",Speedwayr-15-32-c2,"3,7429131224409646",
2025-07-25T14:05:12.7139920+03:00,A40000000000000000000000,,1,"-67,5","865,7",Speedwayr-15-32-c2,"3,7981364308048478",
2025-07-25T14:05:12.7156290+03:00,A60000000000000000000000,,1,"-59,5","865,7",Speedwayr-15-32-c2,"5,47937937432751",
2025-07-25T14:05:12.7438060+03:00,A30000000000000000000000,,1,"-64,5","865,7",Speedwayr-15-32-c2,"3,834951969714103",
2025-07-25T14:05:12.7471360+03:00,A60000000000000000000000,,1,"-61,5","865,7",Speedwayr-15-32-c2,"5,5714182216006485",
2025-07-25T14:05:12.7505060+03:00,A40000000000000000000000,,1,-65,"865,7",Speedwayr-15-32-c2,"3,6079228131070282",
2025-07-25T14:05:12.7516180+03:00,A20000000000000000000000,,1,-61,"865,7",Speedwayr-15-32-c2,"0,8835729338221293",
2025-07-25T14:05:12.7529600+03:00,A70000000000000000000000,,1,"-66,5","865,7",Speedwayr-15-32-c2,"0,18407769454627693",
2025-07-25T14:05:12.7707840+03:00,A20000000000000000000000,,1,-59,"865,7",Speedwayr-15-32-c2,"0,7731263170943632",
2025-07-25T14:05:12.7724090+03:00,A30000000000000000000000,,1,"-64,5","865,7",Speedwayr-15-32-c2,"3,9392626632903265",
2025-07-25T14:05:12.7748620+03:00,A60000000000000000000000,,1,-61,"865,7",Speedwayr-15-32-c2,"5,497787143782138",
2025-07-25T14:05:12.7817170+03:00,A40000000000000000000000,,1,"-67,5","865,7",Speedwayr-15-32-c2,"3,6263305825616556",
2025-07-25T14:05:12.7834750+03:00,A70000000000000000000000,,1,"-65,5","865,7",Speedwayr-15-32-c2,"0,23316507975861744",
2025-07-25T14:05:12.8031480+03:00,A80000000000000000000000,,1,-74,"865,7",Speedwayr-15-32-c2,"6,270913460876501",
2025-07-25T14:05:12.8120000+03:00,A60000000000000000000000,,1,"-61,5","865,7",Speedwayr-15-32-c2,"5,632777453116074",
2025-07-25T14:05:12.8131110+03:00,A20000000000000000000000,,1,"-60,5","865,7",Speedwayr-15-32-c2,"0,760854470791278",
2025-07-25T14:05:12.8205940+03:00,A70000000000000000000000,,1,"-64,5","865,7",Speedwayr-15-32-c2,"0,25770877236478773",
2025-07-25T14:05:12.8219020+03:00,A40000000000000000000000,,1,"-67,5","865,7",Speedwayr-15-32-c2,"3,9085830475326135",
2025-07-25T14:05:12.8232300+03:00,A30000000000000000000000,,1,-65,"865,7",Speedwayr-15-32-c2,"3,9208548938356986",
2025-07-25T14:05:12.8511240+03:00,A80000000000000000000000,,1,"-73,5","865,7",Speedwayr-15-32-c2,"6,24330180669456",
2025-07-25T14:05:12.8577040+03:00,A20000000000000000000000,,1,-61,"865,7",Speedwayr-15-32-c2,"0,803805932852076",
2025-07-25T14:05:12.8597860+03:00,A60000000000000000000000,,1,"-61,5","865,7",Speedwayr-15-32-c2,"5,516194913236766",
2025-07-25T14:05:12.8615490+03:00,A70000000000000000000000,,1,"-66,5","865,7",Speedwayr-15-32-c2,"0,12885438618239387",
2025-07-25T14:05:12.8626660+03:00,A30000000000000000000000,,1,"-63,5","865,7",Speedwayr-15-32-c2,"3,9392626632903265",
2025-07-25T14:05:12.8704390+03:00,A40000000000000000000000,,1,-68,"865,7",Speedwayr-15-32-c2,"3,8963112012295285",
2025-07-25T14:05:12.9024940+03:00,A80000000000000000000000,,1,-74,"865,7",Speedwayr-15-32-c2,"0,09203884727313846",
2025-07-25T14:05:12.9081070+03:00,A60000000000000000000000,,1,"-61,5","865,7",Speedwayr-15-32-c2,"5,534602682691394",
2025-07-25T14:05:12.9097930+03:00,A40000000000000000000000,,1,-67,"865,7",Speedwayr-15-32-c2,"3,785864584501762",
2025-07-25T14:05:12.9128810+03:00,A70000000000000000000000,,1,"-65,5","865,7",Speedwayr-15-32-c2,"0,05522330836388308",
2025-07-25T14:05:12.9139850+03:00,A20000000000000000000000,,1,-60,"865,7",Speedwayr-15-32-c2,"0,7240389318820226",
2025-07-25T14:05:12.9189420+03:00,A30000000000000000000000,,1,-65,"865,7",Speedwayr-15-32-c2,"4,246058820867455",
2025-07-25T14:05:12.9510480+03:00,A70000000000000000000000,,1,"-65,5","865,7",Speedwayr-15-32-c2,"0,14112623248547898",
2025-07-25T14:05:12.9530340+03:00,A60000000000000000000000,,1,"-61,5","865,7",Speedwayr-15-32-c2,"5,5714182216006485",
2025-07-25T14:05:12.9541740+03:00,A30000000000000000000000,,1,-65,"865,7",Speedwayr-15-32-c2,"4,0128937411088375",
2025-07-25T14:05:12.9576120+03:00,A20000000000000000000000,,1,-61,"865,7",Speedwayr-15-32-c2,"0,705631162427395",
2025-07-25T14:05:12.9599210+03:00,A40000000000000000000000,,1,"-66,5","865,7",Speedwayr-15-32-c2,"3,80427235395639",
2025-07-25T14:05:12.9735210+03:00,A20000000000000000000000,,1,"-59,5","865,7",Speedwayr-15-32-c2,"0,803805932852076",
2025-07-25T14:05:12.9788450+03:00,A60000000000000000000000,,1,"-61,5","865,7",Speedwayr-15-32-c2,"5,540738605842936",
2025-07-25T14:05:12.9801610+03:00,A70000000000000000000000,,1,-66,"865,7",Speedwayr-15-32-c2,"0,30066023442558565",
2025-07-25T14:05:12.9813730+03:00,A30000000000000000000000,,1,-63,"865,7",Speedwayr-15-32-c2,"4,025165587411922",
2025-07-25T14:05:12.9824550+03:00,A40000000000000000000000,,1,"-67,5","865,7",Speedwayr-15-32-c2,"3,7981364308048478",
2025-07-25T14:05:13.0005350+03:00,A30000000000000000000000,,1,"-64,5","865,7",Speedwayr-15-32-c2,"4,1172044346850605",
2025-07-25T14:05:13.0023300+03:00,A60000000000000000000000,,1,-61,"865,7",Speedwayr-15-32-c2,"5,583690067903734",
2025-07-25T14:05:13.0086130+03:00,A70000000000000000000000,,1,"-64,5","865,7",Speedwayr-15-32-c2,"0,1718058482431918",
2025-07-25T14:05:13.0096600+03:00,A20000000000000000000000,,1,"-60,5","865,7",Speedwayr-15-32-c2,"0,9817477042468103",
2025-07-25T14:05:13.0115390+03:00,A40000000000000000000000,,1,-65,"865,7",Speedwayr-15-32-c2,"3,8410878928656453",
2025-07-25T14:05:13.0240250+03:00,A60000000000000000000000,,1,"-61,5","865,7",Speedwayr-15-32-c2,"5,50392306693368",
2025-07-25T14:05:13.0278390+03:00,A20000000000000000000000,,1,-60,"865,7",Speedwayr-15-32-c2,"0,803805932852076",
2025-07-25T14:05:13.0306590+03:00,A40000000000000000000000,,1,-67,"865,7",Speedwayr-15-32-c2,"4,01902966426038",
2025-07-25T14:05:13.0319640+03:00,A30000000000000000000000,,1,"-64,5","865,7",Speedwayr-15-32-c2,"3,847223816017188",
2025-07-25T14:05:13.0352380+03:00,A70000000000000000000000,,1,"-65,5","865,7",Speedwayr-15-32-c2,"0,5154175447295755",
2025-07-25T14:05:13.0605590+03:00,A20000000000000000000000,,1,"-60,5","865,7",Speedwayr-15-32-c2,"0,9633399347921826",
2025-07-25T14:05:13.0640720+03:00,A70000000000000000000000,,1,-66,"865,7",Speedwayr-15-32-c2,"0,3620194659410113",
2025-07-25T14:05:13.0669150+03:00,A40000000000000000000000,,1,-65,"865,7",Speedwayr-15-32-c2,"3,865631585471816",
2025-07-25T14:05:13.0683580+03:00,A60000000000000000000000,,1,"-61,5","865,7",Speedwayr-15-32-c2,"5,5714182216006485",
2025-07-25T14:05:13.0707470+03:00,A30000000000000000000000,,1,-64,"865,7",Speedwayr-15-32-c2,"4,06811704947272",
2025-07-25T14:05:13.0849430+03:00,A30000000000000000000000,,1,-64,"865,7",Speedwayr-15-32-c2,"4,086524818927348",
2025-07-25T14:05:13.0860160+03:00,A70000000000000000000000,,1,"-65,5","865,7",Speedwayr-15-32-c2,"0,0674951546669682",
2025-07-25T14:05:13.0922100+03:00,A20000000000000000000000,,1,"-60,5","865,7",Speedwayr-15-32-c2,"1,0492428589137786",
2025-07-25T14:05:13.0934510+03:00,A60000000000000000000000,,1,-62,"865,7",Speedwayr-15-32-c2,"5,8045833013592665",
2025-07-25T14:05:13.1034580+03:00,A40000000000000000000000,,1,"-67,5","865,7",Speedwayr-15-32-c2,"3,933126740138784",
2025-07-25T14:05:13.1217960+03:00,A30000000000000000000000,,1,-64,"865,7",Speedwayr-15-32-c2,"4,1172044346850605",
2025-07-25T14:05:13.1229390+03:00,A60000000000000000000000,,1,-62,"865,7",Speedwayr-15-32-c2,"5,688000761479957",
2025-07-25T14:05:13.1284880+03:00,A20000000000000000000000,,1,-60,"865,7",Speedwayr-15-32-c2,"1,1351457830353744",
2025-07-25T14:05:13.1334010+03:00,A70000000000000000000000,,1,-65,"865,7",Speedwayr-15-32-c2,"0,25770877236478773",
2025-07-25T14:05:13.1532500+03:00,A80000000000000000000000,,1,-73,"865,7",Speedwayr-15-32-c2,"0,1932815792735908",
2025-07-25T14:05:13.1611840+03:00,A70000000000000000000000,,1,"-64,5","865,7",Speedwayr-15-32-c2,"0,3620194659410113",
2025-07-25T14:05:13.1622530+03:00,A20000000000000000000000,,1,-61,"865,7",Speedwayr-15-32-c2,"1,1780972450961724",
2025-07-25T14:05:13.1635440+03:00,A30000000000000000000000,,1,-64,"865,7",Speedwayr-15-32-c2,"4,184699589352029",
2025-07-25T14:05:13.1650710+03:00,A60000000000000000000000,,1,-60,"865,7",Speedwayr-15-32-c2,"5,688000761479957",
2025-07-25T14:05:13.1717910+03:00,A40000000000000000000000,,1,-67,"865,7",Speedwayr-15-32-c2,"3,724505352986337",
2025-07-25T14:05:13.2088230+03:00,A60000000000000000000000,,1,-62,"865,7",Speedwayr-15-32-c2,"5,675728915176872",
2025-07-25T14:05:13.2125730+03:00,A40000000000000000000000,,1,"-67,5","865,7",Speedwayr-15-32-c2,"3,6263305825616556",
2025-07-25T14:05:13.2142300+03:00,A20000000000000000000000,,1,-60,"865,7",Speedwayr-15-32-c2,"1,0737865515199487",
2025-07-25T14:05:13.2194210+03:00,A70000000000000000000000,,1,"-64,5","865,7",Speedwayr-15-32-c2,"0,3129320807286708",
2025-07-25T14:05:13.2207780+03:00,A30000000000000000000000,,1,-63,"865,7",Speedwayr-15-32-c2,"4,0128937411088375",
2025-07-25T14:05:13.2546720+03:00,A80000000000000000000000,,1,"-73,5","865,7",Speedwayr-15-32-c2,"0,47860200582032003",
2025-07-25T14:05:13.2589230+03:00,A20000000000000000000000,,1,"-59,5","865,7",Speedwayr-15-32-c2,"1,0799224746714913",
2025-07-25T14:05:13.2609050+03:00,A30000000000000000000000,,1,"-64,5","865,7",Speedwayr-15-32-c2,"4,0987966652304335",
2025-07-25T14:05:13.2639580+03:00,A70000000000000000000000,,1,"-66,5","865,7",Speedwayr-15-32-c2,"0,2270291566070749",
2025-07-25T14:05:13.2650680+03:00,A60000000000000000000000,,1,"-61,5","865,7",Speedwayr-15-32-c2,"5,620505606812989",
2025-07-25T14:05:13.2691760+03:00,A40000000000000000000000,,1,"-66,5","865,7",Speedwayr-15-32-c2,"3,9453985864418692",
2025-07-25T14:05:13.2733110+03:00,A80000000000000000000000,,1,"-69,5","865,7",Speedwayr-15-32-c2,"0,5583690067903734",
2025-07-25T14:05:13.2885290+03:00,A20000000000000000000000,,1,"-60,5","865,7",Speedwayr-15-32-c2,"1,1044661672776617",
2025-07-25T14:05:13.2899150+03:00,A30000000000000000000000,,1,"-62,5","865,7",Speedwayr-15-32-c2,"3,9453985864418692",
2025-07-25T14:05:13.2910680+03:00,A60000000000000000000000,,1,"-61,5","865,7",Speedwayr-15-32-c2,"5,559146375297564",
2025-07-25T14:05:13.2934010+03:00,A40000000000000000000000,,1,"-67,5","865,7",Speedwayr-15-32-c2,"3,706097583531709",
2025-07-25T14:05:13.2959200+03:00,A70000000000000000000000,,1,"-65,5","865,7",Speedwayr-15-32-c2,"6,270913460876501",
2025-07-25T14:05:13.3210700+03:00,A80000000000000000000000,,1,"-72,5","865,7",Speedwayr-15-32-c2,"3,6079228131070282",
2025-07-25T14:05:13.3248470+03:00,A20000000000000000000000,,1,"-60,5","865,7",Speedwayr-15-32-c2,"0,8958447801252144",
2025-07-25T14:05:13.3271120+03:00,A30000000000000000000000,,1,-64,"865,7",Speedwayr-15-32-c2,"4,06811704947272",
2025-07-25T14:05:13.3282170+03:00,A60000000000000000000000,,1,-62,"865,7",Speedwayr-15-32-c2,"5,589825991055276",
2025-07-25T14:05:13.3305980+03:00,A40000000000000000000000,,1,-67,"865,7",Speedwayr-15-32-c2,"3,816544200259475",
2025-07-25T14:05:13.3327800+03:00,A70000000000000000000000,,1,"-66,5","865,7",Speedwayr-15-32-c2,"6,252505691421874",
2025-07-25T14:05:13.3611340+03:00,A60000000000000000000000,,1,"-60,5","865,7",Speedwayr-15-32-c2,"5,583690067903734",
2025-07-25T14:05:13.3627170+03:00,A20000000000000000000000,,1,"-60,5","865,7",Speedwayr-15-32-c2,"1,1596894756415448",
2025-07-25T14:05:13.3642430+03:00,A30000000000000000000000,,1,"-63,5","865,7",Speedwayr-15-32-c2,"3,9392626632903265",
2025-07-25T14:05:13.3677710+03:00,A70000000000000000000000,,1,-65,"865,7",Speedwayr-15-32-c2,"0,20248546400090464",
2025-07-25T14:05:13.3696520+03:00,A40000000000000000000000,,1,"-67,5","865,7",Speedwayr-15-32-c2,"3,6999616603801666",
2025-07-25T14:05:13.3842830+03:00,A60000000000000000000000,,1,-62,"865,7",Speedwayr-15-32-c2,"5,589825991055276",
2025-07-25T14:05:13.3856390+03:00,A20000000000000000000000,,1,-61,"865,7",Speedwayr-15-32-c2,"0,944932165337555",
2025-07-25T14:05:13.3894050+03:00,A70000000000000000000000,,1,-65,"865,7",Speedwayr-15-32-c2,"0,15339807878856412",
2025-07-25T14:05:13.3915920+03:00,A40000000000000000000000,,1,"-66,5","865,7",Speedwayr-15-32-c2,"3,730641276137879",
2025-07-25T14:05:13.3926730+03:00,A30000000000000000000000,,1,-65,"865,7",Speedwayr-15-32-c2,"3,9944859716542096",
2025-07-25T14:05:13.4121030+03:00,A20000000000000000000000,,1,"-60,5","865,7",Speedwayr-15-32-c2,"1,086058397823034",
2025-07-25T14:05:13.4139830+03:00,A40000000000000000000000,,1,"-67,5","865,7",Speedwayr-15-32-c2,"4,1172044346850605",
2025-07-25T14:05:13.4166290+03:00,A60000000000000000000000,,1,-61,"865,7",Speedwayr-15-32-c2,"5,553010452146021",
2025-07-25T14:05:13.4203910+03:00,A30000000000000000000000,,1,-63,"865,7",Speedwayr-15-32-c2,"3,9822141253511245",
2025-07-25T14:05:13.4221310+03:00,A70000000000000000000000,,1,-66,"865,7",Speedwayr-15-32-c2,"0,20248546400090464",
2025-07-25T14:05:13.4379940+03:00,A60000000000000000000000,,1,"-61,5","865,7",Speedwayr-15-32-c2,"5,50392306693368",
2025-07-25T14:05:13.4395250+03:00,A30000000000000000000000,,1,"-64,5","865,7",Speedwayr-15-32-c2,"4,09266074207889",
2025-07-25T14:05:13.4405800+03:00,A70000000000000000000000,,1,"-66,5","865,7",Speedwayr-15-32-c2,"0,04295146206079795",
2025-07-25T14:05:13.4416650+03:00,A20000000000000000000000,,1,-61,"865,7",Speedwayr-15-32-c2,"1,0615147052168636",
2025-07-25T14:05:13.4431420+03:00,A40000000000000000000000,,1,"-67,5","865,7",Speedwayr-15-32-c2,"3,5711072741977725",
2025-07-25T14:05:13.4707080+03:00,A20000000000000000000000,,1,"-60,5","865,7",Speedwayr-15-32-c2,"1,0185632431560658",
2025-07-25T14:05:13.4721150+03:00,A70000000000000000000000,,1,-65,"865,7",Speedwayr-15-32-c2,"0,14726215563702155",
2025-07-25T14:05:13.4737400+03:00,A30000000000000000000000,,1,-64,"865,7",Speedwayr-15-32-c2,"4,06811704947272",
2025-07-25T14:05:13.4764140+03:00,A60000000000000000000000,,1,-62,"865,7",Speedwayr-15-32-c2,"5,602097837358362",
2025-07-25T14:05:13.4818210+03:00,A40000000000000000000000,,1,-68,"865,7",Speedwayr-15-32-c2,"4,246058820867455",
2025-07-25T14:05:13.4940570+03:00,A60000000000000000000000,,1,-62,"865,7",Speedwayr-15-32-c2,"5,663457068873787",
2025-07-25T14:05:13.4965080+03:00,A20000000000000000000000,,1,-61,"865,7",Speedwayr-15-32-c2,"1,0615147052168636",
2025-07-25T14:05:13.4994530+03:00,A70000000000000000000000,,1,-66,"865,7",Speedwayr-15-32-c2,"0,06135923151542565",
2025-07-25T14:05:13.5032060+03:00,A40000000000000000000000,,1,-68,"865,7",Speedwayr-15-32-c2,"3,9085830475326135",
2025-07-25T14:05:13.5043070+03:00,A30000000000000000000000,,1,"-63,5","865,7",Speedwayr-15-32-c2,"4,061981126321178",
2025-07-25T14:05:13.5199940+03:00,A60000000000000000000000,,1,-60,"865,7",Speedwayr-15-32-c2,"5,546874528994478",
2025-07-25T14:05:13.5225850+03:00,A30000000000000000000000,,1,-64,"865,7",Speedwayr-15-32-c2,"4,01902966426038",
2025-07-25T14:05:13.5263600+03:00,A20000000000000000000000,,1,"-58,5","865,7",Speedwayr-15-32-c2,"1,0615147052168636",
2025-07-25T14:05:13.5290450+03:00,A70000000000000000000000,,1,"-64,5","865,7",Speedwayr-15-32-c2,"6,240233845118788",
2025-07-25T14:05:13.5408790+03:00,A30000000000000000000000,,1,-63,"865,7",Speedwayr-15-32-c2,"4,080388895775806",
2025-07-25T14:05:13.5425290+03:00,A20000000000000000000000,,1,"-59,5","865,7",Speedwayr-15-32-c2,"1,0369710126106935",
2025-07-25T14:05:13.5450360+03:00,A60000000000000000000000,,1,-60,"865,7",Speedwayr-15-32-c2,"5,418020142812084",
2025-07-25T14:05:13.5519500+03:00,A40000000000000000000000,,1,"-68,5","865,7",Speedwayr-15-32-c2,"3,6815538909255388",
2025-07-25T14:05:13.5530630+03:00,A70000000000000000000000,,1,"-66,5","865,7",Speedwayr-15-32-c2,"0,2638446955163303",
2025-07-25T14:05:13.5637100+03:00,A80000000000000000000000,,1,-74,"865,7",Speedwayr-15-32-c2,"3,2121557698325325",
2025-07-25T14:05:13.5732450+03:00,A60000000000000000000000,,1,"-61,5","865,7",Speedwayr-15-32-c2,"5,344389064993574",
2025-07-25T14:05:13.5757310+03:00,A30000000000000000000000,,1,"-61,5","865,7",Speedwayr-15-32-c2,"4,086524818927348",
2025-07-25T14:05:13.5772130+03:00,A20000000000000000000000,,1,"-61,5","865,7",Speedwayr-15-32-c2,"1,012427320004523",
2025-07-25T14:05:13.5791810+03:00,A70000000000000000000000,,1,-65,"865,7",Speedwayr-15-32-c2,"0,1349903093339364",
2025-07-25T14:05:13.5820920+03:00,A40000000000000000000000,,1,"-66,5","865,7",Speedwayr-15-32-c2,"3,810408277107933",
2025-07-25T14:05:13.6218430+03:00,A60000000000000000000000,,1,-62,"865,7",Speedwayr-15-32-c2,"5,638913376267617",
2025-07-25T14:05:13.6266200+03:00,A70000000000000000000000,,1,"-62,5","865,7",Speedwayr-15-32-c2,"0,12885438618239387",
2025-07-25T14:05:13.6285960+03:00,A20000000000000000000000,,1,"-61,5","865,7",Speedwayr-15-32-c2,"1,0492428589137786",
2025-07-25T14:05:13.6309400+03:00,A30000000000000000000000,,1,-64,"865,7",Speedwayr-15-32-c2,"4,1417481272912315",
2025-07-25T14:05:13.6321690+03:00,A40000000000000000000000,,1,"-67,5","865,7",Speedwayr-15-32-c2,"3,9760782021995817",
2025-07-25T14:05:13.6440200+03:00,A40000000000000000000000,,1,-66,"865,7",Speedwayr-15-32-c2,"3,9208548938356986",
2025-07-25T14:05:13.6481470+03:00,A20000000000000000000000,,1,"-59,5","865,7",Speedwayr-15-32-c2,"0,9878836273983529",
2025-07-25T14:05:13.6492060+03:00,A30000000000000000000000,,1,-62,"865,7",Speedwayr-15-32-c2,"4,166291819897402",
2025-07-25T14:05:13.6513010+03:00,A60000000000000000000000,,1,-62,"865,7",Speedwayr-15-32-c2,"5,583690067903734",
2025-07-25T14:05:13.6527690+03:00,A70000000000000000000000,,1,-65,"865,7",Speedwayr-15-32-c2,"0,07363107781851078",
2025-07-25T14:05:13.6820520+03:00,A80000000000000000000000,,1,"-74,5","865,7",Speedwayr-15-32-c2,"6,280117345603815",
2025-07-25T14:05:13.6859050+03:00,A30000000000000000000000,,1,-64,"865,7",Speedwayr-15-32-c2,"4,227651051412827",
2025-07-25T14:05:13.6897880+03:00,A60000000000000000000000,,1,"-62,5","865,7",Speedwayr-15-32-c2,"5,491651220630596",
2025-07-25T14:05:13.6912730+03:00,A20000000000000000000000,,1,"-61,5","865,7",Speedwayr-15-32-c2,"1,0246991663076084",
2025-07-25T14:05:13.6923860+03:00,A70000000000000000000000,,1,"-66,5","865,7",Speedwayr-15-32-c2,"0,12885438618239387",
2025-07-25T14:05:13.7013500+03:00,A40000000000000000000000,,1,-68,"865,7",Speedwayr-15-32-c2,"4,0128937411088375",
2025-07-25T14:05:13.7198250+03:00,A70000000000000000000000,,1,"-65,5","865,7",Speedwayr-15-32-c2,"0,11044661672776616",
2025-07-25T14:05:13.7209520+03:00,A30000000000000000000000,,1,"-63,5","865,7",Speedwayr-15-32-c2,"4,215379205109742",
2025-07-25T14:05:13.7231030+03:00,A60000000000000000000000,,1,-62,"865,7",Speedwayr-15-32-c2,"5,424156065963627",
2025-07-25T14:05:13.7248840+03:00,A20000000000000000000000,,1,-62,"865,7",Speedwayr-15-32-c2,"0,9694758579437253",
2025-07-25T14:05:13.7312810+03:00,A40000000000000000000000,,1,-68,"865,7",Speedwayr-15-32-c2,"4,025165587411922",
2025-07-25T14:05:13.7495030+03:00,A20000000000000000000000,,1,-61,"865,7",Speedwayr-15-32-c2,"0,944932165337555",
2025-07-25T14:05:13.7526080+03:00,A60000000000000000000000,,1,"-61,5","865,7",Speedwayr-15-32-c2,"5,50392306693368",
2025-07-25T14:05:13.7537090+03:00,A30000000000000000000000,,1,-64,"865,7",Speedwayr-15-32-c2,"4,1601558967458585",
2025-07-25T14:05:13.7558870+03:00,A40000000000000000000000,,1,-67,"865,7",Speedwayr-15-32-c2,"3,6324665057131984",
2025-07-25T14:05:13.7605350+03:00,A70000000000000000000000,,1,-66,"865,7",Speedwayr-15-32-c2,"6,264777537724958",
2025-07-25T14:05:13.7780900+03:00,A20000000000000000000000,,1,-62,"865,7",Speedwayr-15-32-c2,"0,9142525495798421",
2025-07-25T14:05:13.7798480+03:00,A60000000000000000000000,,1,"-62,5","865,7",Speedwayr-15-32-c2,"5,540738605842936",
2025-07-25T14:05:13.7809590+03:00,A70000000000000000000000,,1,"-66,5","865,7",Speedwayr-15-32-c2,"0,006135923151542565",
2025-07-25T14:05:13.7827880+03:00,A30000000000000000000000,,1,-65,"865,7",Speedwayr-15-32-c2,"4,135612204139688",
2025-07-25T14:05:13.7909240+03:00,A40000000000000000000000,,1,"-68,5","865,7",Speedwayr-15-32-c2,"3,988350048502667",
2025-07-25T14:05:13.8191300+03:00,A60000000000000000000000,,1,"-60,5","865,7",Speedwayr-15-32-c2,"5,540738605842936",
2025-07-25T14:05:13.8207960+03:00,A30000000000000000000000,,1,"-64,5","865,7",Speedwayr-15-32-c2,"4,184699589352029",
2025-07-25T14:05:13.8218950+03:00,A20000000000000000000000,,1,-62,"865,7",Speedwayr-15-32-c2,"0,8774370106705868",
2025-07-25T14:05:13.8324210+03:00,A70000000000000000000000,,1,"-65,5","865,7",Speedwayr-15-32-c2,"0,1595340019401067",
2025-07-25T14:05:13.8338860+03:00,A40000000000000000000000,,1,"-66,5","865,7",Speedwayr-15-32-c2,"3,9760782021995817",
2025-07-25T14:05:13.8489400+03:00,A60000000000000000000000,,1,-60,"865,7",Speedwayr-15-32-c2,"5,534602682691394",
2025-07-25T14:05:13.8523550+03:00,A20000000000000000000000,,1,"-61,5","865,7",Speedwayr-15-32-c2,"0,9081166264282996",
2025-07-25T14:05:13.8534270+03:00,A30000000000000000000000,,1,-64,"865,7",Speedwayr-15-32-c2,"4,331961744989051",
2025-07-25T14:05:13.8553630+03:00,A40000000000000000000000,,1,-66,"865,7",Speedwayr-15-32-c2,"3,834951969714103",
2025-07-25T14:05:13.8578630+03:00,A70000000000000000000000,,1,-65,"865,7",Speedwayr-15-32-c2,"6,160466844148735",
2025-07-25T14:05:13.8736810+03:00,A80000000000000000000000,,1,-74,"865,7",Speedwayr-15-32-c2,"6,145127036269878",
2025-07-25T14:05:13.8773410+03:00,A60000000000000000000000,,1,-60,"865,7",Speedwayr-15-32-c2,"5,50392306693368",
2025-07-25T14:05:13.8797940+03:00,A40000000000000000000000,,1,"-66,5","865,7",Speedwayr-15-32-c2,"4,037437433715008",
2025-07-25T14:05:13.8811220+03:00,A30000000000000000000000,,1,"-64,5","865,7",Speedwayr-15-32-c2,"4,061981126321178",
2025-07-25T14:05:13.8822210+03:00,A70000000000000000000000,,1,-65,"865,7",Speedwayr-15-32-c2,"6,19728238305799",
2025-07-25T14:05:13.8854260+03:00,A20000000000000000000000,,1,"-62,5","865,7",Speedwayr-15-32-c2,"0,8344855486097889",
2025-07-25T14:05:13.9081560+03:00,A60000000000000000000000,,1,"-61,5","865,7",Speedwayr-15-32-c2,"6,105243535784852",
2025-07-25T14:05:13.9092540+03:00,A70000000000000000000000,,1,"-66,5","865,7",Speedwayr-15-32-c2,"6,277049384028044",
2025-07-25T14:05:13.9132880+03:00,A30000000000000000000000,,1,"-63,5","865,7",Speedwayr-15-32-c2,"4,289010282928253",
2025-07-25T14:05:13.9143860+03:00,A20000000000000000000000,,1,-62,"865,7",Speedwayr-15-32-c2,"0,8344855486097889",
2025-07-25T14:05:13.9195150+03:00,A40000000000000000000000,,1,-66,"865,7",Speedwayr-15-32-c2,"4,025165587411922",
2025-07-25T14:05:13.9332940+03:00,A20000000000000000000000,,1,"-62,5","865,7",Speedwayr-15-32-c2,"0,7792622402459057",
2025-07-25T14:05:13.9358880+03:00,A70000000000000000000000,,1,-65,"865,7",Speedwayr-15-32-c2,"0,0859029241215959",
2025-07-25T14:05:13.9373140+03:00,A60000000000000000000000,,1,"-61,5","865,7",Speedwayr-15-32-c2,"5,092816215780329",
2025-07-25T14:05:13.9397720+03:00,A30000000000000000000000,,1,"-65,5","865,7",Speedwayr-15-32-c2,"4,190835512503572",
2025-07-25T14:05:13.9427340+03:00,A40000000000000000000000,,1,-67,"865,7",Speedwayr-15-32-c2,"3,736777199289422",
2025-07-25T14:05:13.9609870+03:00,A60000000000000000000000,,1,-62,"865,7",Speedwayr-15-32-c2,"5,546874528994478",
2025-07-25T14:05:13.9624170+03:00,A70000000000000000000000,,1,-65,"865,7",Speedwayr-15-32-c2,"6,007068765360171",
2025-07-25T14:05:13.9634730+03:00,A30000000000000000000000,,1,"-63,5","865,7",Speedwayr-15-32-c2,"4,276738436625168",
2025-07-25T14:05:13.9678150+03:00,A20000000000000000000000,,1,"-60,5","865,7",Speedwayr-15-32-c2,"0,8774370106705868",
2025-07-25T14:05:13.9813950+03:00,A40000000000000000000000,,1,"-67,5","865,7",Speedwayr-15-32-c2,"3,80427235395639",
2025-07-25T14:05:13.9967550+03:00,A60000000000000000000000,,1,"-61,5","865,7",Speedwayr-15-32-c2,"5,749359992995383",
2025-07-25T14:05:13.9994780+03:00,A30000000000000000000000,,1,"-64,5","865,7",Speedwayr-15-32-c2,"4,325825821837508",
2025-07-25T14:05:14.0006510+03:00,A20000000000000000000000,,1,"-62,5","865,7",Speedwayr-15-32-c2,"0,6872233929727672",
2025-07-25T14:05:14.0022180+03:00,A70000000000000000000000,,1,"-66,5","865,7",Speedwayr-15-32-c2,"6,22182607566416",
2025-07-25T14:05:14.0057100+03:00,A40000000000000000000000,,1,"-63,5","865,7",Speedwayr-15-32-c2,"3,988350048502667",
2025-07-25T14:05:14.0223300+03:00,A30000000000000000000000,,1,-65,"865,7",Speedwayr-15-32-c2,"4,368777283898306",
2025-07-25T14:05:14.0237880+03:00,A60000000000000000000000,,1,-62,"865,7",Speedwayr-15-32-c2,"5,8475347634200645",
2025-07-25T14:05:14.0251150+03:00,A20000000000000000000000,,1,-62,"865,7",Speedwayr-15-32-c2,"0,6688156235181395",
2025-07-25T14:05:14.0439090+03:00,A60000000000000000000000,,1,-61,"865,7",Speedwayr-15-32-c2,"5,540738605842936",
2025-07-25T14:05:14.0456740+03:00,A20000000000000000000000,,1,-61,"865,7",Speedwayr-15-32-c2,"0,7669903939428205",
2025-07-25T14:05:14.0483090+03:00,A30000000000000000000000,,1,-64,"865,7",Speedwayr-15-32-c2,"4,503767593232243",
2025-07-25T14:05:14.0509410+03:00,A70000000000000000000000,,1,-66,"865,7",Speedwayr-15-32-c2,"6,240233845118788",
2025-07-25T14:05:14.0521080+03:00,A40000000000000000000000,,1,-68,"865,7",Speedwayr-15-32-c2,"4,000621894805752",
2025-07-25T14:05:14.0715740+03:00,A20000000000000000000000,,1,-61,"865,7",Speedwayr-15-32-c2,"0,7363107781851077",
2025-07-25T14:05:14.0784120+03:00,A30000000000000000000000,,1,"-63,5","865,7",Speedwayr-15-32-c2,"4,3074180523828804",
2025-07-25T14:05:14.0807240+03:00,A60000000000000000000000,,1,-62,"865,7",Speedwayr-15-32-c2,"5,418020142812084",
2025-07-25T14:05:14.0817760+03:00,A70000000000000000000000,,1,-66,"865,7",Speedwayr-15-32-c2,"6,191146459906448",
2025-07-25T14:05:14.0829190+03:00,A40000000000000000000000,,1,"-67,5","865,7",Speedwayr-15-32-c2,"4,086524818927348",
2025-07-25T14:05:14.1055660+03:00,A60000000000000000000000,,1,-62,"865,7",Speedwayr-15-32-c2,"5,418020142812084",
2025-07-25T14:05:14.1068020+03:00,A20000000000000000000000,,1,"-60,5","865,7",Speedwayr-15-32-c2,"0,7915340865489908",
2025-07-25T14:05:14.1089550+03:00,A30000000000000000000000,,1,-65,"865,7",Speedwayr-15-32-c2,"4,411728745959104",
2025-07-25T14:05:14.1100820+03:00,A40000000000000000000000,,1,-64,"865,7",Speedwayr-15-32-c2,"4,2031073588066565",
2025-07-25T14:05:14.1112090+03:00,A70000000000000000000000,,1,-66,"865,7",Speedwayr-15-32-c2,"6,092971689481767",
2025-07-25T14:05:14.1235910+03:00,A70000000000000000000000,,1,"-65,5","865,7",Speedwayr-15-32-c2,"6,2034183062095325",
2025-07-25T14:05:14.1254710+03:00,A40000000000000000000000,,1,-67,"865,7",Speedwayr-15-32-c2,"3,9453985864418692",
2025-07-25T14:05:14.1277930+03:00,A30000000000000000000000,,1,-64,"865,7",Speedwayr-15-32-c2,"4,368777283898306",
2025-07-25T14:05:14.1294340+03:00,A60000000000000000000000,,1,-61,"865,7",Speedwayr-15-32-c2,"5,522330836388308",
2025-07-25T14:05:14.1321590+03:00,A20000000000000000000000,,1,"-61,5","865,7",Speedwayr-15-32-c2,"0,7731263170943632",
2025-07-25T14:05:14.1610030+03:00,A70000000000000000000000,,1,-66,"865,7",Speedwayr-15-32-c2,"6,2463697682703305",
2025-07-25T14:05:14.1634410+03:00,A20000000000000000000000,,1,"-62,5","865,7",Speedwayr-15-32-c2,"0,7240389318820226",
2025-07-25T14:05:14.1644950+03:00,A30000000000000000000000,,1,"-63,5","865,7",Speedwayr-15-32-c2,"4,3503695144436785",
2025-07-25T14:05:14.1656120+03:00,A60000000000000000000000,,1,-60,"865,7",Speedwayr-15-32-c2,"5,626641529964532",
2025-07-25T14:05:14.1667140+03:00,A40000000000000000000000,,1,-63,"865,7",Speedwayr-15-32-c2,"4,0128937411088375",
2025-07-25T14:05:14.1808690+03:00,A60000000000000000000000,,1,-62,"865,7",Speedwayr-15-32-c2,"5,64504929941916",
2025-07-25T14:05:14.1839650+03:00,A70000000000000000000000,,1,-65,"865,7",Speedwayr-15-32-c2,"6,234097921967246",
2025-07-25T14:05:14.1861800+03:00,A20000000000000000000000,,1,-61,"865,7",Speedwayr-15-32-c2,"0,8283496254582462",
2025-07-25T14:05:14.1900090+03:00,A30000000000000000000000,,1,-64,"865,7",Speedwayr-15-32-c2,"4,491495746929157",
2025-07-25T14:05:14.1911050+03:00,A40000000000000000000000,,1,"-67,5","865,7",Speedwayr-15-32-c2,"4,049709280018092",
2025-07-25T14:05:14.2195670+03:00,A40000000000000000000000,,1,-65,"865,7",Speedwayr-15-32-c2,"4,031301510563465",
2025-07-25T14:05:14.2210480+03:00,A30000000000000000000000,,1,-64,"865,7",Speedwayr-15-32-c2,"4,28287435977671",
2025-07-25T14:05:14.2237460+03:00,A60000000000000000000000,,1,-63,"865,7",Speedwayr-15-32-c2,"5,565282298449106",
2025-07-25T14:05:14.2254940+03:00,A20000000000000000000000,,1,-62,"865,7",Speedwayr-15-32-c2,"0,7179030087304801",
2025-07-25T14:05:14.2305660+03:00,A70000000000000000000000,,1,-65,"865,7",Speedwayr-15-32-c2,"6,258641614573416",
2025-07-25T14:05:14.2427060+03:00,A30000000000000000000000,,1,"-64,5","865,7",Speedwayr-15-32-c2,"4,301282129231338",
2025-07-25T14:05:14.2451750+03:00,A60000000000000000000000,,1,-62,"865,7",Speedwayr-15-32-c2,"5,006913291658733",
2025-07-25T14:05:14.2523490+03:00,A20000000000000000000000,,1,-63,"865,7",Speedwayr-15-32-c2,"0,9572040116406401",
2025-07-25T14:05:14.2534560+03:00,A40000000000000000000000,,1,"-66,5","865,7",Speedwayr-15-32-c2,"4,049709280018092",
2025-07-25T14:05:14.2591080+03:00,A70000000000000000000000,,1,"-64,5","865,7",Speedwayr-15-32-c2,"6,12365130523948",
2025-07-25T14:05:14.2784490+03:00,A60000000000000000000000,,1,"-62,5","865,7",Speedwayr-15-32-c2,"5,559146375297564",
2025-07-25T14:05:14.2809170+03:00,A30000000000000000000000,,1,"-64,5","865,7",Speedwayr-15-32-c2,"4,399456899656019",
2025-07-25T14:05:14.2833810+03:00,A40000000000000000000000,,1,"-66,5","865,7",Speedwayr-15-32-c2,"4,0128937411088375",
2025-07-25T14:05:14.2846190+03:00,A20000000000000000000000,,1,-61,"865,7",Speedwayr-15-32-c2,"0,9142525495798421",
2025-07-25T14:05:14.2909840+03:00,A70000000000000000000000,,1,"-64,5","865,7",Speedwayr-15-32-c2,"6,19728238305799",
2025-07-25T14:05:14.3048960+03:00,A30000000000000000000000,,1,"-64,5","865,7",Speedwayr-15-32-c2,"4,522175362686871",
2025-07-25T14:05:14.3085280+03:00,A20000000000000000000000,,1,-63,"865,7",Speedwayr-15-32-c2,"1,0062913968529805",
2025-07-25T14:05:14.3099420+03:00,A60000000000000000000000,,1,"-61,5","865,7",Speedwayr-15-32-c2,"5,608233760509904",
2025-07-25T14:05:14.3124630+03:00,A40000000000000000000000,,1,"-66,5","865,7",Speedwayr-15-32-c2,"4,01902966426038",
2025-07-25T14:05:14.3193350+03:00,A70000000000000000000000,,1,-66,"865,7",Speedwayr-15-32-c2,"0,11044661672776616",
2025-07-25T14:05:14.3426370+03:00,A20000000000000000000000,,1,-62,"865,7",Speedwayr-15-32-c2,"0,9756117810952678",
2025-07-25T14:05:14.3442920+03:00,A60000000000000000000000,,1,-62,"865,7",Speedwayr-15-32-c2,"5,2339424482658075",
2025-07-25T14:05:14.3507140+03:00,A30000000000000000000000,,1,-64,"865,7",Speedwayr-15-32-c2,"4,454680208019902",
2025-07-25T14:05:14.3521660+03:00,A70000000000000000000000,,1,"-65,5","865,7",Speedwayr-15-32-c2,"6,050020227420969",
2025-07-25T14:05:14.3535480+03:00,A40000000000000000000000,,1,-69,"865,7",Speedwayr-15-32-c2,"4,04357335686655",
2025-07-25T14:05:14.3677490+03:00,A30000000000000000000000,,1,-64,"865,7",Speedwayr-15-32-c2,"4,28287435977671",
2025-07-25T14:05:14.3697230+03:00,A20000000000000000000000,,1,"-61,5","865,7",Speedwayr-15-32-c2,"0,9633399347921826",
2025-07-25T14:05:14.3716330+03:00,A70000000000000000000000,,1,"-66,5","865,7",Speedwayr-15-32-c2,"6,086835766330224",
2025-07-25T14:05:14.3727870+03:00,A60000000000000000000000,,1,"-62,5","865,7",Speedwayr-15-32-c2,"5,491651220630596",
2025-07-25T14:05:14.3790530+03:00,A40000000000000000000000,,1,"-65,5","865,7",Speedwayr-15-32-c2,"3,988350048502667",
2025-07-25T14:05:14.4115930+03:00,A30000000000000000000000,,1,-65,"865,7",Speedwayr-15-32-c2,"4,411728745959104",
2025-07-25T14:05:14.4137750+03:00,A20000000000000000000000,,1,"-61,5","865,7",Speedwayr-15-32-c2,"0,9878836273983529",
2025-07-25T14:05:14.4170020+03:00,A60000000000000000000000,,1,"-62,5","865,7",Speedwayr-15-32-c2,"5,442563835418255",
2025-07-25T14:05:14.4321420+03:00,A20000000000000000000000,,1,-63,"865,7",Speedwayr-15-32-c2,"1,0369710126106935",
2025-07-25T14:05:14.4344700+03:00,A60000000000000000000000,,1,-62,"865,7",Speedwayr-15-32-c2,"5,313709449235861",
2025-07-25T14:05:14.4403480+03:00,A30000000000000000000000,,1,-64,"865,7",Speedwayr-15-32-c2,"4,405592822807561",
2025-07-25T14:05:14.4420460+03:00,A70000000000000000000000,,1,-66,"865,7",Speedwayr-15-32-c2,"5,884350302329319",
2025-07-25T14:05:14.4505700+03:00,A40000000000000000000000,,1,-68,"865,7",Speedwayr-15-32-c2,"4,129476280988146",
2025-07-25T14:05:14.4903610+03:00,A20000000000000000000000,,1,"-62,5","865,7",Speedwayr-15-32-c2,"0,9265243958829272",
2025-07-25T14:05:14.4950850+03:00,A30000000000000000000000,,1,-64,"865,7",Speedwayr-15-32-c2,"4,626486056263094",
2025-07-25T14:05:14.4967930+03:00,A60000000000000000000000,,1,"-61,5","865,7",Speedwayr-15-32-c2,"5,301437602932776",
2025-07-25T14:05:14.4995070+03:00,A70000000000000000000000,,1,-66,"865,7",Speedwayr-15-32-c2,"5,681864838328415",
2025-07-25T14:05:14.5133320+03:00,A70000000000000000000000,,1,"-65,5","865,7",Speedwayr-15-32-c2,"5,841398840268521",
2025-07-25T14:05:14.5147110+03:00,A60000000000000000000000,,1,"-62,5","865,7",Speedwayr-15-32-c2,"5,246214294568893",
2025-07-25T14:05:14.5166560+03:00,A20000000000000000000000,,1,"-62,5","865,7",Speedwayr-15-32-c2,"0,8713010875190442",
2025-07-25T14:05:14.5198890+03:00,A30000000000000000000000,,1,"-61,5","865,7",Speedwayr-15-32-c2,"4,28287435977671",
2025-07-25T14:05:14.5215700+03:00,A40000000000000000000000,,1,"-66,5","865,7",Speedwayr-15-32-c2,"4,06811704947272",
2025-07-25T14:05:14.5382350+03:00,A30000000000000000000000,,1,"-62,5","865,7",Speedwayr-15-32-c2,"4,362641360746763",
2025-07-25T14:05:14.5401030+03:00,A40000000000000000000000,,1,-67,"865,7",Speedwayr-15-32-c2,"4,025165587411922",
2025-07-25T14:05:14.5415000+03:00,A60000000000000000000000,,1,-63,"865,7",Speedwayr-15-32-c2,"5,2768939103266055",
2025-07-25T14:05:14.5426110+03:00,A20000000000000000000000,,1,-62,"865,7",Speedwayr-15-32-c2,"1,0062913968529805",
2025-07-25T14:05:14.5498020+03:00,A70000000000000000000000,,1,"-65,5","865,7",Speedwayr-15-32-c2,"5,9088939949354895",
2025-07-25T14:05:14.5626060+03:00,A70000000000000000000000,,1,-66,"865,7",Speedwayr-15-32-c2,"5,884350302329319",
2025-07-25T14:05:14.5637160+03:00,A40000000000000000000000,,1,"-67,5","865,7",Speedwayr-15-32-c2,"3,9944859716542096",
2025-07-25T14:05:14.5659240+03:00,A60000000000000000000000,,1,"-62,5","865,7",Speedwayr-15-32-c2,"5,270757987175063",
2025-07-25T14:05:14.5688100+03:00,A30000000000000000000000,,1,-65,"865,7",Speedwayr-15-32-c2,"4,221515128261284",
2025-07-25T14:05:14.5709690+03:00,A20000000000000000000000,,1,-63,"865,7",Speedwayr-15-32-c2,"0,8406214717613314",
2025-07-25T14:05:14.5902890+03:00,A30000000000000000000000,,1,-64,"865,7",Speedwayr-15-32-c2,"4,368777283898306",
2025-07-25T14:05:14.5919880+03:00,A70000000000000000000000,,1,"-65,5","865,7",Speedwayr-15-32-c2,"5,7616318392984684",
2025-07-25T14:05:14.5934860+03:00,A60000000000000000000000,,1,"-62,5","865,7",Speedwayr-15-32-c2,"5,368932757599744",
2025-07-25T14:05:14.5950550+03:00,A20000000000000000000000,,1,-60,"865,7",Speedwayr-15-32-c2,"0,8406214717613314",
2025-07-25T14:05:14.6007110+03:00,A40000000000000000000000,,1,-68,"865,7",Speedwayr-15-32-c2,"3,9453985864418692",
2025-07-25T14:05:14.6218550+03:00,A30000000000000000000000,,1,"-64,5","865,7",Speedwayr-15-32-c2,"4,424000592262189",
2025-07-25T14:05:14.6240960+03:00,A60000000000000000000000,,1,"-62,5","865,7",Speedwayr-15-32-c2,"5,062136600022616",
2025-07-25T14:05:14.6306570+03:00,A70000000000000000000000,,1,-66,"865,7",Speedwayr-15-32-c2,"5,816855147662351",
2025-07-25T14:05:14.6317240+03:00,A40000000000000000000000,,1,-67,"865,7",Speedwayr-15-32-c2,"4,049709280018092",
2025-07-25T14:05:14.6328130+03:00,A20000000000000000000000,,1,-63,"865,7",Speedwayr-15-32-c2,"0,9694758579437253",
2025-07-25T14:05:14.6515610+03:00,A70000000000000000000000,,1,-65,"865,7",Speedwayr-15-32-c2,"5,792311455056181",
2025-07-25T14:05:14.6531670+03:00,A20000000000000000000000,,1,-62,"865,7",Speedwayr-15-32-c2,"0,8713010875190442",
2025-07-25T14:05:14.6542710+03:00,A60000000000000000000000,,1,"-62,5","865,7",Speedwayr-15-32-c2,"5,405748296509",
2025-07-25T14:05:14.6596050+03:00,A30000000000000000000000,,1,-65,"865,7",Speedwayr-15-32-c2,"4,381049130201391",
2025-07-25T14:05:14.6608150+03:00,A40000000000000000000000,,1,-65,"865,7",Speedwayr-15-32-c2,"3,9944859716542096",
2025-07-25T14:05:14.6929990+03:00,A30000000000000000000000,,1,-65,"865,7",Speedwayr-15-32-c2,"4,295146206079795",
2025-07-25T14:05:14.6943650+03:00,A60000000000000000000000,,1,-62,"865,7",Speedwayr-15-32-c2,"5,056000676871073",
2025-07-25T14:05:14.6966320+03:00,A20000000000000000000000,,1,"-62,5","865,7",Speedwayr-15-32-c2,"0,7424467013366504",
2025-07-25T14:05:14.7006450+03:00,A40000000000000000000000,,1,"-66,5","865,7",Speedwayr-15-32-c2,"4,04357335686655",
2025-07-25T14:05:14.7024280+03:00,A70000000000000000000000,,1,-66,"865,7",Speedwayr-15-32-c2,"5,7616318392984684",
2025-07-25T14:05:14.7183470+03:00,A60000000000000000000000,,1,"-61,5","865,7",Speedwayr-15-32-c2,"5,086680292628786",
2025-07-25T14:05:14.7200740+03:00,A70000000000000000000000,,1,-66,"865,7",Speedwayr-15-32-c2,"5,737088146692298",
2025-07-25T14:05:14.7220240+03:00,A20000000000000000000000,,1,-63,"865,7",Speedwayr-15-32-c2,"0,9081166264282996",
2025-07-25T14:05:14.7230900+03:00,A40000000000000000000000,,1,"-68,5","865,7",Speedwayr-15-32-c2,"4,104932588381976",
2025-07-25T14:05:14.7251900+03:00,A30000000000000000000000,,1,"-62,5","865,7",Speedwayr-15-32-c2,"4,6448938257177215",
2025-07-25T14:05:14.7393080+03:00,A60000000000000000000000,,1,-63,"865,7",Speedwayr-15-32-c2,"5,160311370447297",
2025-07-25T14:05:14.7428720+03:00,A20000000000000000000000,,1,"-62,5","865,7",Speedwayr-15-32-c2,"0,8099418560036186",
2025-07-25T14:05:14.7439580+03:00,A30000000000000000000000,,1,-65,"865,7",Speedwayr-15-32-c2,"4,252194744018997",
2025-07-25T14:05:14.7470810+03:00,A70000000000000000000000,,1,"-65,5","865,7",Speedwayr-15-32-c2,"5,755495916146925",
2025-07-25T14:05:14.7536270+03:00,A40000000000000000000000,,1,"-67,5","865,7",Speedwayr-15-32-c2,"3,902447124381071",
2025-07-25T14:05:14.7924110+03:00,A80000000000000000000000,,1,"-73,5","865,7",Speedwayr-15-32-c2,"1,6382914814618648",
2025-07-25T14:05:14.7984690+03:00,A60000000000000000000000,,1,-61,"865,7",Speedwayr-15-32-c2,"5,086680292628786",
2025-07-25T14:05:14.7996840+03:00,A70000000000000000000000,,1,-66,"865,7",Speedwayr-15-32-c2,"5,626641529964532",
2025-07-25T14:05:14.8007810+03:00,A40000000000000000000000,,1,"-68,5","865,7",Speedwayr-15-32-c2,"3,8963112012295285",
2025-07-25T14:05:14.8023200+03:00,A20000000000000000000000,,1,"-62,5","865,7",Speedwayr-15-32-c2,"0,8283496254582462",
2025-07-25T14:05:14.8051210+03:00,A30000000000000000000000,,1,-65,"865,7",Speedwayr-15-32-c2,"4,884194828627882",
2025-07-25T14:05:14.9319740+03:00,A80000000000000000000000,,1,"-72,5","865,7",Speedwayr-15-32-c2,"4,120272396260832",
2025-07-25T14:05:14.9380930+03:00,A20000000000000000000000,,1,-64,"865,7",Speedwayr-15-32-c2,"0,662679700366597",
2025-07-25T14:05:14.9397990+03:00,A70000000000000000000000,,1,"-62,5","865,7",Speedwayr-15-32-c2,"5,160311370447297",
2025-07-25T14:05:14.9420100+03:00,A40000000000000000000000,,1,"-66,5","865,7",Speedwayr-15-32-c2,"3,9822141253511245",
2025-07-25T14:05:14.9437590+03:00,A60000000000000000000000,,1,"-62,5","865,7",Speedwayr-15-32-c2,"4,767612288748572",
2025-07-25T14:05:14.9454550+03:00,A30000000000000000000000,,1,"-65,5","865,7",Speedwayr-15-32-c2,"4,620350133111551",
2025-07-25T14:05:14.9626580+03:00,A80000000000000000000000,,1,"-73,5","865,7",Speedwayr-15-32-c2,"1,0891263593988052",
2025-07-25T14:05:14.9706930+03:00,A40000000000000000000000,,1,"-67,5","865,7",Speedwayr-15-32-c2,"4,3074180523828804",
2025-07-25T14:05:14.9719350+03:00,A70000000000000000000000,,1,-65,"865,7",Speedwayr-15-32-c2,"5,2768939103266055",
2025-07-25T14:05:14.9746810+03:00,A60000000000000000000000,,1,-63,"865,7",Speedwayr-15-32-c2,"4,755340442445488",
2025-07-25T14:05:14.9777640+03:00,A30000000000000000000000,,1,"-65,5","865,7",Speedwayr-15-32-c2,"5,221670601962723",
2025-07-25T14:05:14.9798980+03:00,A20000000000000000000000,,1,-64,"865,7",Speedwayr-15-32-c2,"0,8528933180644165",
2025-07-25T14:05:15.0007180+03:00,A80000000000000000000000,,1,-73,"865,7",Speedwayr-15-32-c2,"0,9480001269133262",
2025-07-25T14:05:15.0087170+03:00,A20000000000000000000000,,1,-62,"865,7",Speedwayr-15-32-c2,"0,8958447801252144",
2025-07-25T14:05:15.0115070+03:00,A30000000000000000000000,,1,-65,"865,7",Speedwayr-15-32-c2,"4,4362724385652745",
2025-07-25T14:05:15.0126180+03:00,A60000000000000000000000,,1,-63,"865,7",Speedwayr-15-32-c2,"4,638757902566179",
2025-07-25T14:05:15.0141400+03:00,A70000000000000000000000,,1,"-66,5","865,7",Speedwayr-15-32-c2,"4,773748211900116",
2025-07-25T14:05:15.0220380+03:00,A40000000000000000000000,,1,"-68,5","865,7",Speedwayr-15-32-c2,"4,387185053352934",
2025-07-25T14:05:15.0326590+03:00,A80000000000000000000000,,1,-73,"865,7",Speedwayr-15-32-c2,"0,8897088569736719",
2025-07-25T14:05:15.0403660+03:00,A40000000000000000000000,,1,"-68,5","865,7",Speedwayr-15-32-c2,"4,227651051412827",
2025-07-25T14:05:15.0436990+03:00,A70000000000000000000000,,1,-65,"865,7",Speedwayr-15-32-c2,"4,994641445355648",
2025-07-25T14:05:15.0454810+03:00,A20000000000000000000000,,1,-64,"865,7",Speedwayr-15-32-c2,"0,8099418560036186",
2025-07-25T14:05:15.0492060+03:00,A60000000000000000000000,,1,"-62,5","865,7",Speedwayr-15-32-c2,"4,037437433715008",
2025-07-25T14:05:15.0511950+03:00,A30000000000000000000000,,1,-66,"865,7",Speedwayr-15-32-c2,"4,509903516383785",
2025-07-25T14:05:15.0639800+03:00,A80000000000000000000000,,1,"-72,5","865,7",Speedwayr-15-32-c2,"0,7639224323670493",
2025-07-25T14:05:15.0698760+03:00,A30000000000000000000000,,1,-64,"865,7",Speedwayr-15-32-c2,"4,589670517353839",
2025-07-25T14:05:15.0709180+03:00,A20000000000000000000000,,1,"-63,5","865,7",Speedwayr-15-32-c2,"0,8344855486097889",
2025-07-25T14:05:15.0727700+03:00,A70000000000000000000000,,1,"-65,5","865,7",Speedwayr-15-32-c2,"4,828971520263998",
2025-07-25T14:05:15.0757510+03:00,A60000000000000000000000,,1,"-62,5","865,7",Speedwayr-15-32-c2,"4,466952054322987",
2025-07-25T14:05:15.0806590+03:00,A40000000000000000000000,,1,"-68,5","865,7",Speedwayr-15-32-c2,"4,381049130201391",
2025-07-25T14:05:15.1116940+03:00,A80000000000000000000000,,1,"-72,5","865,7",Speedwayr-15-32-c2,"0,500077736850719",
2025-07-25T14:05:15.1158930+03:00,A70000000000000000000000,,1,-63,"865,7",Speedwayr-15-32-c2,"4,828971520263998",
2025-07-25T14:05:15.1173480+03:00,A20000000000000000000000,,1,-64,"865,7",Speedwayr-15-32-c2,"0,6688156235181395",
2025-07-25T14:05:15.1198160+03:00,A60000000000000000000000,,1,-62,"865,7",Speedwayr-15-32-c2,"3,9822141253511245",
2025-07-25T14:05:15.1214810+03:00,A30000000000000000000000,,1,"-64,5","865,7",Speedwayr-15-32-c2,"4,638757902566179",
2025-07-25T14:05:15.1228210+03:00,A40000000000000000000000,,1,"-68,5","865,7",Speedwayr-15-32-c2,"4,4362724385652745",
2025-07-25T14:05:15.1505130+03:00,A80000000000000000000000,,1,"-72,5","865,7",Speedwayr-15-32-c2,"0,42644665903220824",
2025-07-25T14:05:15.1549610+03:00,A40000000000000000000000,,1,-67,"865,7",Speedwayr-15-32-c2,"4,71238898038469",
2025-07-25T14:05:15.1585350+03:00,A60000000000000000000000,,1,-63,"865,7",Speedwayr-15-32-c2,"4,485359823777615",
2025-07-25T14:05:15.1611040+03:00,A30000000000000000000000,,1,"-66,5","865,7",Speedwayr-15-32-c2,"4,522175362686871",
2025-07-25T14:05:15.1621890+03:00,A70000000000000000000000,,1,"-65,5","865,7",Speedwayr-15-32-c2,"4,620350133111551",
2025-07-25T14:05:15.1633140+03:00,A20000000000000000000000,,1,-64,"865,7",Speedwayr-15-32-c2,"0,8528933180644165",
2025-07-25T14:05:15.1818340+03:00,A80000000000000000000000,,1,"-72,5","865,7",Speedwayr-15-32-c2,"0,3988350048502667",
2025-07-25T14:05:15.1887910+03:00,A70000000000000000000000,,1,"-65,5","865,7",Speedwayr-15-32-c2,"4,71238898038469",
2025-07-25T14:05:15.1907450+03:00,A20000000000000000000000,,1,-65,"865,7",Speedwayr-15-32-c2,"0,7853981633974483",
2025-07-25T14:05:15.1920410+03:00,A60000000000000000000000,,1,-62,"865,7",Speedwayr-15-32-c2,"4,147884050442774",
2025-07-25T14:05:15.1956520+03:00,A30000000000000000000000,,1,"-64,5","865,7",Speedwayr-15-32-c2,"4,614214209960009",
2025-07-25T14:05:15.2016100+03:00,A40000000000000000000000,,1,"-68,5","865,7",Speedwayr-15-32-c2,"4,595806440505381",
2025-07-25T14:05:15.2312190+03:00,A80000000000000000000000,,1,"-72,5","865,7",Speedwayr-15-32-c2,"0,1564660403643354",
2025-07-25T14:05:15.2359380+03:00,A70000000000000000000000,,1,"-65,5","865,7",Speedwayr-15-32-c2,"4,190835512503572",
2025-07-25T14:05:15.2391860+03:00,A20000000000000000000000,,1,"-64,5","865,7",Speedwayr-15-32-c2,"0,4970097752749477",
2025-07-25T14:05:15.2405700+03:00,A30000000000000000000000,,1,-64,"865,7",Speedwayr-15-32-c2,"4,657165672020807",
2025-07-25T14:05:15.2434080+03:00,A60000000000000000000000,,1,"-62,5","865,7",Speedwayr-15-32-c2,"4,080388895775806",
2025-07-25T14:05:15.2528340+03:00,A80000000000000000000000,,1,"-72,5","865,7",Speedwayr-15-32-c2,"0,19634954084936207",
2025-07-25T14:05:15.2610600+03:00,A60000000000000000000000,,1,"-62,5","865,7",Speedwayr-15-32-c2,"4,0987966652304335",
2025-07-25T14:05:15.2627160+03:00,A70000000000000000000000,,1,"-66,5","865,7",Speedwayr-15-32-c2,"4,503767593232243",
2025-07-25T14:05:15.2663940+03:00,A20000000000000000000000,,1,"-63,5","865,7",Speedwayr-15-32-c2,"0,5338253141842031",
2025-07-25T14:05:15.2679370+03:00,A30000000000000000000000,,1,-67,"865,7",Speedwayr-15-32-c2,"4,387185053352934",
2025-07-25T14:05:15.2804360+03:00,A80000000000000000000000,,1,-70,"865,7",Speedwayr-15-32-c2,"3,393165502803038",
2025-07-25T14:05:15.2953550+03:00,A20000000000000000000000,,1,-64,"865,7",Speedwayr-15-32-c2,"0,4908738521234052",
2025-07-25T14:05:15.2981350+03:00,A60000000000000000000000,,1,"-62,5","865,7",Speedwayr-15-32-c2,"4,074252972624263",
2025-07-25T14:05:15.3010740+03:00,A40000000000000000000000,,1,"-68,5","865,7",Speedwayr-15-32-c2,"4,104932588381976",
2025-07-25T14:05:15.3032840+03:00,A30000000000000000000000,,1,-66,"865,7",Speedwayr-15-32-c2,"4,675573441475434",
2025-07-25T14:05:15.3045840+03:00,A70000000000000000000000,,1,"-63,5","865,7",Speedwayr-15-32-c2,"4,295146206079795",
2025-07-25T14:05:15.3317560+03:00,A80000000000000000000000,,1,"-72,5","865,7",Speedwayr-15-32-c2,"0,04601942363656923",
2025-07-25T14:05:15.3385900+03:00,A30000000000000000000000,,1,"-66,5","865,7",Speedwayr-15-32-c2,"4,614214209960009",
2025-07-25T14:05:15.3397310+03:00,A60000000000000000000000,,1,-62,"865,7",Speedwayr-15-32-c2,"3,9208548938356986",
2025-07-25T14:05:15.3408410+03:00,A70000000000000000000000,,1,-66,"865,7",Speedwayr-15-32-c2,"4,374913207049849",
2025-07-25T14:05:15.3430940+03:00,A20000000000000000000000,,1,-65,"865,7",Speedwayr-15-32-c2,"0,47860200582032003",
2025-07-25T14:05:15.3591570+03:00,A40000000000000000000000,,1,"-68,5","865,7",Speedwayr-15-32-c2,"1,4388739790367313",
2025-07-25T14:05:15.3627640+03:00,A80000000000000000000000,,1,-72,"865,7",Speedwayr-15-32-c2,"3,3103305402572136",
2025-07-25T14:05:15.3664510+03:00,A40000000000000000000000,,1,-64,"865,7",Speedwayr-15-32-c2,"4,626486056263094",
2025-07-25T14:05:15.3713440+03:00,A30000000000000000000000,,1,-67,"865,7",Speedwayr-15-32-c2,"4,700117134081604",
2025-07-25T14:05:15.3725410+03:00,A20000000000000000000000,,1,-65,"865,7",Speedwayr-15-32-c2,"0,3436116964863836",
2025-07-25T14:05:15.3736700+03:00,A60000000000000000000000,,1,-62,"865,7",Speedwayr-15-32-c2,"3,8533597391687304",
2025-07-25T14:05:15.3764940+03:00,A70000000000000000000000,,1,-65,"865,7",Speedwayr-15-32-c2,"4,8351074434155406",
2025-07-25T14:05:15.3821320+03:00,A80000000000000000000000,,1,-73,"865,7",Speedwayr-15-32-c2,"3,1784081924990484",
2025-07-25T14:05:15.3963000+03:00,A70000000000000000000000,,1,"-65,5","865,7",Speedwayr-15-32-c2,"4,558990901596125",
2025-07-25T14:05:15.3985640+03:00,A60000000000000000000000,,1,-61,"865,7",Speedwayr-15-32-c2,"4,086524818927348",
2025-07-25T14:05:15.4010830+03:00,A40000000000000000000000,,1,-67,"865,7",Speedwayr-15-32-c2,"4,773748211900116",
2025-07-25T14:05:15.4028070+03:00,A20000000000000000000000,,1,-64,"865,7",Speedwayr-15-32-c2,"0,3436116964863836",
2025-07-25T14:05:15.4057480+03:00,A30000000000000000000000,,1,"-66,5","865,7",Speedwayr-15-32-c2,"4,614214209960009",
2025-07-25T14:05:15.4312970+03:00,A80000000000000000000000,,1,"-71,5","865,7",Speedwayr-15-32-c2,"0,1564660403643354",
2025-07-25T14:05:15.4384780+03:00,A60000000000000000000000,,1,-62,"865,7",Speedwayr-15-32-c2,"4,0128937411088375",
2025-07-25T14:05:15.4422010+03:00,A40000000000000000000000,,1,-67,"865,7",Speedwayr-15-32-c2,"4,522175362686871",
2025-07-25T14:05:15.4484420+03:00,A20000000000000000000000,,1,-64,"865,7",Speedwayr-15-32-c2,"0,14112623248547898",
2025-07-25T14:05:15.4504310+03:00,A70000000000000000000000,,1,-66,"865,7",Speedwayr-15-32-c2,"4,424000592262189",
2025-07-25T14:05:15.4629650+03:00,A80000000000000000000000,,1,"-70,5","865,7",Speedwayr-15-32-c2,"3,3502140407422405",
2025-07-25T14:05:15.4758360+03:00,A30000000000000000000000,,1,-64,"865,7",Speedwayr-15-32-c2,"4,6878452877785195",
2025-07-25T14:05:15.4794540+03:00,A70000000000000000000000,,1,-65,"865,7",Speedwayr-15-32-c2,"4,405592822807561",
2025-07-25T14:05:15.4814890+03:00,A60000000000000000000000,,1,"-61,5","865,7",Speedwayr-15-32-c2,"4,166291819897402",
2025-07-25T14:05:15.4861850+03:00,A20000000000000000000000,,1,"-61,5","865,7",Speedwayr-15-32-c2,"0,2454369260617026",
2025-07-25T14:05:15.4930920+03:00,A80000000000000000000000,,1,-69,"865,7",Speedwayr-15-32-c2,"3,466796580621549",
2025-07-25T14:05:15.5058220+03:00,A70000000000000000000000,,1,-66,"865,7",Speedwayr-15-32-c2,"4,902602598082509",
2025-07-25T14:05:15.5087190+03:00,A60000000000000000000000,,1,-60,"865,7",Speedwayr-15-32-c2,"4,123340357836604",
2025-07-25T14:05:15.5115280+03:00,A30000000000000000000000,,1,"-66,5","865,7",Speedwayr-15-32-c2,"4,589670517353839",
2025-07-25T14:05:15.5178470+03:00,A40000000000000000000000,,1,-64,"865,7",Speedwayr-15-32-c2,"4,706253057233147",
2025-07-25T14:05:15.5230360+03:00,A20000000000000000000000,,1,"-64,5","865,7",Speedwayr-15-32-c2,"0,25770877236478773",
2025-07-25T14:05:15.5318890+03:00,A80000000000000000000000,,1,"-72,5","865,7",Speedwayr-15-32-c2,"2,3316507975861747",
2025-07-25T14:05:15.5474960+03:00,A30000000000000000000000,,1,"-65,5","865,7",Speedwayr-15-32-c2,"4,448544284868359",
2025-07-25T14:05:15.5487500+03:00,A60000000000000000000000,,1,"-61,5","865,7",Speedwayr-15-32-c2,"4,184699589352029",
2025-07-25T14:05:15.5497650+03:00,A70000000000000000000000,,1,-63,"865,7",Speedwayr-15-32-c2,"4,491495746929157",
2025-07-25T14:05:15.5509150+03:00,A20000000000000000000000,,1,-63,"865,7",Speedwayr-15-32-c2,"0,17794177139473438",
2025-07-25T14:05:15.5520140+03:00,A40000000000000000000000,,1,"-68,5","865,7",Speedwayr-15-32-c2,"4,681709364626977",
2025-07-25T14:05:15.5607940+03:00,A80000000000000000000000,,1,-71,"865,7",Speedwayr-15-32-c2,"3,2336315008629315",
2025-07-25T14:05:15.5730150+03:00,A20000000000000000000000,,1,-63,"865,7",Speedwayr-15-32-c2,"0,2086213871524472",
2025-07-25T14:05:15.5782130+03:00,A40000000000000000000000,,1,-68,"865,7",Speedwayr-15-32-c2,"3,9392626632903265",
2025-07-25T14:05:15.5816730+03:00,A60000000000000000000000,,1,"-62,5","865,7",Speedwayr-15-32-c2,"4,239922897715912",
2025-07-25T14:05:15.5830470+03:00,A70000000000000000000000,,1,-66,"865,7",Speedwayr-15-32-c2,"4,73693267299086",
2025-07-25T14:05:15.5843750+03:00,A30000000000000000000000,,1,-66,"865,7",Speedwayr-15-32-c2,"4,374913207049849",
2025-07-25T14:05:15.5925700+03:00,A80000000000000000000000,,1,"-69,5","865,7",Speedwayr-15-32-c2,"3,356349963893783",
2025-07-25T14:05:15.6048850+03:00,A30000000000000000000000,,1,"-64,5","865,7",Speedwayr-15-32-c2,"4,638757902566179",
2025-07-25T14:05:15.6077800+03:00,A70000000000000000000000,,1,"-66,5","865,7",Speedwayr-15-32-c2,"4,595806440505381",
2025-07-25T14:05:15.6105550+03:00,A40000000000000000000000,,1,"-66,5","865,7",Speedwayr-15-32-c2,"4,1417481272912315",
2025-07-25T14:05:15.6116810+03:00,A60000000000000000000000,,1,-62,"865,7",Speedwayr-15-32-c2,"4,28287435977671",
2025-07-25T14:05:15.6128060+03:00,A20000000000000000000000,,1,-64,"865,7",Speedwayr-15-32-c2,"0,3620194659410113",
2025-07-25T14:05:15.6664640+03:00,A30000000000000000000000,,1,"-62,5","865,7",Speedwayr-15-32-c2,"4,411728745959104",
2025-07-25T14:05:15.6702590+03:00,A70000000000000000000000,,1,"-65,5","865,7",Speedwayr-15-32-c2,"4,822835597112456",
2025-07-25T14:05:15.6713730+03:00,A60000000000000000000000,,1,-62,"865,7",Speedwayr-15-32-c2,"4,301282129231338",
2025-07-25T14:05:15.6744710+03:00,A20000000000000000000000,,1,"-63,5","865,7",Speedwayr-15-32-c2,"0,16566992509164924",
2025-07-25T14:05:15.7101060+03:00,A80000000000000000000000,,1,"-72,5","865,7",Speedwayr-15-32-c2,"0,7577865092155067",
2025-07-25T14:05:15.7177910+03:00,A20000000000000000000000,,1,-62,"865,7",Speedwayr-15-32-c2,"0,04295146206079795",
2025-07-25T14:05:15.7199030+03:00,A60000000000000000000000,,1,-62,"865,7",Speedwayr-15-32-c2,"4,522175362686871",
2025-07-25T14:05:15.7216680+03:00,A30000000000000000000000,,1,"-66,5","865,7",Speedwayr-15-32-c2,"4,362641360746763",
2025-07-25T14:05:15.7247390+03:00,A70000000000000000000000,,1,"-62,5","865,7",Speedwayr-15-32-c2,"5,00077736850719",
2025-07-25T14:05:15.7307410+03:00,A40000000000000000000000,,1,"-68,5","865,7",Speedwayr-15-32-c2,"4,025165587411922",
2025-07-25T14:05:15.7420480+03:00,A80000000000000000000000,,1,"-72,5","865,7",Speedwayr-15-32-c2,"0,8130098175793898",
2025-07-25T14:05:15.7492940+03:00,A70000000000000000000000,,1,"-65,5","865,7",Speedwayr-15-32-c2,"5,0253210611133605",
2025-07-25T14:05:15.7508190+03:00,A40000000000000000000000,,1,"-67,5","865,7",Speedwayr-15-32-c2,"3,9392626632903265",
2025-07-25T14:05:15.7537550+03:00,A30000000000000000000000,,1,"-64,5","865,7",Speedwayr-15-32-c2,"4,28287435977671",
2025-07-25T14:05:15.7552370+03:00,A60000000000000000000000,,1,"-61,5","865,7",Speedwayr-15-32-c2,"4,657165672020807",
2025-07-25T14:05:15.7587910+03:00,A20000000000000000000000,,1,-63,"865,7",Speedwayr-15-32-c2,"0,0859029241215959",
2025-07-25T14:05:15.7903470+03:00,A80000000000000000000000,,1,-72,"865,7",Speedwayr-15-32-c2,"0,9786797426710391",
2025-07-25T14:05:15.7983720+03:00,A70000000000000000000000,,1,-66,"865,7",Speedwayr-15-32-c2,"5,203262832508095",
2025-07-25T14:05:15.8003690+03:00,A40000000000000000000000,,1,-68,"865,7",Speedwayr-15-32-c2,"3,80427235395639",
2025-07-25T14:05:15.8033020+03:00,A20000000000000000000000,,1,-63,"865,7",Speedwayr-15-32-c2,"0,2454369260617026",
2025-07-25T14:05:15.8065380+03:00,A60000000000000000000000,,1,"-62,5","865,7",Speedwayr-15-32-c2,"4,779884135051658",
2025-07-25T14:05:15.8096090+03:00,A30000000000000000000000,,1,-66,"865,7",Speedwayr-15-32-c2,"4,190835512503572",
2025-07-25T14:05:15.8407240+03:00,A80000000000000000000000,,1,-73,"865,7",Speedwayr-15-32-c2,"4,242990859291684",
2025-07-25T14:05:15.8464480+03:00,A60000000000000000000000,,1,-61,"865,7",Speedwayr-15-32-c2,"4,847379289718626",
2025-07-25T14:05:15.8489490+03:00,A20000000000000000000000,,1,-63,"865,7",Speedwayr-15-32-c2,"0,3436116964863836",
2025-07-25T14:05:15.8504870+03:00,A70000000000000000000000,,1,-66,"865,7",Speedwayr-15-32-c2,"5,1725832167503825",
2025-07-25T14:05:15.8520530+03:00,A30000000000000000000000,,1,"-64,5","865,7",Speedwayr-15-32-c2,"4,025165587411922",
2025-07-25T14:05:15.8543880+03:00,A40000000000000000000000,,1,-63,"865,7",Speedwayr-15-32-c2,"3,650874275167826",
2025-07-25T14:05:15.8822520+03:00,A20000000000000000000000,,1,"-62,5","865,7",Speedwayr-15-32-c2,"0,4724660826687775",
2025-07-25T14:05:15.8841510+03:00,A30000000000000000000000,,1,-64,"865,7",Speedwayr-15-32-c2,"3,9515345095934116",
2025-07-25T14:05:15.8886040+03:00,A60000000000000000000000,,1,-62,"865,7",Speedwayr-15-32-c2,"4,890330751779424",
2025-07-25T14:05:15.8918330+03:00,A70000000000000000000000,,1,-66,"865,7",Speedwayr-15-32-c2,"5,418020142812084",
2025-07-25T14:05:15.8928590+03:00,A40000000000000000000000,,1,-68,"865,7",Speedwayr-15-32-c2,"3,399301425954581",
2025-07-25T14:05:15.9031880+03:00,A80000000000000000000000,,1,"-73,5","865,7",Speedwayr-15-32-c2,"4,491495746929157",
2025-07-25T14:05:15.9106470+03:00,A70000000000000000000000,,1,"-66,5","865,7",Speedwayr-15-32-c2,"5,516194913236766",
2025-07-25T14:05:15.9119590+03:00,A20000000000000000000000,,1,"-63,5","865,7",Speedwayr-15-32-c2,"0,4663301595172349",
2025-07-25T14:05:15.9176110+03:00,A30000000000000000000000,,1,"-64,5","865,7",Speedwayr-15-32-c2,"3,9515345095934116",
2025-07-25T14:05:15.9193350+03:00,A60000000000000000000000,,1,-62,"865,7",Speedwayr-15-32-c2,"4,945554060143307",
2025-07-25T14:05:15.9207770+03:00,A40000000000000000000000,,1,-68,"865,7",Speedwayr-15-32-c2,"3,485204350076177",
2025-07-25T14:05:15.9401380+03:00,A80000000000000000000000,,1,-71,"865,7",Speedwayr-15-32-c2,"4,828971520263998",
2025-07-25T14:05:15.9453180+03:00,A60000000000000000000000,,1,"-62,5","865,7",Speedwayr-15-32-c2,"5,00077736850719",
2025-07-25T14:05:15.9481800+03:00,A70000000000000000000000,,1,"-62,5","865,7",Speedwayr-15-32-c2,"5,620505606812989",
2025-07-25T14:05:15.9501540+03:00,A20000000000000000000000,,1,-62,"865,7",Speedwayr-15-32-c2,"0,5767767762450011",
2025-07-25T14:05:15.9514930+03:00,A40000000000000000000000,,1,"-67,5","865,7",Speedwayr-15-32-c2,"3,2827188860752723",
2025-07-25T14:05:15.9529610+03:00,A30000000000000000000000,,1,-65,"865,7",Speedwayr-15-32-c2,"3,9760782021995817",
2025-07-25T14:05:15.9790440+03:00,A60000000000000000000000,,1,"-62,5","865,7",Speedwayr-15-32-c2,"5,086680292628786",
2025-07-25T14:05:15.9807280+03:00,A40000000000000000000000,,1,"-66,5","865,7",Speedwayr-15-32-c2,"3,2643111166206444",
2025-07-25T14:05:15.9818230+03:00,A20000000000000000000000,,1,"-62,5","865,7",Speedwayr-15-32-c2,"0,6135923151542565",
2025-07-25T14:05:15.9854710+03:00,A30000000000000000000000,,1,"-63,5","865,7",Speedwayr-15-32-c2,"3,810408277107933",
2025-07-25T14:05:15.9865460+03:00,A70000000000000000000000,,1,-66,"865,7",Speedwayr-15-32-c2,"6,013204688511713",
2025-07-25T14:05:16.0111530+03:00,A80000000000000000000000,,1,-73,"865,7",Speedwayr-15-32-c2,"5,160311370447297",
2025-07-25T14:05:16.0180240+03:00,A20000000000000000000000,,1,-63,"865,7",Speedwayr-15-32-c2,"0,5583690067903734",
2025-07-25T14:05:16.0197360+03:00,A30000000000000000000000,,1,"-64,5","865,7",Speedwayr-15-32-c2,"3,810408277107933",
2025-07-25T14:05:16.0208050+03:00,A60000000000000000000000,,1,"-62,5","865,7",Speedwayr-15-32-c2,"5,166447293598839",
2025-07-25T14:05:16.0223150+03:00,A70000000000000000000000,,1,"-65,5","865,7",Speedwayr-15-32-c2,"5,890486225480862",
2025-07-25T14:05:16.0243730+03:00,A40000000000000000000000,,1,-64,"865,7",Speedwayr-15-32-c2,"3,184544115650591",
2025-07-25T14:05:16.0580900+03:00,A30000000000000000000000,,1,"-63,5","865,7",Speedwayr-15-32-c2,"3,5833791205008576",
2025-07-25T14:05:16.0609380+03:00,A20000000000000000000000,,1,-62,"865,7",Speedwayr-15-32-c2,"0,521553467881118",
2025-07-25T14:05:16.0622980+03:00,A60000000000000000000000,,1,"-62,5","865,7",Speedwayr-15-32-c2,"5,2768939103266055",
2025-07-25T14:05:16.0655640+03:00,A70000000000000000000000,,1,-65,"865,7",Speedwayr-15-32-c2,"6,0991076126333095",
2025-07-25T14:05:16.0708920+03:00,A40000000000000000000000,,1,-68,"865,7",Speedwayr-15-32-c2,"3,104777114680538",
2025-07-25T14:05:16.0832030+03:00,A30000000000000000000000,,1,-64,"865,7",Speedwayr-15-32-c2,"3,5956509668039427",
2025-07-25T14:05:16.0866940+03:00,A20000000000000000000000,,1,-59,"865,7",Speedwayr-15-32-c2,"0,607456392002714",
2025-07-25T14:05:16.0877930+03:00,A60000000000000000000000,,1,"-62,5","865,7",Speedwayr-15-32-c2,"5,338253141842031",
2025-07-25T14:05:16.0907190+03:00,A70000000000000000000000,,1,-65,"865,7",Speedwayr-15-32-c2,"5,988660995905543",
2025-07-25T14:05:16.0930570+03:00,A40000000000000000000000,,1,"-67,5","865,7",Speedwayr-15-32-c2,"3,067961575771282",
2025-07-25T14:05:16.1131700+03:00,A40000000000000000000000,,1,-68,"865,7",Speedwayr-15-32-c2,"3,153864499892878",
2025-07-25T14:05:16.1158970+03:00,A20000000000000000000000,,1,-62,"865,7",Speedwayr-15-32-c2,"0,521553467881118",
2025-07-25T14:05:16.1186430+03:00,A60000000000000000000000,,1,-62,"865,7",Speedwayr-15-32-c2,"5,338253141842031",
2025-07-25T14:05:16.1207650+03:00,A30000000000000000000000,,1,-64,"865,7",Speedwayr-15-32-c2,"3,6017868899554855",
2025-07-25T14:05:16.1230940+03:00,A70000000000000000000000,,1,"-65,5","865,7",Speedwayr-15-32-c2,"6,12365130523948",
2025-07-25T14:05:16.1432770+03:00,A80000000000000000000000,,1,"-73,5","865,7",Speedwayr-15-32-c2,"5,899690110208176",
2025-07-25T14:05:16.1486480+03:00,A60000000000000000000000,,1,"-61,5","865,7",Speedwayr-15-32-c2,"5,43029198911517",
2025-07-25T14:05:16.1505540+03:00,A30000000000000000000000,,1,"-63,5","865,7",Speedwayr-15-32-c2,"3,5342917352885173",
2025-07-25T14:05:16.1522910+03:00,A40000000000000000000000,,1,-67,"865,7",Speedwayr-15-32-c2,"3,2704470397721868",
2025-07-25T14:05:16.1533610+03:00,A20000000000000000000000,,1,-62,"865,7",Speedwayr-15-32-c2,"0,5031456984264903",
2025-07-25T14:05:16.1566860+03:00,A70000000000000000000000,,1,-64,"865,7",Speedwayr-15-32-c2,"6,215690152512618",
2025-07-25T14:05:16.1903190+03:00,A60000000000000000000000,,1,-62,"865,7",Speedwayr-15-32-c2,"5,47937937432751",
2025-07-25T14:05:16.1984740+03:00,A30000000000000000000000,,1,-64,"865,7",Speedwayr-15-32-c2,"3,393165502803038",
2025-07-25T14:05:16.2000910+03:00,A20000000000000000000000,,1,-62,"865,7",Speedwayr-15-32-c2,"0,5154175447295755",
2025-07-25T14:05:16.2095530+03:00,A70000000000000000000000,,1,-66,"865,7",Speedwayr-15-32-c2,"0,01227184630308513",
2025-07-25T14:05:16.2241800+03:00,A60000000000000000000000,,1,"-62,5","865,7",Speedwayr-15-32-c2,"5,418020142812084",
2025-07-25T14:05:16.2265900+03:00,A70000000000000000000000,,1,"-64,5","865,7",Speedwayr-15-32-c2,"6,019340611663256",
2025-07-25T14:05:16.2284300+03:00,A20000000000000000000000,,1,"-61,5","865,7",Speedwayr-15-32-c2,"0,30066023442558565",
2025-07-25T14:05:16.2403410+03:00,A40000000000000000000000,,1,-67,"865,7",Speedwayr-15-32-c2,"2,9084275738311756",
2025-07-25T14:05:16.2414110+03:00,A30000000000000000000000,,1,"-64,5","865,7",Speedwayr-15-32-c2,"3,7429131224409646",
2025-07-25T14:05:16.2534720+03:00,A80000000000000000000000,,1,-73,"865,7",Speedwayr-15-32-c2,"5,930369725965889",
2025-07-25T14:05:16.2605640+03:00,A20000000000000000000000,,1,"-61,5","865,7",Speedwayr-15-32-c2,"0,5460971604872883",
2025-07-25T14:05:16.2639500+03:00,A60000000000000000000000,,1,-62,"865,7",Speedwayr-15-32-c2,"5,559146375297564",
2025-07-25T14:05:16.2731690+03:00,A30000000000000000000000,,1,-64,"865,7",Speedwayr-15-32-c2,"3,5342917352885173",
2025-07-25T14:05:16.2787730+03:00,A40000000000000000000000,,1,"-66,5","865,7",Speedwayr-15-32-c2,"2,9268353432858034",
2025-07-25T14:05:16.2802730+03:00,A70000000000000000000000,,1,"-65,5","865,7",Speedwayr-15-32-c2,"6,277049384028044",
2025-07-25T14:05:16.3185170+03:00,A30000000000000000000000,,1,"-63,5","865,7",Speedwayr-15-32-c2,"3,5465635815916023",
2025-07-25T14:05:16.3201400+03:00,A60000000000000000000000,,1,"-61,5","865,7",Speedwayr-15-32-c2,"5,546874528994478",
2025-07-25T14:05:16.3220660+03:00,A20000000000000000000000,,1,"-61,5","865,7",Speedwayr-15-32-c2,"0,5890486225480862",
2025-07-25T14:05:16.3242720+03:00,A40000000000000000000000,,1,"-64,5","865,7",Speedwayr-15-32-c2,"2,9820586516496865",
2025-07-25T14:05:16.3275230+03:00,A70000000000000000000000,,1,-66,"865,7",Speedwayr-15-32-c2,"0,06135923151542565",
2025-07-25T14:05:16.3452730+03:00,A20000000000000000000000,,1,-61,"865,7",Speedwayr-15-32-c2,"0,6933593161243098",
2025-07-25T14:05:16.3473370+03:00,A60000000000000000000000,,1,-61,"865,7",Speedwayr-15-32-c2,"5,602097837358362",
2025-07-25T14:05:16.3502870+03:00,A70000000000000000000000,,1,-66,"865,7",Speedwayr-15-32-c2,"6,252505691421874",
2025-07-25T14:05:16.3529820+03:00,A30000000000000000000000,,1,-63,"865,7",Speedwayr-15-32-c2,"3,6692820446224537",
2025-07-25T14:05:16.3601790+03:00,A40000000000000000000000,,1,"-67,5","865,7",Speedwayr-15-32-c2,"2,834796496012665",
2025-07-25T14:05:16.3824950+03:00,A20000000000000000000000,,1,"-60,5","865,7",Speedwayr-15-32-c2,"0,6749515466696822",
2025-07-25T14:05:16.3869310+03:00,A30000000000000000000000,,1,-64,"865,7",Speedwayr-15-32-c2,"3,56497135104623",
2025-07-25T14:05:16.3907150+03:00,A60000000000000000000000,,1,-62,"865,7",Speedwayr-15-32-c2,"5,822991070813893",
2025-07-25T14:05:16.3927080+03:00,A70000000000000000000000,,1,-64,"865,7",Speedwayr-15-32-c2,"0,14112623248547898",
2025-07-25T14:05:16.3989380+03:00,A40000000000000000000000,,1,"-66,5","865,7",Speedwayr-15-32-c2,"3,055689729468197",
2025-07-25T14:05:16.4129410+03:00,A60000000000000000000000,,1,"-62,5","865,7",Speedwayr-15-32-c2,"5,583690067903734",
2025-07-25T14:05:16.4171870+03:00,A20000000000000000000000,,1,-61,"865,7",Speedwayr-15-32-c2,"0,6810874698212247",
2025-07-25T14:05:16.4182570+03:00,A70000000000000000000000,,1,-65,"865,7",Speedwayr-15-32-c2,"0,0674951546669682",
2025-07-25T14:05:16.4206200+03:00,A40000000000000000000000,,1,"-67,5","865,7",Speedwayr-15-32-c2,"2,8286605728611223",
2025-07-25T14:05:16.4216910+03:00,A30000000000000000000000,,1,-64,"865,7",Speedwayr-15-32-c2,"3,5833791205008576",
2025-07-25T14:05:16.4321660+03:00,A80000000000000000000000,,1,-69,"865,7",Speedwayr-15-32-c2,"6,227961998815704",
2025-07-25T14:05:16.4458480+03:00,A20000000000000000000000,,1,"-61,5","865,7",Speedwayr-15-32-c2,"0,8713010875190442",
2025-07-25T14:05:16.4470710+03:00,A30000000000000000000000,,1,-64,"865,7",Speedwayr-15-32-c2,"3,7551849687440497",
2025-07-25T14:05:16.4497650+03:00,A40000000000000000000000,,1,-67,"865,7",Speedwayr-15-32-c2,"3,043417883165112",
2025-07-25T14:05:16.4508370+03:00,A60000000000000000000000,,1,"-60,5","865,7",Speedwayr-15-32-c2,"5,6941366846315",
2025-07-25T14:05:16.4526300+03:00,A70000000000000000000000,,1,-66,"865,7",Speedwayr-15-32-c2,"0,04295146206079795",
2025-07-25T14:05:16.4901590+03:00,A60000000000000000000000,,1,"-61,5","865,7",Speedwayr-15-32-c2,"5,5714182216006485",
2025-07-25T14:05:16.4912570+03:00,A30000000000000000000000,,1,-64,"865,7",Speedwayr-15-32-c2,"3,663146121470911",
2025-07-25T14:05:16.4951920+03:00,A40000000000000000000000,,1,-68,"865,7",Speedwayr-15-32-c2,"3,2090878082567613",
2025-07-25T14:05:16.4962870+03:00,A20000000000000000000000,,1,"-59,5","865,7",Speedwayr-15-32-c2,"0,9878836273983529",
2025-07-25T14:05:16.4996440+03:00,A70000000000000000000000,,1,"-65,5","865,7",Speedwayr-15-32-c2,"6,277049384028044",
2025-07-25T14:05:16.5126300+03:00,A30000000000000000000000,,1,"-63,5","865,7",Speedwayr-15-32-c2,"3,730641276137879",
2025-07-25T14:05:16.5152760+03:00,A40000000000000000000000,,1,"-65,5","865,7",Speedwayr-15-32-c2,"2,521864415283994",
2025-07-25T14:05:16.5201490+03:00,A20000000000000000000000,,1,-61,"865,7",Speedwayr-15-32-c2,"0,9572040116406401",
2025-07-25T14:05:16.5215750+03:00,A60000000000000000000000,,1,-62,"865,7",Speedwayr-15-32-c2,"5,595961914206819",
2025-07-25T14:05:16.5229010+03:00,A70000000000000000000000,,1,-66,"865,7",Speedwayr-15-32-c2,"0,006135923151542565",
2025-07-25T14:05:16.5571800+03:00,A60000000000000000000000,,1,-62,"865,7",Speedwayr-15-32-c2,"5,71868037723767",
2025-07-25T14:05:16.5585610+03:00,A20000000000000000000000,,1,"-61,5","865,7",Speedwayr-15-32-c2,"1,1535535524900022",
2025-07-25T14:05:16.5596170+03:00,A30000000000000000000000,,1,-63,"865,7",Speedwayr-15-32-c2,"3,761320891895592",
2025-07-25T14:05:16.5621520+03:00,A70000000000000000000000,,1,"-66,5","865,7",Speedwayr-15-32-c2,"0,1595340019401067",
2025-07-25T14:05:16.5648990+03:00,A40000000000000000000000,,1,"-64,5","865,7",Speedwayr-15-32-c2,"3,1784081924990484",
2025-07-25T14:05:16.6017860+03:00,A60000000000000000000000,,1,-62,"865,7",Speedwayr-15-32-c2,"5,540738605842936",
2025-07-25T14:05:16.6065680+03:00,A20000000000000000000000,,1,"-61,5","865,7",Speedwayr-15-32-c2,"1,1780972450961724",
2025-07-25T14:05:16.6082220+03:00,A30000000000000000000000,,1,-64,"865,7",Speedwayr-15-32-c2,"3,834951969714103",
2025-07-25T14:05:16.6103890+03:00,A70000000000000000000000,,1,-66,"865,7",Speedwayr-15-32-c2,"6,270913460876501",
2025-07-25T14:05:16.6234820+03:00,A30000000000000000000000,,1,"-61,5","865,7",Speedwayr-15-32-c2,"3,877903431774901",
2025-07-25T14:05:16.6281950+03:00,A60000000000000000000000,,1,-61,"865,7",Speedwayr-15-32-c2,"5,540738605842936",
2025-07-25T14:05:16.6301730+03:00,A70000000000000000000000,,1,"-65,5","865,7",Speedwayr-15-32-c2,"6,068427996875596",
2025-07-25T14:05:16.6312280+03:00,A20000000000000000000000,,1,-62,"865,7",Speedwayr-15-32-c2,"1,141281706186917",
2025-07-25T14:05:16.6324240+03:00,A40000000000000000000000,,1,"-67,5","865,7",Speedwayr-15-32-c2,"3,2888548092268146",
2025-07-25T14:05:16.6570500+03:00,A20000000000000000000000,,1,"-61,5","865,7",Speedwayr-15-32-c2,"1,1903690913992575",
2025-07-25T14:05:16.6604440+03:00,A40000000000000000000000,,1,-67,"865,7",Speedwayr-15-32-c2,"3,3318062712876126",
2025-07-25T14:05:16.6616120+03:00,A30000000000000000000000,,1,-64,"865,7",Speedwayr-15-32-c2,"3,9699422790480394",
2025-07-25T14:05:16.6627380+03:00,A60000000000000000000000,,1,-62,"865,7",Speedwayr-15-32-c2,"5,516194913236766",
2025-07-25T14:05:16.6700840+03:00,A70000000000000000000000,,1,-66,"865,7",Speedwayr-15-32-c2,"6,19728238305799",
2025-07-25T14:05:16.6826310+03:00,A20000000000000000000000,,1,-62,"865,7",Speedwayr-15-32-c2,"1,3499030933393643",
2025-07-25T14:05:16.6850690+03:00,A30000000000000000000000,,1,"-62,5","865,7",Speedwayr-15-32-c2,"3,9208548938356986",
2025-07-25T14:05:16.6878870+03:00,A60000000000000000000000,,1,"-61,5","865,7",Speedwayr-15-32-c2,"5,50392306693368",
2025-07-25T14:05:16.6907240+03:00,A40000000000000000000000,,1,-67,"865,7",Speedwayr-15-32-c2,"3,423845118560751",
2025-07-25T14:05:16.6920540+03:00,A70000000000000000000000,,1,"-65,5","865,7",Speedwayr-15-32-c2,"6,234097921967246",
2025-07-25T14:05:16.7161640+03:00,A20000000000000000000000,,1,"-61,5","865,7",Speedwayr-15-32-c2,"1,2640001692177683",
2025-07-25T14:05:16.7195980+03:00,A60000000000000000000000,,1,-62,"865,7",Speedwayr-15-32-c2,"5,460971604872882",
2025-07-25T14:05:16.7206830+03:00,A70000000000000000000000,,1,-66,"865,7",Speedwayr-15-32-c2,"6,111379458936394",
2025-07-25T14:05:16.7254210+03:00,A30000000000000000000000,,1,-64,"865,7",Speedwayr-15-32-c2,"4,000621894805752",
2025-07-25T14:05:16.7397500+03:00,A20000000000000000000000,,1,"-62,5","865,7",Speedwayr-15-32-c2,"1,4051264017032472",
2025-07-25T14:05:16.7414320+03:00,A70000000000000000000000,,1,"-66,5","865,7",Speedwayr-15-32-c2,"0,06135923151542565",
2025-07-25T14:05:16.7441370+03:00,A40000000000000000000000,,1,-66,"865,7",Speedwayr-15-32-c2,"3,479068426924634",
2025-07-25T14:05:16.7464470+03:00,A60000000000000000000000,,1,"-61,5","865,7",Speedwayr-15-32-c2,"5,45483568172134",
2025-07-25T14:05:16.7478860+03:00,A30000000000000000000000,,1,"-63,5","865,7",Speedwayr-15-32-c2,"3,9392626632903265",
2025-07-25T14:05:16.7614080+03:00,A30000000000000000000000,,1,-64,"865,7",Speedwayr-15-32-c2,"4,049709280018092",
2025-07-25T14:05:16.7628340+03:00,A70000000000000000000000,,1,-66,"865,7",Speedwayr-15-32-c2,"6,111379458936394",
2025-07-25T14:05:16.7642410+03:00,A20000000000000000000000,,1,"-61,5","865,7",Speedwayr-15-32-c2,"1,533980787885641",
2025-07-25T14:05:16.7671890+03:00,A60000000000000000000000,,1,"-60,5","865,7",Speedwayr-15-32-c2,"5,448699758569798",
2025-07-25T14:05:16.7695500+03:00,A40000000000000000000000,,1,"-66,5","865,7",Speedwayr-15-32-c2,"3,485204350076177",
2025-07-25T14:05:16.7857030+03:00,A60000000000000000000000,,1,-62,"865,7",Speedwayr-15-32-c2,"4,8351074434155406",
2025-07-25T14:05:16.7894530+03:00,A70000000000000000000000,,1,"-65,5","865,7",Speedwayr-15-32-c2,"6,019340611663256",
2025-07-25T14:05:16.7910230+03:00,A40000000000000000000000,,1,"-66,5","865,7",Speedwayr-15-32-c2,"3,5465635815916023",
2025-07-25T14:05:16.7931510+03:00,A20000000000000000000000,,1,-62,"865,7",Speedwayr-15-32-c2,"1,368310862793992",
2025-07-25T14:05:16.7956540+03:00,A30000000000000000000000,,1,-63,"865,7",Speedwayr-15-32-c2,"4,178563666200486",
2025-07-25T14:05:16.8092190+03:00,A20000000000000000000000,,1,-63,"865,7",Speedwayr-15-32-c2,"1,3314953238847365",
2025-07-25T14:05:16.8163200+03:00,A60000000000000000000000,,1,"-59,5","865,7",Speedwayr-15-32-c2,"5,313709449235861",
2025-07-25T14:05:16.8189410+03:00,A70000000000000000000000,,1,"-66,5","865,7",Speedwayr-15-32-c2,"6,050020227420969",
2025-07-25T14:05:16.8199970+03:00,A40000000000000000000000,,1,"-67,5","865,7",Speedwayr-15-32-c2,"3,466796580621549",
2025-07-25T14:05:16.8213230+03:00,A30000000000000000000000,,1,"-64,5","865,7",Speedwayr-15-32-c2,"3,9822141253511245",
2025-07-25T14:05:16.8432860+03:00,A30000000000000000000000,,1,-63,"865,7",Speedwayr-15-32-c2,"4,080388895775806",
2025-07-25T14:05:16.8450110+03:00,A60000000000000000000000,,1,"-61,5","865,7",Speedwayr-15-32-c2,"5,344389064993574",
2025-07-25T14:05:16.8463840+03:00,A20000000000000000000000,,1,"-61,5","865,7",Speedwayr-15-32-c2,"1,423534171157875",
2025-07-25T14:05:16.8498510+03:00,A70000000000000000000000,,1,"-66,5","865,7",Speedwayr-15-32-c2,"6,105243535784852",
2025-07-25T14:05:16.8509920+03:00,A40000000000000000000000,,1,"-67,5","865,7",Speedwayr-15-32-c2,"3,454524734318464",
2025-07-25T14:05:16.8644760+03:00,A20000000000000000000000,,1,"-62,5","865,7",Speedwayr-15-32-c2,"1,325359400733194",
2025-07-25T14:05:16.8680650+03:00,A40000000000000000000000,,1,-64,"865,7",Speedwayr-15-32-c2,"3,509748042682347",
2025-07-25T14:05:16.8705600+03:00,A60000000000000000000000,,1,"-61,5","865,7",Speedwayr-15-32-c2,"5,325981295538946",
2025-07-25T14:05:16.8717600+03:00,A70000000000000000000000,,1,"-65,5","865,7",Speedwayr-15-32-c2,"0,02454369260617026",
2025-07-25T14:05:16.8740960+03:00,A30000000000000000000000,,1,-63,"865,7",Speedwayr-15-32-c2,"4,080388895775806",
2025-07-25T14:05:16.8976670+03:00,A20000000000000000000000,,1,"-63,5","865,7",Speedwayr-15-32-c2,"1,3989904785517047",
2025-07-25T14:05:16.9000620+03:00,A70000000000000000000000,,1,"-66,5","865,7",Speedwayr-15-32-c2,"6,050020227420969",
2025-07-25T14:05:16.9015020+03:00,A30000000000000000000000,,1,-64,"865,7",Speedwayr-15-32-c2,"4,06811704947272",
2025-07-25T14:05:16.9026580+03:00,A60000000000000000000000,,1,"-61,5","865,7",Speedwayr-15-32-c2,"5,307573526084319",
2025-07-25T14:05:16.9197590+03:00,A40000000000000000000000,,1,"-66,5","865,7",Speedwayr-15-32-c2,"3,479068426924634",
2025-07-25T14:05:16.9225250+03:00,A20000000000000000000000,,1,"-63,5","865,7",Speedwayr-15-32-c2,"1,368310862793992",
2025-07-25T14:05:16.9240660+03:00,A60000000000000000000000,,1,"-60,5","865,7",Speedwayr-15-32-c2,"5,356660911296659",
2025-07-25T14:05:16.9260290+03:00,A30000000000000000000000,,1,"-60,5","865,7",Speedwayr-15-32-c2,"4,025165587411922",
2025-07-25T14:05:16.9273280+03:00,A70000000000000000000000,,1,"-65,5","865,7",Speedwayr-15-32-c2,"6,166602767300278",
2025-07-25T14:05:16.9464590+03:00,A30000000000000000000000,,1,-63,"865,7",Speedwayr-15-32-c2,"4,374913207049849",
2025-07-25T14:05:16.9498520+03:00,A60000000000000000000000,,1,"-61,5","865,7",Speedwayr-15-32-c2,"5,387340527054372",
2025-07-25T14:05:16.9509150+03:00,A20000000000000000000000,,1,"-62,5","865,7",Speedwayr-15-32-c2,"1,3928545554001621",
2025-07-25T14:05:16.9537070+03:00,A70000000000000000000000,,1,"-65,5","865,7",Speedwayr-15-32-c2,"5,915029918087033",
2025-07-25T14:05:16.9598230+03:00,A40000000000000000000000,,1,"-67,5","865,7",Speedwayr-15-32-c2,"3,5772431973493153",
2025-07-25T14:05:16.9722390+03:00,A30000000000000000000000,,1,"-64,5","865,7",Speedwayr-15-32-c2,"4,09266074207889",
2025-07-25T14:05:16.9743320+03:00,A20000000000000000000000,,1,-61,"865,7",Speedwayr-15-32-c2,"1,4480778637640452",
2025-07-25T14:05:16.9756590+03:00,A60000000000000000000000,,1,-62,"865,7",Speedwayr-15-32-c2,"5,559146375297564",
2025-07-25T14:05:16.9786490+03:00,A40000000000000000000000,,1,-67,"865,7",Speedwayr-15-32-c2,"3,479068426924634",
2025-07-25T14:05:16.9827660+03:00,A70000000000000000000000,,1,"-65,5","865,7",Speedwayr-15-32-c2,"5,835262917116979",
2025-07-25T14:05:17.0007220+03:00,A30000000000000000000000,,1,"-62,5","865,7",Speedwayr-15-32-c2,"4,1172044346850605",
2025-07-25T14:05:17.0022630+03:00,A60000000000000000000000,,1,-62,"865,7",Speedwayr-15-32-c2,"5,338253141842031",
2025-07-25T14:05:17.0047710+03:00,A20000000000000000000000,,1,"-61,5","865,7",Speedwayr-15-32-c2,"1,282407938672396",
2025-07-25T14:05:17.0098680+03:00,A40000000000000000000000,,1,"-67,5","865,7",Speedwayr-15-32-c2,"3,5342917352885173",
2025-07-25T14:05:17.0129730+03:00,A70000000000000000000000,,1,"-66,5","865,7",Speedwayr-15-32-c2,"5,945709533844745",
2025-07-25T14:05:17.0254430+03:00,A20000000000000000000000,,1,-63,"865,7",Speedwayr-15-32-c2,"0,8528933180644165",
2025-07-25T14:05:17.0265090+03:00,A30000000000000000000000,,1,-61,"865,7",Speedwayr-15-32-c2,"4,0128937411088375",
2025-07-25T14:05:17.0294910+03:00,A60000000000000000000000,,1,-62,"865,7",Speedwayr-15-32-c2,"5,270757987175063",
2025-07-25T14:05:17.0331810+03:00,A40000000000000000000000,,1,"-66,5","865,7",Speedwayr-15-32-c2,"3,442252888015379",
2025-07-25T14:05:17.0376660+03:00,A70000000000000000000000,,1,"-65,5","865,7",Speedwayr-15-32-c2,"5,921165841238575",
2025-07-25T14:05:17.0589800+03:00,A60000000000000000000000,,1,-62,"865,7",Speedwayr-15-32-c2,"5,227806525114265",
2025-07-25T14:05:17.0609180+03:00,A40000000000000000000000,,1,-67,"865,7",Speedwayr-15-32-c2,"3,442252888015379",
2025-07-25T14:05:17.0620820+03:00,A20000000000000000000000,,1,-63,"865,7",Speedwayr-15-32-c2,"1,3008157081270237",
2025-07-25T14:05:17.0636650+03:00,A30000000000000000000000,,1,-63,"865,7",Speedwayr-15-32-c2,"3,933126740138784",
2025-07-25T14:05:17.0686100+03:00,A70000000000000000000000,,1,-66,"865,7",Speedwayr-15-32-c2,"6,080699843178682",
2025-07-25T14:05:17.0847620+03:00,A70000000000000000000000,,1,-64,"865,7",Speedwayr-15-32-c2,"5,994796919057086",
2025-07-25T14:05:17.0867100+03:00,A60000000000000000000000,,1,-61,"865,7",Speedwayr-15-32-c2,"5,246214294568893",
2025-07-25T14:05:17.0888820+03:00,A30000000000000000000000,,1,-64,"865,7",Speedwayr-15-32-c2,"4,09266074207889",
2025-07-25T14:05:17.0903640+03:00,A20000000000000000000000,,1,-62,"865,7",Speedwayr-15-32-c2,"1,4603497100671303",
2025-07-25T14:05:17.0923960+03:00,A40000000000000000000000,,1,-68,"865,7",Speedwayr-15-32-c2,"3,552699504743145",
2025-07-25T14:05:17.1088690+03:00,A30000000000000000000000,,1,"-63,5","865,7",Speedwayr-15-32-c2,"3,6324665057131984",
2025-07-25T14:05:17.1118440+03:00,A20000000000000000000000,,1,"-63,5","865,7",Speedwayr-15-32-c2,"1,2517283229146832",
2025-07-25T14:05:17.1168870+03:00,A60000000000000000000000,,1,-60,"865,7",Speedwayr-15-32-c2,"5,3198453723874035",
2025-07-25T14:05:17.1211650+03:00,A70000000000000000000000,,1,"-66,5","865,7",Speedwayr-15-32-c2,"5,706408530934585",
2025-07-25T14:05:17.1226210+03:00,A40000000000000000000000,,1,"-67,5","865,7",Speedwayr-15-32-c2,"3,399301425954581",
2025-07-25T14:05:17.1364690+03:00,A70000000000000000000000,,1,-66,"865,7",Speedwayr-15-32-c2,"5,700272607783043",
2025-07-25T14:05:17.1389050+03:00,A30000000000000000000000,,1,-64,"865,7",Speedwayr-15-32-c2,"3,9822141253511245",
2025-07-25T14:05:17.1409000+03:00,A60000000000000000000000,,1,-62,"865,7",Speedwayr-15-32-c2,"5,154175447295755",
2025-07-25T14:05:17.1448150+03:00,A40000000000000000000000,,1,"-66,5","865,7",Speedwayr-15-32-c2,"3,4054373491061236",
2025-07-25T14:05:17.1458990+03:00,A20000000000000000000000,,1,-63,"865,7",Speedwayr-15-32-c2,"2,0371264863121317",
2025-07-25T14:05:17.1704720+03:00,A20000000000000000000000,,1,"-63,5","865,7",Speedwayr-15-32-c2,"1,2762720155208536",
2025-07-25T14:05:17.1716020+03:00,A60000000000000000000000,,1,-62,"865,7",Speedwayr-15-32-c2,"5,3627968344482015",
2025-07-25T14:05:17.1759980+03:00,A40000000000000000000000,,1,-62,"865,7",Speedwayr-15-32-c2,"3,1784081924990484",
2025-07-25T14:05:17.1777890+03:00,A30000000000000000000000,,1,"-64,5","865,7",Speedwayr-15-32-c2,"3,8717675086233583",
2025-07-25T14:05:17.1804120+03:00,A70000000000000000000000,,1,"-65,5","865,7",Speedwayr-15-32-c2,"5,798447378207723",
2025-07-25T14:05:17.1971680+03:00,A20000000000000000000000,,1,"-63,5","865,7",Speedwayr-15-32-c2,"1,2026409377023426",
2025-07-25T14:05:17.1988770+03:00,A40000000000000000000000,,1,-67,"865,7",Speedwayr-15-32-c2,"3,485204350076177",
2025-07-25T14:05:17.1999630+03:00,A30000000000000000000000,,1,"-64,5","865,7",Speedwayr-15-32-c2,"3,902447124381071",
2025-07-25T14:05:17.2010460+03:00,A70000000000000000000000,,1,-67,"865,7",Speedwayr-15-32-c2,"5,798447378207723",
2025-07-25T14:05:17.2023770+03:00,A60000000000000000000000,,1,"-62,5","865,7",Speedwayr-15-32-c2,"5,092816215780329",
2025-07-25T14:05:17.2267430+03:00,A20000000000000000000000,,1,-63,"865,7",Speedwayr-15-32-c2,"1,2701360923693108",
2025-07-25T14:05:17.2292690+03:00,A70000000000000000000000,,1,"-66,5","865,7",Speedwayr-15-32-c2,"5,964117303299373",
2025-07-25T14:05:17.2308500+03:00,A30000000000000000000000,,1,"-64,5","865,7",Speedwayr-15-32-c2,"3,9269908169872414",
2025-07-25T14:05:17.2324610+03:00,A60000000000000000000000,,1,-62,"865,7",Speedwayr-15-32-c2,"5,184855063053467",
2025-07-25T14:05:17.2401600+03:00,A40000000000000000000000,,1,-67,"865,7",Speedwayr-15-32-c2,"3,4054373491061236",
2025-07-25T14:05:17.2587590+03:00,A20000000000000000000000,,1,-62,"865,7",Speedwayr-15-32-c2,"1,3008157081270237",
2025-07-25T14:05:17.2603380+03:00,A40000000000000000000000,,1,-66,"865,7",Speedwayr-15-32-c2,"3,5158839658338894",
2025-07-25T14:05:17.2616640+03:00,A30000000000000000000000,,1,"-64,5","865,7",Speedwayr-15-32-c2,"3,865631585471816",
2025-07-25T14:05:17.2630750+03:00,A60000000000000000000000,,1,-61,"865,7",Speedwayr-15-32-c2,"5,1725832167503825",
2025-07-25T14:05:17.2701970+03:00,A70000000000000000000000,,1,-66,"865,7",Speedwayr-15-32-c2,"5,749359992995383",
2025-07-25T14:05:17.2841000+03:00,A20000000000000000000000,,1,"-62,5","865,7",Speedwayr-15-32-c2,"1,1474176293384597",
2025-07-25T14:05:17.2876920+03:00,A60000000000000000000000,,1,"-61,5","865,7",Speedwayr-15-32-c2,"5,111223985234957",
2025-07-25T14:05:17.2902890+03:00,A30000000000000000000000,,1,"-63,5","865,7",Speedwayr-15-32-c2,"3,9453985864418692",
2025-07-25T14:05:17.2928310+03:00,A40000000000000000000000,,1,-67,"865,7",Speedwayr-15-32-c2,"3,3011266555298997",
2025-07-25T14:05:17.2968800+03:00,A70000000000000000000000,,1,"-65,5","865,7",Speedwayr-15-32-c2,"5,957981380147831",
2025-07-25T14:05:17.3192070+03:00,A60000000000000000000000,,1,-61,"865,7",Speedwayr-15-32-c2,"4,914874444385594",
2025-07-25T14:05:17.3243460+03:00,A40000000000000000000000,,1,"-65,5","865,7",Speedwayr-15-32-c2,"3,6017868899554855",
2025-07-25T14:05:17.3261900+03:00,A30000000000000000000000,,1,-64,"865,7",Speedwayr-15-32-c2,"3,6570101983193686",
2025-07-25T14:05:17.3275660+03:00,A20000000000000000000000,,1,"-61,5","865,7",Speedwayr-15-32-c2,"1,2087768608538851",
2025-07-25T14:05:17.3297910+03:00,A70000000000000000000000,,1,"-66,5","865,7",Speedwayr-15-32-c2,"5,816855147662351",
2025-07-25T14:05:17.3419470+03:00,A30000000000000000000000,,1,-65,"865,7",Speedwayr-15-32-c2,"3,877903431774901",
2025-07-25T14:05:17.3460840+03:00,A60000000000000000000000,,1,"-60,5","865,7",Speedwayr-15-32-c2,"5,098952138931871",
2025-07-25T14:05:17.3475240+03:00,A70000000000000000000000,,1,"-66,5","865,7",Speedwayr-15-32-c2,"5,798447378207723",
2025-07-25T14:05:17.3489140+03:00,A20000000000000000000000,,1,"-62,5","865,7",Speedwayr-15-32-c2,"1,1719613219446299",
2025-07-25T14:05:17.3509700+03:00,A40000000000000000000000,,1,-66,"865,7",Speedwayr-15-32-c2,"3,436116964863836",
2025-07-25T14:05:17.3873530+03:00,A30000000000000000000000,,1,"-64,5","865,7",Speedwayr-15-32-c2,"3,9760782021995817",
2025-07-25T14:05:17.3892760+03:00,A20000000000000000000000,,1,"-62,5","865,7",Speedwayr-15-32-c2,"1,1780972450961724",
2025-07-25T14:05:17.3907860+03:00,A60000000000000000000000,,1,-61,"865,7",Speedwayr-15-32-c2,"5,086680292628786",
2025-07-25T14:05:17.3924830+03:00,A40000000000000000000000,,1,-67,"865,7",Speedwayr-15-32-c2,"3,522019888985432",
2025-07-25T14:05:17.3943940+03:00,A70000000000000000000000,,1,"-65,5","865,7",Speedwayr-15-32-c2,"5,773903685601553",
2025-07-25T14:05:17.4106830+03:00,A70000000000000000000000,,1,-65,"865,7",Speedwayr-15-32-c2,"5,767767762450011",
2025-07-25T14:05:17.4121390+03:00,A30000000000000000000000,,1,-64,"865,7",Speedwayr-15-32-c2,"3,77972866135022",
2025-07-25T14:05:17.4142220+03:00,A60000000000000000000000,,1,-60,"865,7",Speedwayr-15-32-c2,"5,203262832508095",
2025-07-25T14:05:17.4159680+03:00,A20000000000000000000000,,1,"-62,5","865,7",Speedwayr-15-32-c2,"1,2087768608538851",
2025-07-25T14:05:17.4182480+03:00,A80000000000000000000000,,1,"-75,5","865,7",Speedwayr-15-32-c2,"5,3198453723874035",
2025-07-25T14:05:17.4213190+03:00,A40000000000000000000000,,1,"-66,5","865,7",Speedwayr-15-32-c2,"3,2827188860752723",
2025-07-25T14:05:17.4376410+03:00,A60000000000000000000000,,1,"-61,5","865,7",Speedwayr-15-32-c2,"5,111223985234957",
2025-07-25T14:05:17.4390810+03:00,A30000000000000000000000,,1,-64,"865,7",Speedwayr-15-32-c2,"3,9699422790480394",
2025-07-25T14:05:17.4409900+03:00,A40000000000000000000000,,1,"-67,5","865,7",Speedwayr-15-32-c2,"3,3379421944391554",
2025-07-25T14:05:17.4423170+03:00,A20000000000000000000000,,1,-63,"865,7",Speedwayr-15-32-c2,"0,8835729338221293",
2025-07-25T14:05:17.4461910+03:00,A70000000000000000000000,,1,-64,"865,7",Speedwayr-15-32-c2,"5,816855147662351",
2025-07-25T14:05:17.4528460+03:00,A80000000000000000000000,,1,-75,"865,7",Speedwayr-15-32-c2,"5,8475347634200645",
2025-07-25T14:05:17.4659070+03:00,A60000000000000000000000,,1,"-59,5","865,7",Speedwayr-15-32-c2,"5,129631754689584",
2025-07-25T14:05:17.4694870+03:00,A20000000000000000000000,,1,-62,"865,7",Speedwayr-15-32-c2,"1,1535535524900022",
2025-07-25T14:05:17.4707550+03:00,A70000000000000000000000,,1,-67,"865,7",Speedwayr-15-32-c2,"5,835262917116979",
2025-07-25T14:05:17.4776710+03:00,A30000000000000000000000,,1,"-61,5","865,7",Speedwayr-15-32-c2,"3,773592738198677",
2025-07-25T14:05:17.4809260+03:00,A40000000000000000000000,,1,-67,"865,7",Speedwayr-15-32-c2,"3,2704470397721868",
2025-07-25T14:05:17.4985960+03:00,A30000000000000000000000,,1,"-64,5","865,7",Speedwayr-15-32-c2,"3,5895150436524004",
2025-07-25T14:05:17.4998350+03:00,A60000000000000000000000,,1,"-61,5","865,7",Speedwayr-15-32-c2,"5,178719139901925",
2025-07-25T14:05:17.5018270+03:00,A20000000000000000000000,,1,"-61,5","865,7",Speedwayr-15-32-c2,"1,055378782065321",
2025-07-25T14:05:17.5028830+03:00,A40000000000000000000000,,1,"-67,5","865,7",Speedwayr-15-32-c2,"3,2336315008629315",
2025-07-25T14:05:17.5080860+03:00,A70000000000000000000000,,1,"-65,5","865,7",Speedwayr-15-32-c2,"5,6573211457222445",
2025-07-25T14:05:17.5205740+03:00,A60000000000000000000000,,1,"-61,5","865,7",Speedwayr-15-32-c2,"5,1725832167503825",
2025-07-25T14:05:17.5229970+03:00,A20000000000000000000000,,1,-63,"865,7",Speedwayr-15-32-c2,"1,030835089459151",
2025-07-25T14:05:17.5254390+03:00,A30000000000000000000000,,1,-65,"865,7",Speedwayr-15-32-c2,"3,6815538909255388",
2025-07-25T14:05:17.5309040+03:00,A40000000000000000000000,,1,-67,"865,7",Speedwayr-15-32-c2,"3,3195344249845276",
2025-07-25T14:05:17.5342310+03:00,A70000000000000000000000,,1,-66,"865,7",Speedwayr-15-32-c2,"5,755495916146925",
2025-07-25T14:05:17.5525410+03:00,A30000000000000000000000,,1,"-64,5","865,7",Speedwayr-15-32-c2,"3,706097583531709",
2025-07-25T14:05:17.5556750+03:00,A20000000000000000000000,,1,-62,"865,7",Speedwayr-15-32-c2,"1,000155473701438",
2025-07-25T14:05:17.5574410+03:00,A60000000000000000000000,,1,-61,"865,7",Speedwayr-15-32-c2,"5,037592907416445",
2025-07-25T14:05:17.5585390+03:00,A70000000000000000000000,,1,"-65,5","865,7",Speedwayr-15-32-c2,"5,595961914206819",
2025-07-25T14:05:17.5600110+03:00,A40000000000000000000000,,1,-66,"865,7",Speedwayr-15-32-c2,"3,2459033471660166",
2025-07-25T14:05:17.5717770+03:00,A30000000000000000000000,,1,-65,"865,7",Speedwayr-15-32-c2,"3,6999616603801666",
2025-07-25T14:05:17.5764750+03:00,A20000000000000000000000,,1,-63,"865,7",Speedwayr-15-32-c2,"0,9572040116406401",
2025-07-25T14:05:17.5791690+03:00,A60000000000000000000000,,1,-61,"865,7",Speedwayr-15-32-c2,"4,896466674930966",
2025-07-25T14:05:17.5804660+03:00,A70000000000000000000000,,1,"-66,5","865,7",Speedwayr-15-32-c2,"5,5284667595398505",
2025-07-25T14:05:17.5819620+03:00,A40000000000000000000000,,1,-67,"865,7",Speedwayr-15-32-c2,"3,2459033471660166",
2025-07-25T14:05:17.5980950+03:00,A60000000000000000000000,,1,"-60,5","865,7",Speedwayr-15-32-c2,"5,043728830567988",
2025-07-25T14:05:17.5999050+03:00,A30000000000000000000000,,1,"-63,5","865,7",Speedwayr-15-32-c2,"3,693825737228624",
2025-07-25T14:05:17.6009300+03:00,A20000000000000000000000,,1,"-62,5","865,7",Speedwayr-15-32-c2,"0,8958447801252144",
2025-07-25T14:05:17.6020000+03:00,A70000000000000000000000,,1,"-65,5","865,7",Speedwayr-15-32-c2,"5,675728915176872",
2025-07-25T14:05:17.6090770+03:00,A40000000000000000000000,,1,-67,"865,7",Speedwayr-15-32-c2,"3,313398501832985",
2025-07-25T14:05:17.6228850+03:00,A30000000000000000000000,,1,"-64,5","865,7",Speedwayr-15-32-c2,"3,650874275167826",
2025-07-25T14:05:17.6262880+03:00,A60000000000000000000000,,1,-60,"865,7",Speedwayr-15-32-c2,"4,957825906446392",
2025-07-25T14:05:17.6282260+03:00,A40000000000000000000000,,1,-67,"865,7",Speedwayr-15-32-c2,"3,5281558121369745",
2025-07-25T14:05:17.6293760+03:00,A20000000000000000000000,,1,-62,"865,7",Speedwayr-15-32-c2,"0,8835729338221293",
2025-07-25T14:05:17.6304730+03:00,A70000000000000000000000,,1,-66,"865,7",Speedwayr-15-32-c2,"5,620505606812989",
2025-07-25T14:05:17.6706560+03:00,A30000000000000000000000,,1,"-64,5","865,7",Speedwayr-15-32-c2,"3,6692820446224537",
2025-07-25T14:05:17.6718540+03:00,A40000000000000000000000,,1,"-66,5","865,7",Speedwayr-15-32-c2,"3,313398501832985",
2025-07-25T14:05:17.6729760+03:00,A20000000000000000000000,,1,-62,"865,7",Speedwayr-15-32-c2,"0,7976700097005334",
2025-07-25T14:05:17.6740730+03:00,A60000000000000000000000,,1,"-61,5","865,7",Speedwayr-15-32-c2,"4,988505522204105",
2025-07-25T14:05:17.6770630+03:00,A70000000000000000000000,,1,-66,"865,7",Speedwayr-15-32-c2,"5,773903685601553",
2025-07-25T14:05:17.6892090+03:00,A20000000000000000000000,,1,"-63,5","865,7",Speedwayr-15-32-c2,"0,8406214717613314",
2025-07-25T14:05:17.6911960+03:00,A70000000000000000000000,,1,"-66,5","865,7",Speedwayr-15-32-c2,"5,681864838328415",
2025-07-25T14:05:17.6944400+03:00,A60000000000000000000000,,1,"-61,5","865,7",Speedwayr-15-32-c2,"5,056000676871073",
2025-07-25T14:05:17.6981480+03:00,A40000000000000000000000,,1,"-66,5","865,7",Speedwayr-15-32-c2,"3,3011266555298997",
2025-07-25T14:05:17.6998180+03:00,A30000000000000000000000,,1,-65,"865,7",Speedwayr-15-32-c2,"3,6999616603801666",
2025-07-25T14:05:17.7472210+03:00,A30000000000000000000000,,1,"-62,5","865,7",Speedwayr-15-32-c2,"3,5711072741977725",
2025-07-25T14:05:17.7495560+03:00,A70000000000000000000000,,1,"-65,5","865,7",Speedwayr-15-32-c2,"5,577554144752192",
2025-07-25T14:05:17.7511690+03:00,A60000000000000000000000,,1,-62,"865,7",Speedwayr-15-32-c2,"5,0253210611133605",
2025-07-25T14:05:17.7569210+03:00,A20000000000000000000000,,1,"-61,5","865,7",Speedwayr-15-32-c2,"0,7363107781851077",
2025-07-25T14:05:17.7585350+03:00,A40000000000000000000000,,1,-67,"865,7",Speedwayr-15-32-c2,"3,436116964863836",
2025-07-25T14:05:17.7772730+03:00,A70000000000000000000000,,1,"-66,5","865,7",Speedwayr-15-32-c2,"6,080699843178682",
2025-07-25T14:05:17.7799850+03:00,A60000000000000000000000,,1,"-61,5","865,7",Speedwayr-15-32-c2,"5,019185137961818",
2025-07-25T14:05:17.7811400+03:00,A40000000000000000000000,,1,"-65,5","865,7",Speedwayr-15-32-c2,"3,472932503773092",
2025-07-25T14:05:17.7845710+03:00,A20000000000000000000000,,1,"-61,5","865,7",Speedwayr-15-32-c2,"0,803805932852076",
2025-07-25T14:05:17.7890650+03:00,A30000000000000000000000,,1,-65,"865,7",Speedwayr-15-32-c2,"3,6140587362585705",
2025-07-25T14:05:17.8022710+03:00,A70000000000000000000000,,1,"-65,5","865,7",Speedwayr-15-32-c2,"5,730952223540755",
2025-07-25T14:05:17.8034000+03:00,A20000000000000000000000,,1,-62,"865,7",Speedwayr-15-32-c2,"0,8651651643675016",
2025-07-25T14:05:17.8052670+03:00,A30000000000000000000000,,1,"-64,5","865,7",Speedwayr-15-32-c2,"3,6140587362585705",
2025-07-25T14:05:17.8079620+03:00,A60000000000000000000000,,1,-62,"865,7",Speedwayr-15-32-c2,"4,97623367590102",
2025-07-25T14:05:17.8096990+03:00,A40000000000000000000000,,1,-67,"865,7",Speedwayr-15-32-c2,"3,368621810196868",
2025-07-25T14:05:17.8448880+03:00,A20000000000000000000000,,1,-62,"865,7",Speedwayr-15-32-c2,"0,662679700366597",
2025-07-25T14:05:17.8482600+03:00,A30000000000000000000000,,1,"-64,5","865,7",Speedwayr-15-32-c2,"3,785864584501762",
2025-07-25T14:05:17.8493740+03:00,A60000000000000000000000,,1,"-61,5","865,7",Speedwayr-15-32-c2,"5,006913291658733",
2025-07-25T14:05:17.8504960+03:00,A40000000000000000000000,,1,"-65,5","865,7",Speedwayr-15-32-c2,"3,1231848841351653",
2025-07-25T14:05:17.8524000+03:00,A70000000000000000000000,,1,-65,"865,7",Speedwayr-15-32-c2,"5,706408530934585",
2025-07-25T14:05:17.8985770+03:00,A60000000000000000000000,,1,-62,"865,7",Speedwayr-15-32-c2,"5,037592907416445",
2025-07-25T14:05:17.8999020+03:00,A40000000000000000000000,,1,"-65,5","865,7",Speedwayr-15-32-c2,"3,2643111166206444",
2025-07-25T14:05:17.9012130+03:00,A30000000000000000000000,,1,"-64,5","865,7",Speedwayr-15-32-c2,"3,785864584501762",
2025-07-25T14:05:17.9025250+03:00,A70000000000000000000000,,1,-66,"865,7",Speedwayr-15-32-c2,"5,559146375297564",
2025-07-25T14:05:17.9038890+03:00,A20000000000000000000000,,1,-62,"865,7",Speedwayr-15-32-c2,"0,8651651643675016",
2025-07-25T14:05:17.9219660+03:00,A70000000000000000000000,,1,"-66,5","865,7",Speedwayr-15-32-c2,"5,743224069843841",
2025-07-25T14:05:17.9252320+03:00,A60000000000000000000000,,1,"-61,5","865,7",Speedwayr-15-32-c2,"5,037592907416445",
2025-07-25T14:05:17.9285750+03:00,A20000000000000000000000,,1,-62,"865,7",Speedwayr-15-32-c2,"0,8651651643675016",
2025-07-25T14:05:17.9303260+03:00,A40000000000000000000000,,1,-67,"865,7",Speedwayr-15-32-c2,"3,442252888015379",
2025-07-25T14:05:17.9314080+03:00,A30000000000000000000000,,1,-65,"865,7",Speedwayr-15-32-c2,"3,6324665057131984",
2025-07-25T14:05:17.9494400+03:00,A60000000000000000000000,,1,"-61,5","865,7",Speedwayr-15-32-c2,"5,105088062083414",
2025-07-25T14:05:17.9505230+03:00,A30000000000000000000000,,1,-65,"865,7",Speedwayr-15-32-c2,"3,6386024288647407",
2025-07-25T14:05:17.9520880+03:00,A40000000000000000000000,,1,"-66,5","865,7",Speedwayr-15-32-c2,"3,509748042682347",
2025-07-25T14:05:17.9532010+03:00,A20000000000000000000000,,1,"-60,5","865,7",Speedwayr-15-32-c2,"0,803805932852076",
2025-07-25T14:05:17.9554970+03:00,A70000000000000000000000,,1,"-65,5","865,7",Speedwayr-15-32-c2,"5,810719224510809",
2025-07-25T14:05:17.9701120+03:00,A40000000000000000000000,,1,"-67,5","865,7",Speedwayr-15-32-c2,"3,54042765844006",
2025-07-25T14:05:17.9718640+03:00,A60000000000000000000000,,1,-62,"865,7",Speedwayr-15-32-c2,"5,006913291658733",
2025-07-25T14:05:17.9755600+03:00,A20000000000000000000000,,1,-62,"865,7",Speedwayr-15-32-c2,"0,9387962421860124",
2025-07-25T14:05:17.9786480+03:00,A30000000000000000000000,,1,"-63,5","865,7",Speedwayr-15-32-c2,"3,522019888985432",
2025-07-25T14:05:17.9821440+03:00,A70000000000000000000000,,1,"-66,5","865,7",Speedwayr-15-32-c2,"5,64504929941916",
2025-07-25T14:05:18.0275070+03:00,A60000000000000000000000,,1,"-61,5","865,7",Speedwayr-15-32-c2,"4,97623367590102",
2025-07-25T14:05:18.0300600+03:00,A40000000000000000000000,,1,-67,"865,7",Speedwayr-15-32-c2,"3,442252888015379",
2025-07-25T14:05:18.0319880+03:00,A30000000000000000000000,,1,"-65,5","865,7",Speedwayr-15-32-c2,"3,5281558121369745",
2025-07-25T14:05:18.0338400+03:00,A70000000000000000000000,,1,-65,"865,7",Speedwayr-15-32-c2,"6,019340611663256",
2025-07-25T14:05:18.0469240+03:00,A60000000000000000000000,,1,-61,"865,7",Speedwayr-15-32-c2,"4,914874444385594",
2025-07-25T14:05:18.0480970+03:00,A20000000000000000000000,,1,"-62,5","865,7",Speedwayr-15-32-c2,"1,0921943209745766",
2025-07-25T14:05:18.0526460+03:00,A40000000000000000000000,,1,"-67,5","865,7",Speedwayr-15-32-c2,"3,56497135104623",
2025-07-25T14:05:18.0561830+03:00,A70000000000000000000000,,1,-62,"865,7",Speedwayr-15-32-c2,"5,9518454569962875",
2025-07-25T14:05:18.0583330+03:00,A30000000000000000000000,,1,-65,"865,7",Speedwayr-15-32-c2,"3,6447383520162835",
2025-07-25T14:05:18.0907690+03:00,A20000000000000000000000,,1,"-62,5","865,7",Speedwayr-15-32-c2,"0,8958447801252144",
2025-07-25T14:05:18.0919490+03:00,A40000000000000000000000,,1,"-65,5","865,7",Speedwayr-15-32-c2,"3,4054373491061236",
2025-07-25T14:05:18.0957540+03:00,A30000000000000000000000,,1,"-64,5","865,7",Speedwayr-15-32-c2,"3,6140587362585705",
2025-07-25T14:05:18.0982710+03:00,A60000000000000000000000,,1,"-61,5","865,7",Speedwayr-15-32-c2,"5,056000676871073",
2025-07-25T14:05:18.0997400+03:00,A70000000000000000000000,,1,"-66,5","865,7",Speedwayr-15-32-c2,"5,749359992995383",
2025-07-25T14:05:18.1123740+03:00,A40000000000000000000000,,1,"-66,5","865,7",Speedwayr-15-32-c2,"3,1354567304382504",
2025-07-25T14:05:18.1167370+03:00,A70000000000000000000000,,1,"-62,5","865,7",Speedwayr-15-32-c2,"5,755495916146925",
2025-07-25T14:05:18.1184620+03:00,A30000000000000000000000,,1,"-65,5","865,7",Speedwayr-15-32-c2,"3,6999616603801666",
2025-07-25T14:05:18.1226270+03:00,A20000000000000000000000,,1,-63,"865,7",Speedwayr-15-32-c2,"0,944932165337555",
2025-07-25T14:05:18.1237210+03:00,A60000000000000000000000,,1,"-61,5","865,7",Speedwayr-15-32-c2,"4,902602598082509",
2025-07-25T14:05:18.1515910+03:00,A60000000000000000000000,,1,-61,"865,7",Speedwayr-15-32-c2,"4,970097752749477",
2025-07-25T14:05:18.1582800+03:00,A70000000000000000000000,,1,"-66,5","865,7",Speedwayr-15-32-c2,"5,583690067903734",
2025-07-25T14:05:18.1606180+03:00,A40000000000000000000000,,1,-67,"865,7",Speedwayr-15-32-c2,"3,509748042682347",
2025-07-25T14:05:18.1620750+03:00,A20000000000000000000000,,1,"-63,5","865,7",Speedwayr-15-32-c2,"1,000155473701438",
2025-07-25T14:05:18.1633840+03:00,A30000000000000000000000,,1,"-65,5","865,7",Speedwayr-15-32-c2,"3,552699504743145",
2025-07-25T14:05:18.1797160+03:00,A20000000000000000000000,,1,"-62,5","865,7",Speedwayr-15-32-c2,"0,9265243958829272",
2025-07-25T14:05:18.1810580+03:00,A30000000000000000000000,,1,-65,"865,7",Speedwayr-15-32-c2,"3,3502140407422405",
2025-07-25T14:05:18.1821100+03:00,A40000000000000000000000,,1,-67,"865,7",Speedwayr-15-32-c2,"3,6017868899554855",
2025-07-25T14:05:18.1832800+03:00,A60000000000000000000000,,1,-61,"865,7",Speedwayr-15-32-c2,"4,571262747899211",
2025-07-25T14:05:18.1908890+03:00,A70000000000000000000000,,1,"-66,5","865,7",Speedwayr-15-32-c2,"5,8475347634200645",
2025-07-25T14:05:18.2206430+03:00,A20000000000000000000000,,1,-63,"865,7",Speedwayr-15-32-c2,"0,8713010875190442",
2025-07-25T14:05:18.2217850+03:00,A40000000000000000000000,,1,-66,"865,7",Speedwayr-15-32-c2,"3,522019888985432",
2025-07-25T14:05:18.2228720+03:00,A30000000000000000000000,,1,-65,"865,7",Speedwayr-15-32-c2,"3,442252888015379",
2025-07-25T14:05:18.2242420+03:00,A60000000000000000000000,,1,"-61,5","865,7",Speedwayr-15-32-c2,"4,865787059173254",
2025-07-25T14:05:18.2267720+03:00,A70000000000000000000000,,1,"-64,5","865,7",Speedwayr-15-32-c2,"5,798447378207723",
2025-07-25T14:05:18.2322290+03:00,A80000000000000000000000,,1,"-71,5","865,7",Speedwayr-15-32-c2,"5,755495916146925",
2025-07-25T14:05:18.2457900+03:00,A20000000000000000000000,,1,-63,"865,7",Speedwayr-15-32-c2,"0,8160777791551611",
2025-07-25T14:05:18.2499670+03:00,A30000000000000000000000,,1,"-64,5","865,7",Speedwayr-15-32-c2,"3,5588354278946874",
2025-07-25T14:05:18.2510930+03:00,A60000000000000000000000,,1,-62,"865,7",Speedwayr-15-32-c2,"5,031456984264903",
2025-07-25T14:05:18.2521890+03:00,A40000000000000000000000,,1,"-64,5","865,7",Speedwayr-15-32-c2,"3,5158839658338894",
2025-07-25T14:05:18.2541280+03:00,A70000000000000000000000,,1,-62,"865,7",Speedwayr-15-32-c2,"5,706408530934585",
2025-07-25T14:05:18.2705170+03:00,A80000000000000000000000,,1,"-73,5","865,7",Speedwayr-15-32-c2,"5,890486225480862",
2025-07-25T14:05:18.2800290+03:00,A30000000000000000000000,,1,-65,"865,7",Speedwayr-15-32-c2,"3,4913402732277192",
2025-07-25T14:05:18.2814240+03:00,A40000000000000000000000,,1,"-65,5","865,7",Speedwayr-15-32-c2,"3,485204350076177",
2025-07-25T14:05:18.2825240+03:00,A20000000000000000000000,,1,"-62,5","865,7",Speedwayr-15-32-c2,"0,8222137023067037",
2025-07-25T14:05:18.2836310+03:00,A60000000000000000000000,,1,-61,"865,7",Speedwayr-15-32-c2,"5,00077736850719",
2025-07-25T14:05:18.3016520+03:00,A80000000000000000000000,,1,-74,"865,7",Speedwayr-15-32-c2,"5,749359992995383",
2025-07-25T14:05:18.3100550+03:00,A70000000000000000000000,,1,-66,"865,7",Speedwayr-15-32-c2,"6,025476534814799",
2025-07-25T14:05:18.3136680+03:00,A40000000000000000000000,,1,-66,"865,7",Speedwayr-15-32-c2,"3,399301425954581",
2025-07-25T14:05:18.3164950+03:00,A20000000000000000000000,,1,"-60,5","865,7",Speedwayr-15-32-c2,"0,9203884727313847",
2025-07-25T14:05:18.3177480+03:00,A30000000000000000000000,,1,"-65,5","865,7",Speedwayr-15-32-c2,"3,56497135104623",
2025-07-25T14:05:18.3188900+03:00,A60000000000000000000000,,1,"-60,5","865,7",Speedwayr-15-32-c2,"5,062136600022616",
2025-07-25T14:05:18.3519540+03:00,A80000000000000000000000,,1,"-73,5","865,7",Speedwayr-15-32-c2,"5,994796919057086",
2025-07-25T14:05:18.3580090+03:00,A40000000000000000000000,,1,-66,"865,7",Speedwayr-15-32-c2,"3,466796580621549",
2025-07-25T14:05:18.3592200+03:00,A60000000000000000000000,,1,"-61,5","865,7",Speedwayr-15-32-c2,"5,086680292628786",
2025-07-25T14:05:18.3608370+03:00,A30000000000000000000000,,1,"-64,5","865,7",Speedwayr-15-32-c2,"3,522019888985432",
2025-07-25T14:05:18.3622450+03:00,A20000000000000000000000,,1,-62,"865,7",Speedwayr-15-32-c2,"0,9265243958829272",
2025-07-25T14:05:18.3660170+03:00,A70000000000000000000000,,1,-63,"865,7",Speedwayr-15-32-c2,"6,056156150572511",
2025-07-25T14:05:18.3966840+03:00,A30000000000000000000000,,1,-64,"865,7",Speedwayr-15-32-c2,"3,4913402732277192",
2025-07-25T14:05:18.3984320+03:00,A40000000000000000000000,,1,-67,"865,7",Speedwayr-15-32-c2,"3,3747577333484107",
2025-07-25T14:05:18.4018230+03:00,A70000000000000000000000,,1,"-66,5","865,7",Speedwayr-15-32-c2,"5,798447378207723",
2025-07-25T14:05:18.4043980+03:00,A20000000000000000000000,,1,-63,"865,7",Speedwayr-15-32-c2,"1,282407938672396",
2025-07-25T14:05:18.4055670+03:00,A60000000000000000000000,,1,-62,"865,7",Speedwayr-15-32-c2,"4,724660826687775",
2025-07-25T14:05:18.4216190+03:00,A80000000000000000000000,,1,"-73,5","865,7",Speedwayr-15-32-c2,"5,979457111178229",
2025-07-25T14:05:18.4311380+03:00,A20000000000000000000000,,1,"-62,5","865,7",Speedwayr-15-32-c2,"1,1044661672776617",
2025-07-25T14:05:18.4322500+03:00,A40000000000000000000000,,1,-66,"865,7",Speedwayr-15-32-c2,"3,423845118560751",
2025-07-25T14:05:18.4346000+03:00,A60000000000000000000000,,1,"-61,5","865,7",Speedwayr-15-32-c2,"5,043728830567988",
2025-07-25T14:05:18.4369670+03:00,A30000000000000000000000,,1,-65,"865,7",Speedwayr-15-32-c2,"3,847223816017188",
2025-07-25T14:05:18.4394200+03:00,A70000000000000000000000,,1,"-66,5","865,7",Speedwayr-15-32-c2,"5,982525072754001",
2025-07-25T14:05:18.4595380+03:00,A70000000000000000000000,,1,"-65,5","865,7",Speedwayr-15-32-c2,"5,798447378207723",
2025-07-25T14:05:18.4620430+03:00,A20000000000000000000000,,1,-62,"865,7",Speedwayr-15-32-c2,"1,1167380135807468",
2025-07-25T14:05:18.4656080+03:00,A60000000000000000000000,,1,-61,"865,7",Speedwayr-15-32-c2,"5,135767677841127",
2025-07-25T14:05:18.4703820+03:00,A40000000000000000000000,,1,"-66,5","865,7",Speedwayr-15-32-c2,"3,485204350076177",
2025-07-25T14:05:18.4740390+03:00,A30000000000000000000000,,1,-61,"865,7",Speedwayr-15-32-c2,"3,6324665057131984",
2025-07-25T14:05:18.4910170+03:00,A60000000000000000000000,,1,-62,"865,7",Speedwayr-15-32-c2,"5,006913291658733",
2025-07-25T14:05:18.4964520+03:00,A70000000000000000000000,,1,-65,"865,7",Speedwayr-15-32-c2,"5,8659425328746915",
2025-07-25T14:05:18.4983910+03:00,A30000000000000000000000,,1,-64,"865,7",Speedwayr-15-32-c2,"3,5956509668039427",
2025-07-25T14:05:18.4995270+03:00,A20000000000000000000000,,1,-62,"865,7",Speedwayr-15-32-c2,"1,184233168247715",
2025-07-25T14:05:18.5010220+03:00,A40000000000000000000000,,1,"-66,5","865,7",Speedwayr-15-32-c2,"3,5036121195308043",
2025-07-25T14:05:18.5302690+03:00,A20000000000000000000000,,1,-63,"865,7",Speedwayr-15-32-c2,"1,239456476611598",
2025-07-25T14:05:18.5317090+03:00,A40000000000000000000000,,1,"-66,5","865,7",Speedwayr-15-32-c2,"3,479068426924634",
2025-07-25T14:05:18.5328510+03:00,A60000000000000000000000,,1,"-62,5","865,7",Speedwayr-15-32-c2,"4,9394181369917645",
2025-07-25T14:05:18.5378730+03:00,A30000000000000000000000,,1,-64,"865,7",Speedwayr-15-32-c2,"3,552699504743145",
2025-07-25T14:05:18.5398480+03:00,A70000000000000000000000,,1,-66,"865,7",Speedwayr-15-32-c2,"5,957981380147831",
2025-07-25T14:05:18.5523160+03:00,A20000000000000000000000,,1,-62,"865,7",Speedwayr-15-32-c2,"1,2517283229146832",
2025-07-25T14:05:18.5572970+03:00,A30000000000000000000000,,1,-64,"865,7",Speedwayr-15-32-c2,"3,5772431973493153",
2025-07-25T14:05:18.5587240+03:00,A60000000000000000000000,,1,-62,"865,7",Speedwayr-15-32-c2,"5,154175447295755",
2025-07-25T14:05:18.5600610+03:00,A40000000000000000000000,,1,"-65,5","865,7",Speedwayr-15-32-c2,"3,5342917352885173",
2025-07-25T14:05:18.5699150+03:00,A70000000000000000000000,,1,-67,"865,7",Speedwayr-15-32-c2,"5,8659425328746915",
2025-07-25T14:05:18.6091010+03:00,A40000000000000000000000,,1,"-66,5","865,7",Speedwayr-15-32-c2,"3,448388811166921",
2025-07-25T14:05:18.6101390+03:00,A70000000000000000000000,,1,-67,"865,7",Speedwayr-15-32-c2,"5,915029918087033",
2025-07-25T14:05:18.6112230+03:00,A20000000000000000000000,,1,"-62,5","865,7",Speedwayr-15-32-c2,"1,3560390164909069",
2025-07-25T14:05:18.6133740+03:00,A60000000000000000000000,,1,"-60,5","865,7",Speedwayr-15-32-c2,"4,970097752749477",
2025-07-25T14:05:18.6182500+03:00,A30000000000000000000000,,1,-64,"865,7",Speedwayr-15-32-c2,"3,706097583531709",
2025-07-25T14:05:18.6344480+03:00,A20000000000000000000000,,1,-62,"865,7",Speedwayr-15-32-c2,"1,4296700943094176",
2025-07-25T14:05:18.6360320+03:00,A60000000000000000000000,,1,-60,"865,7",Speedwayr-15-32-c2,"5,141903600992669",
2025-07-25T14:05:18.6387160+03:00,A40000000000000000000000,,1,"-66,5","865,7",Speedwayr-15-32-c2,"3,448388811166921",
2025-07-25T14:05:18.6399290+03:00,A70000000000000000000000,,1,-67,"865,7",Speedwayr-15-32-c2,"5,878214379177777",
2025-07-25T14:05:18.6415120+03:00,A30000000000000000000000,,1,"-64,5","865,7",Speedwayr-15-32-c2,"3,5956509668039427",
2025-07-25T14:05:18.6580460+03:00,A30000000000000000000000,,1,"-64,5","865,7",Speedwayr-15-32-c2,"3,718369429834794",
2025-07-25T14:05:18.6606010+03:00,A70000000000000000000000,,1,"-66,5","865,7",Speedwayr-15-32-c2,"5,859806609723149",
2025-07-25T14:05:18.6643820+03:00,A20000000000000000000000,,1,-61,"865,7",Speedwayr-15-32-c2,"1,9266798695843652",
2025-07-25T14:05:18.6673110+03:00,A60000000000000000000000,,1,-63,"865,7",Speedwayr-15-32-c2,"5,056000676871073",
2025-07-25T14:05:18.6709820+03:00,A40000000000000000000000,,1,-67,"865,7",Speedwayr-15-32-c2,"3,509748042682347",
2025-07-25T14:05:18.6892590+03:00,A70000000000000000000000,,1,"-64,5","865,7",Speedwayr-15-32-c2,"5,602097837358362",
2025-07-25T14:05:18.6903960+03:00,A20000000000000000000000,,1,"-62,5","865,7",Speedwayr-15-32-c2,"1,4173982480063325",
2025-07-25T14:05:18.6937600+03:00,A30000000000000000000000,,1,"-64,5","865,7",Speedwayr-15-32-c2,"3,792000507653305",
2025-07-25T14:05:18.6952690+03:00,A60000000000000000000000,,1,-60,"865,7",Speedwayr-15-32-c2,"5,056000676871073",
2025-07-25T14:05:18.6982960+03:00,A40000000000000000000000,,1,"-67,5","865,7",Speedwayr-15-32-c2,"3,522019888985432",
2025-07-25T14:05:18.7100750+03:00,A30000000000000000000000,,1,-64,"865,7",Speedwayr-15-32-c2,"3,730641276137879",
2025-07-25T14:05:18.7116860+03:00,A70000000000000000000000,,1,"-66,5","865,7",Speedwayr-15-32-c2,"6,007068765360171",
2025-07-25T14:05:18.7151680+03:00,A20000000000000000000000,,1,-62,"865,7",Speedwayr-15-32-c2,"1,576932249946439",
2025-07-25T14:05:18.7171770+03:00,A60000000000000000000000,,1,-62,"865,7",Speedwayr-15-32-c2,"5,246214294568893",
2025-07-25T14:05:18.7197310+03:00,A40000000000000000000000,,1,-67,"865,7",Speedwayr-15-32-c2,"3,522019888985432",
2025-07-25T14:05:18.8493670+03:00,A30000000000000000000000,,1,"-64,5","865,7",Speedwayr-15-32-c2,"3,9147189706841563",
2025-07-25T14:05:18.8512770+03:00,A40000000000000000000000,,1,"-66,5","865,7",Speedwayr-15-32-c2,"3,5895150436524004",
2025-07-25T14:05:18.8523320+03:00,A60000000000000000000000,,1,-62,"865,7",Speedwayr-15-32-c2,"5,184855063053467",
2025-07-25T14:05:18.8536160+03:00,A20000000000000000000000,,1,-63,"865,7",Speedwayr-15-32-c2,"1,5033011721279284",
2025-07-25T14:05:18.8559300+03:00,A70000000000000000000000,,1,-66,"865,7",Speedwayr-15-32-c2,"6,105243535784852",
2025-07-25T14:05:18.8683390+03:00,A60000000000000000000000,,1,-62,"865,7",Speedwayr-15-32-c2,"5,221670601962723",
2025-07-25T14:05:18.8702500+03:00,A70000000000000000000000,,1,"-66,5","865,7",Speedwayr-15-32-c2,"5,8475347634200645",
2025-07-25T14:05:18.8735860+03:00,A30000000000000000000000,,1,"-63,5","865,7",Speedwayr-15-32-c2,"3,724505352986337",
2025-07-25T14:05:18.8748850+03:00,A20000000000000000000000,,1,"-61,5","865,7",Speedwayr-15-32-c2,"1,552388557340269",
2025-07-25T14:05:18.8791320+03:00,A40000000000000000000000,,1,-67,"865,7",Speedwayr-15-32-c2,"3,6324665057131984",
2025-07-25T14:05:18.8980040+03:00,A20000000000000000000000,,1,-63,"865,7",Speedwayr-15-32-c2,"1,4051264017032472",
2025-07-25T14:05:18.8999680+03:00,A60000000000000000000000,,1,"-62,5","865,7",Speedwayr-15-32-c2,"5,283029833478148",
2025-07-25T14:05:18.9044230+03:00,A30000000000000000000000,,1,-64,"865,7",Speedwayr-15-32-c2,"3,890175278077986",
2025-07-25T14:05:18.9174290+03:00,A70000000000000000000000,,1,"-65,5","865,7",Speedwayr-15-32-c2,"5,997864880632857",
2025-07-25T14:05:18.9202850+03:00,A40000000000000000000000,,1,"-66,5","865,7",Speedwayr-15-32-c2,"0,47860200582032003",
2025-07-25T14:05:18.9272040+03:00,A30000000000000000000000,,1,"-64,5","865,7",Speedwayr-15-32-c2,"4,000621894805752",
2025-07-25T14:05:18.9287300+03:00,A20000000000000000000000,,1,-63,"865,7",Speedwayr-15-32-c2,"1,3437671701878218",
2025-07-25T14:05:18.9314010+03:00,A40000000000000000000000,,1,-67,"865,7",Speedwayr-15-32-c2,"3,454524734318464",
2025-07-25T14:05:18.9338820+03:00,A70000000000000000000000,,1,"-62,5","865,7",Speedwayr-15-32-c2,"5,8659425328746915",
2025-07-25T14:05:18.9360080+03:00,A60000000000000000000000,,1,-60,"865,7",Speedwayr-15-32-c2,"5,092816215780329",
2025-07-25T14:05:18.9583820+03:00,A70000000000000000000000,,1,"-66,5","865,7",Speedwayr-15-32-c2,"6,154330920997192",
2025-07-25T14:05:18.9600910+03:00,A20000000000000000000000,,1,-63,"865,7",Speedwayr-15-32-c2,"1,3437671701878218",
2025-07-25T14:05:18.9611740+03:00,A30000000000000000000000,,1,-65,"865,7",Speedwayr-15-32-c2,"3,810408277107933",
2025-07-25T14:05:18.9630620+03:00,A60000000000000000000000,,1,-64,"865,7",Speedwayr-15-32-c2,"5,5714182216006485",
2025-07-25T14:05:18.9690280+03:00,A40000000000000000000000,,1,-67,"865,7",Speedwayr-15-32-c2,"3,5342917352885173",
2025-07-25T14:05:18.9834320+03:00,A60000000000000000000000,,1,"-60,5","865,7",Speedwayr-15-32-c2,"5,270757987175063",
2025-07-25T14:05:18.9848870+03:00,A20000000000000000000000,,1,"-61,5","865,7",Speedwayr-15-32-c2,"1,337631247036279",
2025-07-25T14:05:18.9879180+03:00,A30000000000000000000000,,1,"-63,5","865,7",Speedwayr-15-32-c2,"4,215379205109742",
2025-07-25T14:05:18.9909740+03:00,A70000000000000000000000,,1,-66,"865,7",Speedwayr-15-32-c2,"5,921165841238575",
2025-07-25T14:05:18.9920270+03:00,A40000000000000000000000,,1,-67,"865,7",Speedwayr-15-32-c2,"3,6201946594101133",
2025-07-25T14:05:19.0095070+03:00,A20000000000000000000000,,1,"-62,5","865,7",Speedwayr-15-32-c2,"1,3314953238847365",
2025-07-25T14:05:19.0122080+03:00,A60000000000000000000000,,1,"-62,5","865,7",Speedwayr-15-32-c2,"5,240078371417351",
2025-07-25T14:05:19.0168270+03:00,A30000000000000000000000,,1,-65,"865,7",Speedwayr-15-32-c2,"3,5158839658338894",
2025-07-25T14:05:19.0201170+03:00,A70000000000000000000000,,1,"-65,5","865,7",Speedwayr-15-32-c2,"5,9518454569962875",
2025-07-25T14:05:19.0213260+03:00,A40000000000000000000000,,1,"-66,5","865,7",Speedwayr-15-32-c2,"3,4913402732277192",
2025-07-25T14:05:19.0368040+03:00,A20000000000000000000000,,1,"-61,5","865,7",Speedwayr-15-32-c2,"1,3621749396424494",
2025-07-25T14:05:19.0387430+03:00,A70000000000000000000000,,1,-66,"865,7",Speedwayr-15-32-c2,"5,921165841238575",
2025-07-25T14:05:19.0411340+03:00,A40000000000000000000000,,1,"-67,5","865,7",Speedwayr-15-32-c2,"3,5158839658338894",
2025-07-25T14:05:19.0467250+03:00,A60000000000000000000000,,1,"-61,5","865,7",Speedwayr-15-32-c2,"5,209398755659637",
2025-07-25T14:05:19.0481820+03:00,A30000000000000000000000,,1,-65,"865,7",Speedwayr-15-32-c2,"3,8288160465625602",
2025-07-25T14:05:19.0505590+03:00,A80000000000000000000000,,1,-74,"865,7",Speedwayr-15-32-c2,"5,767767762450011",
2025-07-25T14:05:19.0664660+03:00,A60000000000000000000000,,1,-62,"865,7",Speedwayr-15-32-c2,"5,227806525114265",
2025-07-25T14:05:19.0692850+03:00,A70000000000000000000000,,1,-66,"865,7",Speedwayr-15-32-c2,"5,810719224510809",
2025-07-25T14:05:19.0709660+03:00,A20000000000000000000000,,1,"-61,5","865,7",Speedwayr-15-32-c2,"1,3069516312785663",
2025-07-25T14:05:19.0790990+03:00,A40000000000000000000000,,1,-66,"865,7",Speedwayr-15-32-c2,"3,5833791205008576",
2025-07-25T14:05:19.0801830+03:00,A30000000000000000000000,,1,-64,"865,7",Speedwayr-15-32-c2,"3,7981364308048478",
2025-07-25T14:05:19.1071190+03:00,A30000000000000000000000,,1,"-64,5","865,7",Speedwayr-15-32-c2,"3,77972866135022",
2025-07-25T14:05:19.1093150+03:00,A20000000000000000000000,,1,-63,"865,7",Speedwayr-15-32-c2,"1,282407938672396",
2025-07-25T14:05:19.1106990+03:00,A40000000000000000000000,,1,-65,"865,7",Speedwayr-15-32-c2,"3,436116964863836",
2025-07-25T14:05:19.1118400+03:00,A70000000000000000000000,,1,"-65,5","865,7",Speedwayr-15-32-c2,"5,890486225480862",
2025-07-25T14:05:19.1132070+03:00,A60000000000000000000000,,1,"-62,5","865,7",Speedwayr-15-32-c2,"5,246214294568893",
2025-07-25T14:05:19.1593720+03:00,A20000000000000000000000,,1,-63,"865,7",Speedwayr-15-32-c2,"1,2210487071569704",
2025-07-25T14:05:19.1604540+03:00,A70000000000000000000000,,1,"-66,5","865,7",Speedwayr-15-32-c2,"5,982525072754001",
2025-07-25T14:05:19.1618120+03:00,A30000000000000000000000,,1,"-64,5","865,7",Speedwayr-15-32-c2,"3,7551849687440497",
2025-07-25T14:05:19.1670720+03:00,A60000000000000000000000,,1,"-62,5","865,7",Speedwayr-15-32-c2,"5,289165756629691",
2025-07-25T14:05:19.1685650+03:00,A40000000000000000000000,,1,-66,"865,7",Speedwayr-15-32-c2,"3,172272269347506",
2025-07-25T14:05:19.1869580+03:00,A60000000000000000000000,,1,-62,"865,7",Speedwayr-15-32-c2,"4,675573441475434",
2025-07-25T14:05:19.1882780+03:00,A20000000000000000000000,,1,"-62,5","865,7",Speedwayr-15-32-c2,"1,1658253987930873",
2025-07-25T14:05:19.1894580+03:00,A40000000000000000000000,,1,"-66,5","865,7",Speedwayr-15-32-c2,"3,5158839658338894",
2025-07-25T14:05:19.1905440+03:00,A30000000000000000000000,,1,-64,"865,7",Speedwayr-15-32-c2,"3,761320891895592",
2025-07-25T14:05:19.2113680+03:00,A80000000000000000000000,,1,-74,"865,7",Speedwayr-15-32-c2,"2,521864415283994",
2025-07-25T14:05:19.2169250+03:00,A70000000000000000000000,,1,"-65,5","865,7",Speedwayr-15-32-c2,"6,160466844148735",
2025-07-25T14:05:19.2182790+03:00,A30000000000000000000000,,1,-64,"865,7",Speedwayr-15-32-c2,"3,485204350076177",
2025-07-25T14:05:19.2193160+03:00,A20000000000000000000000,,1,-63,"865,7",Speedwayr-15-32-c2,"1,3008157081270237",
2025-07-25T14:05:19.2209130+03:00,A40000000000000000000000,,1,"-65,5","865,7",Speedwayr-15-32-c2,"3,5281558121369745",
2025-07-25T14:05:19.2236200+03:00,A60000000000000000000000,,1,"-61,5","865,7",Speedwayr-15-32-c2,"5,019185137961818",
2025-07-25T14:05:19.2616090+03:00,A80000000000000000000000,,1,"-74,5","865,7",Speedwayr-15-32-c2,"5,553010452146021",
2025-07-25T14:05:19.2667800+03:00,A60000000000000000000000,,1,"-61,5","865,7",Speedwayr-15-32-c2,"5,258486140871978",
2025-07-25T14:05:19.2690140+03:00,A30000000000000000000000,,1,-64,"865,7",Speedwayr-15-32-c2,"3,7551849687440497",
2025-07-25T14:05:19.2723380+03:00,A20000000000000000000000,,1,-63,"865,7",Speedwayr-15-32-c2,"1,1965050145508",
2025-07-25T14:05:19.2779430+03:00,A70000000000000000000000,,1,-66,"865,7",Speedwayr-15-32-c2,"6,000932842208628",
2025-07-25T14:05:19.2798310+03:00,A40000000000000000000000,,1,-66,"865,7",Speedwayr-15-32-c2,"3,479068426924634",
2025-07-25T14:05:19.2821640+03:00,A80000000000000000000000,,1,"-71,5","865,7",Speedwayr-15-32-c2,"5,8659425328746915",
2025-07-25T14:05:19.2965250+03:00,A60000000000000000000000,,1,"-62,5","865,7",Speedwayr-15-32-c2,"5,117359908386499",
2025-07-25T14:05:19.2978210+03:00,A40000000000000000000000,,1,"-66,5","865,7",Speedwayr-15-32-c2,"3,411573272257666",
2025-07-25T14:05:19.2994570+03:00,A70000000000000000000000,,1,-66,"865,7",Speedwayr-15-32-c2,"6,17273869045182",
2025-07-25T14:05:19.3012650+03:00,A20000000000000000000000,,1,-63,"865,7",Speedwayr-15-32-c2,"1,214912784005428",
2025-07-25T14:05:19.3050130+03:00,A30000000000000000000000,,1,-63,"865,7",Speedwayr-15-32-c2,"3,730641276137879",
2025-07-25T14:05:19.3388290+03:00,A20000000000000000000000,,1,"-62,5","865,7",Speedwayr-15-32-c2,"1,1106020904292042",
2025-07-25T14:05:19.3400260+03:00,A40000000000000000000000,,1,-67,"865,7",Speedwayr-15-32-c2,"3,472932503773092",
2025-07-25T14:05:19.3430560+03:00,A70000000000000000000000,,1,-66,"865,7",Speedwayr-15-32-c2,"5,988660995905543",
2025-07-25T14:05:19.3452900+03:00,A60000000000000000000000,,1,"-61,5","865,7",Speedwayr-15-32-c2,"5,3198453723874035",
2025-07-25T14:05:19.3499690+03:00,A30000000000000000000000,,1,"-64,5","865,7",Speedwayr-15-32-c2,"3,810408277107933",
2025-07-25T14:05:19.3774810+03:00,A30000000000000000000000,,1,-64,"865,7",Speedwayr-15-32-c2,"3,736777199289422",
2025-07-25T14:05:19.3785490+03:00,A20000000000000000000000,,1,-63,"865,7",Speedwayr-15-32-c2,"1,227184630308513",
2025-07-25T14:05:19.3813070+03:00,A40000000000000000000000,,1,-65,"865,7",Speedwayr-15-32-c2,"3,472932503773092",
2025-07-25T14:05:19.3831280+03:00,A60000000000000000000000,,1,-61,"865,7",Speedwayr-15-32-c2,"5,381204603902829",
2025-07-25T14:05:19.3881780+03:00,A70000000000000000000000,,1,"-64,5","865,7",Speedwayr-15-32-c2,"5,706408530934585",
2025-07-25T14:05:19.4039420+03:00,A60000000000000000000000,,1,-62,"865,7",Speedwayr-15-32-c2,"5,080544369477243",
2025-07-25T14:05:19.4058970+03:00,A20000000000000000000000,,1,-63,"865,7",Speedwayr-15-32-c2,"1,2333205534600555",
2025-07-25T14:05:19.4094260+03:00,A30000000000000000000000,,1,-65,"865,7",Speedwayr-15-32-c2,"3,4606606574700063",
2025-07-25T14:05:19.4115440+03:00,A40000000000000000000000,,1,-67,"865,7",Speedwayr-15-32-c2,"3,485204350076177",
2025-07-25T14:05:19.4133380+03:00,A70000000000000000000000,,1,"-65,5","865,7",Speedwayr-15-32-c2,"5,878214379177777",
2025-07-25T14:05:19.4373090+03:00,A60000000000000000000000,,1,"-62,5","865,7",Speedwayr-15-32-c2,"5,221670601962723",
2025-07-25T14:05:19.4392720+03:00,A40000000000000000000000,,1,"-66,5","865,7",Speedwayr-15-32-c2,"3,399301425954581",
2025-07-25T14:05:19.4406150+03:00,A30000000000000000000000,,1,-64,"865,7",Speedwayr-15-32-c2,"3,6079228131070282",
2025-07-25T14:05:19.4417660+03:00,A20000000000000000000000,,1,-62,"865,7",Speedwayr-15-32-c2,"1,2762720155208536",
2025-07-25T14:05:19.4454860+03:00,A70000000000000000000000,,1,-63,"865,7",Speedwayr-15-32-c2,"5,957981380147831",
2025-07-25T14:05:19.4614790+03:00,A20000000000000000000000,,1,"-62,5","865,7",Speedwayr-15-32-c2,"1,3621749396424494",
2025-07-25T14:05:19.4633620+03:00,A70000000000000000000000,,1,"-62,5","865,7",Speedwayr-15-32-c2,"5,915029918087033",
2025-07-25T14:05:19.4662770+03:00,A60000000000000000000000,,1,"-62,5","865,7",Speedwayr-15-32-c2,"5,240078371417351",
2025-07-25T14:05:19.4674620+03:00,A30000000000000000000000,,1,"-64,5","865,7",Speedwayr-15-32-c2,"3,6263305825616556",
2025-07-25T14:05:19.4688000+03:00,A40000000000000000000000,,1,-66,"865,7",Speedwayr-15-32-c2,"3,2704470397721868",
2025-07-25T14:05:19.4911760+03:00,A80000000000000000000000,,1,-74,"865,7",Speedwayr-15-32-c2,"5,57448618317642",
2025-07-25T14:05:19.4976610+03:00,A60000000000000000000000,,1,"-62,5","865,7",Speedwayr-15-32-c2,"5,190990986205009",
2025-07-25T14:05:19.4996680+03:00,A70000000000000000000000,,1,-66,"865,7",Speedwayr-15-32-c2,"6,178874613603362",
2025-07-25T14:05:19.5009910+03:00,A40000000000000000000000,,1,"-66,5","865,7",Speedwayr-15-32-c2,"3,3318062712876126",
2025-07-25T14:05:19.5024680+03:00,A30000000000000000000000,,1,-64,"865,7",Speedwayr-15-32-c2,"3,730641276137879",
2025-07-25T14:05:19.5036080+03:00,A20000000000000000000000,,1,-62,"865,7",Speedwayr-15-32-c2,"1,3314953238847365",
2025-07-25T14:05:19.5275740+03:00,A60000000000000000000000,,1,"-63,5","865,7",Speedwayr-15-32-c2,"5,203262832508095",
2025-07-25T14:05:19.5300140+03:00,A30000000000000000000000,,1,-64,"865,7",Speedwayr-15-32-c2,"3,9208548938356986",
2025-07-25T14:05:19.5331020+03:00,A20000000000000000000000,,1,-63,"865,7",Speedwayr-15-32-c2,"1,4480778637640452",
2025-07-25T14:05:19.5375550+03:00,A70000000000000000000000,,1,-65,"865,7",Speedwayr-15-32-c2,"5,902758071783947",
2025-07-25T14:05:19.5398690+03:00,A40000000000000000000000,,1,-65,"865,7",Speedwayr-15-32-c2,"3,2090878082567613",
2025-07-25T14:05:19.5516140+03:00,A80000000000000000000000,,1,-74,"865,7",Speedwayr-15-32-c2,"2,408349836980457",
2025-07-25T14:05:19.5578790+03:00,A40000000000000000000000,,1,"-67,5","865,7",Speedwayr-15-32-c2,"3,2213596545598464",
2025-07-25T14:05:19.5590470+03:00,A60000000000000000000000,,1,"-61,5","865,7",Speedwayr-15-32-c2,"5,252350217720435",
2025-07-25T14:05:19.5608590+03:00,A30000000000000000000000,,1,-65,"865,7",Speedwayr-15-32-c2,"3,6201946594101133",
2025-07-25T14:05:19.5619940+03:00,A20000000000000000000000,,1,"-62,5","865,7",Speedwayr-15-32-c2,"1,3867186322486196",
2025-07-25T14:05:19.5687880+03:00,A70000000000000000000000,,1,-66,"865,7",Speedwayr-15-32-c2,"5,859806609723149",
2025-07-25T14:05:19.5906510+03:00,A70000000000000000000000,,1,-67,"865,7",Speedwayr-15-32-c2,"6,19728238305799",
2025-07-25T14:05:19.5918190+03:00,A40000000000000000000000,,1,-67,"865,7",Speedwayr-15-32-c2,"2,890019804376548",
2025-07-25T14:05:19.5936290+03:00,A60000000000000000000000,,1,-62,"865,7",Speedwayr-15-32-c2,"5,3627968344482015",
2025-07-25T14:05:19.5967540+03:00,A20000000000000000000000,,1,"-62,5","865,7",Speedwayr-15-32-c2,"1,325359400733194",
2025-07-25T14:05:19.5981010+03:00,A30000000000000000000000,,1,"-64,5","865,7",Speedwayr-15-32-c2,"3,822680123411018",
2025-07-25T14:05:19.6132660+03:00,A30000000000000000000000,,1,"-63,5","865,7",Speedwayr-15-32-c2,"3,6815538909255388",
2025-07-25T14:05:19.6152050+03:00,A20000000000000000000000,,1,"-61,5","865,7",Speedwayr-15-32-c2,"1,1290098598838318",
2025-07-25T14:05:19.6171140+03:00,A70000000000000000000000,,1,"-65,5","865,7",Speedwayr-15-32-c2,"5,835262917116979",
2025-07-25T14:05:19.6192600+03:00,A40000000000000000000000,,1,"-65,5","865,7",Speedwayr-15-32-c2,"3,368621810196868",
2025-07-25T14:05:19.6203450+03:00,A60000000000000000000000,,1,"-62,5","865,7",Speedwayr-15-32-c2,"5,246214294568893",
2025-07-25T14:05:19.6484450+03:00,A30000000000000000000000,,1,-63,"865,7",Speedwayr-15-32-c2,"3,6876898140770815",
2025-07-25T14:05:19.6500810+03:00,A60000000000000000000000,,1,-61,"865,7",Speedwayr-15-32-c2,"5,227806525114265",
2025-07-25T14:05:19.6547880+03:00,A20000000000000000000000,,1,"-62,5","865,7",Speedwayr-15-32-c2,"1,0983302441261191",
2025-07-25T14:05:19.6582250+03:00,A40000000000000000000000,,1,"-66,5","865,7",Speedwayr-15-32-c2,"3,227495577711389",
2025-07-25T14:05:19.6594040+03:00,A70000000000000000000000,,1,"-64,5","865,7",Speedwayr-15-32-c2,"5,921165841238575",
2025-07-25T14:05:19.6736940+03:00,A70000000000000000000000,,1,-64,"865,7",Speedwayr-15-32-c2,"6,000932842208628",
2025-07-25T14:05:19.6775600+03:00,A60000000000000000000000,,1,"-63,5","865,7",Speedwayr-15-32-c2,"5,221670601962723",
2025-07-25T14:05:19.6804900+03:00,A20000000000000000000000,,1,"-61,5","865,7",Speedwayr-15-32-c2,"0,9326603190344698",
2025-07-25T14:05:19.6833220+03:00,A30000000000000000000000,,1,-64,"865,7",Speedwayr-15-32-c2,"3,552699504743145",
2025-07-25T14:05:19.6908470+03:00,A40000000000000000000000,,1,-66,"865,7",Speedwayr-15-32-c2,"3,2029518851052186",
2025-07-25T14:05:19.7128960+03:00,A60000000000000000000000,,1,-62,"865,7",Speedwayr-15-32-c2,"5,21553467881118",
2025-07-25T14:05:19.7172270+03:00,A20000000000000000000000,,1,-61,"865,7",Speedwayr-15-32-c2,"0,8528933180644165",
2025-07-25T14:05:19.7199360+03:00,A30000000000000000000000,,1,"-64,5","865,7",Speedwayr-15-32-c2,"3,5158839658338894",
2025-07-25T14:05:19.7219380+03:00,A40000000000000000000000,,1,-67,"865,7",Speedwayr-15-32-c2,"3,2520392703175593",
2025-07-25T14:05:19.7295090+03:00,A70000000000000000000000,,1,-66,"865,7",Speedwayr-15-32-c2,"6,178874613603362",
2025-07-25T14:05:19.7476290+03:00,A30000000000000000000000,,1,"-61,5","865,7",Speedwayr-15-32-c2,"3,54042765844006",
2025-07-25T14:05:19.7491990+03:00,A70000000000000000000000,,1,"-65,5","865,7",Speedwayr-15-32-c2,"5,982525072754001",
2025-07-25T14:05:19.7503520+03:00,A60000000000000000000000,,1,"-61,5","865,7",Speedwayr-15-32-c2,"5,240078371417351",
2025-07-25T14:05:19.7519180+03:00,A40000000000000000000000,,1,"-67,5","865,7",Speedwayr-15-32-c2,"3,3011266555298997",
2025-07-25T14:05:19.7537980+03:00,A20000000000000000000000,,1,"-62,5","865,7",Speedwayr-15-32-c2,"0,7915340865489908",
2025-07-25T14:05:19.7603260+03:00,A80000000000000000000000,,1,"-73,5","865,7",Speedwayr-15-32-c2,"5,608233760509904",
2025-07-25T14:05:19.7726780+03:00,A70000000000000000000000,,1,"-64,5","865,7",Speedwayr-15-32-c2,"5,964117303299373",
2025-07-25T14:05:19.7779530+03:00,A30000000000000000000000,,1,-64,"865,7",Speedwayr-15-32-c2,"3,509748042682347",
2025-07-25T14:05:19.7793840+03:00,A20000000000000000000000,,1,"-62,5","865,7",Speedwayr-15-32-c2,"0,760854470791278",
2025-07-25T14:05:19.7805410+03:00,A60000000000000000000000,,1,-62,"865,7",Speedwayr-15-32-c2,"5,123495831538041",
2025-07-25T14:05:19.7876090+03:00,A40000000000000000000000,,1,"-64,5","865,7",Speedwayr-15-32-c2,"3,2949907323783574",
2025-07-25T14:05:19.8078920+03:00,A30000000000000000000000,,1,"-64,5","865,7",Speedwayr-15-32-c2,"3,6815538909255388",
2025-07-25T14:05:19.8092460+03:00,A70000000000000000000000,,1,-65,"865,7",Speedwayr-15-32-c2,"6,062292073724054",
2025-07-25T14:05:19.8139770+03:00,A20000000000000000000000,,1,"-61,5","865,7",Speedwayr-15-32-c2,"0,6810874698212247",
2025-07-25T14:05:19.8151160+03:00,A60000000000000000000000,,1,"-62,5","865,7",Speedwayr-15-32-c2,"5,3627968344482015",
2025-07-25T14:05:19.8185910+03:00,A40000000000000000000000,,1,"-66,5","865,7",Speedwayr-15-32-c2,"3,393165502803038",
2025-07-25T14:05:19.8372270+03:00,A20000000000000000000000,,1,-60,"865,7",Speedwayr-15-32-c2,"0,4295146206079795",
2025-07-25T14:05:19.8398040+03:00,A30000000000000000000000,,1,-65,"865,7",Speedwayr-15-32-c2,"3,6079228131070282",
2025-07-25T14:05:19.8412290+03:00,A40000000000000000000000,,1,"-65,5","865,7",Speedwayr-15-32-c2,"3,2765829629237295",
2025-07-25T14:05:19.8423690+03:00,A60000000000000000000000,,1,"-62,5","865,7",Speedwayr-15-32-c2,"5,301437602932776",
2025-07-25T14:05:19.8496250+03:00,A70000000000000000000000,,1,"-65,5","865,7",Speedwayr-15-32-c2,"6,12365130523948",
2025-07-25T14:05:19.8912880+03:00,A80000000000000000000000,,1,"-73,5","865,7",Speedwayr-15-32-c2,"2,521864415283994",
2025-07-25T14:05:19.8986630+03:00,A60000000000000000000000,,1,"-62,5","865,7",Speedwayr-15-32-c2,"5,47937937432751",
2025-07-25T14:05:19.9009240+03:00,A30000000000000000000000,,1,"-64,5","865,7",Speedwayr-15-32-c2,"3,522019888985432",
2025-07-25T14:05:19.9032010+03:00,A40000000000000000000000,,1,"-64,5","865,7",Speedwayr-15-32-c2,"3,3195344249845276",
2025-07-25T14:05:19.9042350+03:00,A20000000000000000000000,,1,"-60,5","865,7",Speedwayr-15-32-c2,"0,20248546400090464",
2025-07-25T14:05:19.9096390+03:00,A70000000000000000000000,,1,"-65,5","865,7",Speedwayr-15-32-c2,"6,129787228391022",
2025-07-25T14:05:19.9386220+03:00,A20000000000000000000000,,1,"-58,5","865,7",Speedwayr-15-32-c2,"0,1043106935762236",
2025-07-25T14:05:19.9399290+03:00,A70000000000000000000000,,1,-66,"865,7",Speedwayr-15-32-c2,"6,215690152512618",
2025-07-25T14:05:19.9410460+03:00,A40000000000000000000000,,1,"-67,5","865,7",Speedwayr-15-32-c2,"3,0802334220743677",
2025-07-25T14:05:19.9473220+03:00,A60000000000000000000000,,1,-63,"865,7",Speedwayr-15-32-c2,"5,3627968344482015",
2025-07-25T14:05:19.9516210+03:00,A30000000000000000000000,,1,"-64,5","865,7",Speedwayr-15-32-c2,"3,5956509668039427",
2025-07-25T14:05:19.9659730+03:00,A30000000000000000000000,,1,-65,"865,7",Speedwayr-15-32-c2,"3,5465635815916023",
2025-07-25T14:05:19.9673560+03:00,A20000000000000000000000,,1,"-60,5","865,7",Speedwayr-15-32-c2,"0,19634954084936207",
2025-07-25T14:05:19.9691650+03:00,A60000000000000000000000,,1,"-63,5","865,7",Speedwayr-15-32-c2,"5,387340527054372",
2025-07-25T14:05:19.9709580+03:00,A40000000000000000000000,,1,"-67,5","865,7",Speedwayr-15-32-c2,"3,2029518851052186",
2025-07-25T14:05:19.9735610+03:00,A70000000000000000000000,,1,"-64,5","865,7",Speedwayr-15-32-c2,"6,258641614573416",
2025-07-25T14:05:19.9966050+03:00,A70000000000000000000000,,1,-66,"865,7",Speedwayr-15-32-c2,"6,2034183062095325",
2025-07-25T14:05:19.9987850+03:00,A60000000000000000000000,,1,-62,"865,7",Speedwayr-15-32-c2,"5,491651220630596",
2025-07-25T14:05:20.0007500+03:00,A30000000000000000000000,,1,"-64,5","865,7",Speedwayr-15-32-c2,"3,454524734318464",
2025-07-25T14:05:20.0039360+03:00,A40000000000000000000000,,1,-66,"865,7",Speedwayr-15-32-c2,"3,368621810196868",
2025-07-25T14:05:20.0049890+03:00,A20000000000000000000000,,1,-61,"865,7",Speedwayr-15-32-c2,"0,11658253987930872",
2025-07-25T14:05:20.0295560+03:00,A40000000000000000000000,,1,"-67,5","865,7",Speedwayr-15-32-c2,"3,2520392703175593",
2025-07-25T14:05:20.0315340+03:00,A60000000000000000000000,,1,-63,"865,7",Speedwayr-15-32-c2,"5,4671075280244255",
2025-07-25T14:05:20.0334720+03:00,A70000000000000000000000,,1,"-65,5","865,7",Speedwayr-15-32-c2,"6,209554229361076",
2025-07-25T14:05:20.0380060+03:00,A20000000000000000000000,,1,-60,"865,7",Speedwayr-15-32-c2,"0,09817477042468103",
2025-07-25T14:05:20.0392340+03:00,A30000000000000000000000,,1,"-64,5","865,7",Speedwayr-15-32-c2,"3,56497135104623",
2025-07-25T14:05:20.0528430+03:00,A60000000000000000000000,,1,-62,"865,7",Speedwayr-15-32-c2,"5,399612373357457",
2025-07-25T14:05:20.0581070+03:00,A20000000000000000000000,,1,-60,"865,7",Speedwayr-15-32-c2,"6,258641614573416",
2025-07-25T14:05:20.0594760+03:00,A70000000000000000000000,,1,"-66,5","865,7",Speedwayr-15-32-c2,"6,191146459906448",
2025-07-25T14:05:20.0614370+03:00,A30000000000000000000000,,1,"-64,5","865,7",Speedwayr-15-32-c2,"3,5711072741977725",
2025-07-25T14:05:20.0694130+03:00,A40000000000000000000000,,1,"-67,5","865,7",Speedwayr-15-32-c2,"3,3011266555298997",
2025-07-25T14:05:20.1008260+03:00,A20000000000000000000000,,1,"-60,5","865,7",Speedwayr-15-32-c2,"0,07363107781851078",
2025-07-25T14:05:20.1023070+03:00,A70000000000000000000000,,1,"-65,5","865,7",Speedwayr-15-32-c2,"0,01227184630308513",
2025-07-25T14:05:20.1034520+03:00,A60000000000000000000000,,1,-63,"865,7",Speedwayr-15-32-c2,"5,184855063053467",
2025-07-25T14:05:20.1049450+03:00,A30000000000000000000000,,1,"-64,5","865,7",Speedwayr-15-32-c2,"3,509748042682347",
2025-07-25T14:05:20.1067930+03:00,A40000000000000000000000,,1,"-67,5","865,7",Speedwayr-15-32-c2,"3,356349963893783",
2025-07-25T14:05:20.1194580+03:00,A60000000000000000000000,,1,-63,"865,7",Speedwayr-15-32-c2,"5,448699758569798",
2025-07-25T14:05:20.1239730+03:00,A30000000000000000000000,,1,-64,"865,7",Speedwayr-15-32-c2,"3,5711072741977725",
2025-07-25T14:05:20.1250370+03:00,A20000000000000000000000,,1,"-59,5","865,7",Speedwayr-15-32-c2,"0,09817477042468103",
2025-07-25T14:05:20.1381860+03:00,A40000000000000000000000,,1,-67,"865,7",Speedwayr-15-32-c2,"0,19941750242513334",
2025-07-25T14:05:20.1441900+03:00,A70000000000000000000000,,1,"-65,5","865,7",Speedwayr-15-32-c2,"6,151262959421421",
2025-07-25T14:05:20.1513870+03:00,A40000000000000000000000,,1,"-66,5","865,7",Speedwayr-15-32-c2,"3,399301425954581",
2025-07-25T14:05:20.1535780+03:00,A70000000000000000000000,,1,"-64,5","865,7",Speedwayr-15-32-c2,"6,258641614573416",
2025-07-25T14:05:20.1549300+03:00,A20000000000000000000000,,1,-60,"865,7",Speedwayr-15-32-c2,"0,03681553890925539",
2025-07-25T14:05:20.1560710+03:00,A60000000000000000000000,,1,"-62,5","865,7",Speedwayr-15-32-c2,"5,448699758569798",
2025-07-25T14:05:20.1578910+03:00,A30000000000000000000000,,1,-64,"865,7",Speedwayr-15-32-c2,"3,497476196379262",
2025-07-25T14:05:20.1795960+03:00,A20000000000000000000000,,1,-59,"865,7",Speedwayr-15-32-c2,"0,14726215563702155",
2025-07-25T14:05:20.1809360+03:00,A40000000000000000000000,,1,-66,"865,7",Speedwayr-15-32-c2,"3,32567034813607",
2025-07-25T14:05:20.1830420+03:00,A60000000000000000000000,,1,"-62,5","865,7",Speedwayr-15-32-c2,"5,546874528994478",
2025-07-25T14:05:20.1903080+03:00,A70000000000000000000000,,1,-65,"865,7",Speedwayr-15-32-c2,"0,16566992509164924",
2025-07-25T14:05:20.1914340+03:00,A30000000000000000000000,,1,-64,"865,7",Speedwayr-15-32-c2,"3,5956509668039427",
2025-07-25T14:05:20.2167660+03:00,A20000000000000000000000,,1,"-58,5","865,7",Speedwayr-15-32-c2,"0,1043106935762236",
2025-07-25T14:05:20.2201940+03:00,A60000000000000000000000,,1,"-62,5","865,7",Speedwayr-15-32-c2,"5,675728915176872",
2025-07-25T14:05:20.2214890+03:00,A40000000000000000000000,,1,-68,"865,7",Speedwayr-15-32-c2,"3,172272269347506",
2025-07-25T14:05:20.2237680+03:00,A30000000000000000000000,,1,"-63,5","865,7",Speedwayr-15-32-c2,"3,54042765844006",
2025-07-25T14:05:20.2422340+03:00,A80000000000000000000000,,1,"-73,5","865,7",Speedwayr-15-32-c2,"6,166602767300278",
2025-07-25T14:05:20.2480020+03:00,A20000000000000000000000,,1,"-59,5","865,7",Speedwayr-15-32-c2,"0,32520392703175593",
2025-07-25T14:05:20.2495200+03:00,A70000000000000000000000,,1,-66,"865,7",Speedwayr-15-32-c2,"0,06135923151542565",
2025-07-25T14:05:20.2506190+03:00,A40000000000000000000000,,1,-67,"865,7",Speedwayr-15-32-c2,"3,3011266555298997",
2025-07-25T14:05:20.2522430+03:00,A60000000000000000000000,,1,-63,"865,7",Speedwayr-15-32-c2,"5,577554144752192",
2025-07-25T14:05:20.2611600+03:00,A30000000000000000000000,,1,-65,"865,7",Speedwayr-15-32-c2,"3,6692820446224537",
2025-07-25T14:05:20.2801980+03:00,A80000000000000000000000,,1,-74,"865,7",Speedwayr-15-32-c2,"0,1043106935762236",
2025-07-25T14:05:20.2901090+03:00,A40000000000000000000000,,1,-66,"865,7",Speedwayr-15-32-c2,"3,3195344249845276",
2025-07-25T14:05:20.2927020+03:00,A60000000000000000000000,,1,"-62,5","865,7",Speedwayr-15-32-c2,"5,583690067903734",
2025-07-25T14:05:20.2958490+03:00,A20000000000000000000000,,1,-60,"865,7",Speedwayr-15-32-c2,"0,14112623248547898",
2025-07-25T14:05:20.2971880+03:00,A30000000000000000000000,,1,-64,"865,7",Speedwayr-15-32-c2,"3,6815538909255388",
2025-07-25T14:05:20.2990690+03:00,A70000000000000000000000,,1,-65,"865,7",Speedwayr-15-32-c2,"0,2761165418194154",
2025-07-25T14:05:20.3107260+03:00,A80000000000000000000000,,1,-73,"865,7",Speedwayr-15-32-c2,"0,40803888957758055",
2025-07-25T14:05:20.3190400+03:00,A70000000000000000000000,,1,-66,"865,7",Speedwayr-15-32-c2,"0,11658253987930872",
2025-07-25T14:05:20.3216590+03:00,A20000000000000000000000,,1,-60,"865,7",Speedwayr-15-32-c2,"0,2761165418194154",
2025-07-25T14:05:20.3227850+03:00,A30000000000000000000000,,1,"-61,5","865,7",Speedwayr-15-32-c2,"3,5772431973493153",
2025-07-25T14:05:20.3261550+03:00,A60000000000000000000000,,1,"-61,5","865,7",Speedwayr-15-32-c2,"5,559146375297564",
2025-07-25T14:05:20.3295340+03:00,A40000000000000000000000,,1,-67,"865,7",Speedwayr-15-32-c2,"3,368621810196868",
2025-07-25T14:05:20.3407620+03:00,A80000000000000000000000,,1,"-72,5","865,7",Speedwayr-15-32-c2,"0,10737865515199488",
2025-07-25T14:05:20.3496070+03:00,A20000000000000000000000,,1,-59,"865,7",Speedwayr-15-32-c2,"0,34974761963792617",
2025-07-25T14:05:20.3533670+03:00,A40000000000000000000000,,1,-67,"865,7",Speedwayr-15-32-c2,"3,6754179677739964",
2025-07-25T14:05:20.3549340+03:00,A60000000000000000000000,,1,-63,"865,7",Speedwayr-15-32-c2,"5,724816300389213",
2025-07-25T14:05:20.3579440+03:00,A30000000000000000000000,,1,-64,"865,7",Speedwayr-15-32-c2,"3,730641276137879",
2025-07-25T14:05:20.3614860+03:00,A70000000000000000000000,,1,"-64,5","865,7",Speedwayr-15-32-c2,"0,35588354278946877",
2025-07-25T14:05:20.3788830+03:00,A80000000000000000000000,,1,"-72,5","865,7",Speedwayr-15-32-c2,"3,2796509244995007",
2025-07-25T14:05:20.3830590+03:00,A20000000000000000000000,,1,"-58,5","865,7",Speedwayr-15-32-c2,"0,34974761963792617",
2025-07-25T14:05:20.3879290+03:00,A60000000000000000000000,,1,-62,"865,7",Speedwayr-15-32-c2,"5,71868037723767",
2025-07-25T14:05:20.3895620+03:00,A70000000000000000000000,,1,-66,"865,7",Speedwayr-15-32-c2,"0,44178646691106466",
2025-07-25T14:05:20.3907630+03:00,A30000000000000000000000,,1,-64,"865,7",Speedwayr-15-32-c2,"3,429981041712294",
2025-07-25T14:05:20.3989420+03:00,A40000000000000000000000,,1,"-67,5","865,7",Speedwayr-15-32-c2,"3,749049045592507",
2025-07-25T14:05:20.4311990+03:00,A80000000000000000000000,,1,-73,"865,7",Speedwayr-15-32-c2,"0,3988350048502667",
2025-07-25T14:05:20.4398170+03:00,A70000000000000000000000,,1,-66,"865,7",Speedwayr-15-32-c2,"0,47860200582032003",
2025-07-25T14:05:20.4408890+03:00,A20000000000000000000000,,1,"-59,5","865,7",Speedwayr-15-32-c2,"0,46019423636569234",
2025-07-25T14:05:20.4497450+03:00,A40000000000000000000000,,1,-67,"865,7",Speedwayr-15-32-c2,"0,4203107358806657",
2025-07-25T14:05:20.4517840+03:00,A30000000000000000000000,,1,-64,"865,7",Speedwayr-15-32-c2,"0,5829126993965437",
2025-07-25T14:05:20.4546480+03:00,A60000000000000000000000,,1,"-63,5","865,7",Speedwayr-15-32-c2,"5,755495916146925",
2025-07-25T14:05:20.4947420+03:00,A20000000000000000000000,,1,"-58,5","865,7",Speedwayr-15-32-c2,"0,4970097752749477",
2025-07-25T14:05:20.4977350+03:00,A30000000000000000000000,,1,-63,"865,7",Speedwayr-15-32-c2,"3,6876898140770815",
2025-07-25T14:05:20.5002700+03:00,A40000000000000000000000,,1,-67,"865,7",Speedwayr-15-32-c2,"3,5158839658338894",
2025-07-25T14:05:20.5013550+03:00,A70000000000000000000000,,1,"-65,5","865,7",Speedwayr-15-32-c2,"0,5399612373357456",
2025-07-25T14:05:20.5031790+03:00,A60000000000000000000000,,1,"-63,5","865,7",Speedwayr-15-32-c2,"5,93343768754166",
2025-07-25T14:05:20.5294030+03:00,A80000000000000000000000,,1,-72,"865,7",Speedwayr-15-32-c2,"3,801204392380619",
2025-07-25T14:05:20.5384560+03:00,A60000000000000000000000,,1,-63,"865,7",Speedwayr-15-32-c2,"6,1850105367549055",
2025-07-25T14:05:20.5394950+03:00,A20000000000000000000000,,1,-60,"865,7",Speedwayr-15-32-c2,"0,36815538909255385",
2025-07-25T14:05:20.5406920+03:00,A40000000000000000000000,,1,-67,"865,7",Speedwayr-15-32-c2,"3,436116964863836",
2025-07-25T14:05:20.5440800+03:00,A70000000000000000000000,,1,"-65,5","865,7",Speedwayr-15-32-c2,"0,5706408530934585",
2025-07-25T14:05:20.5458400+03:00,A30000000000000000000000,,1,-64,"865,7",Speedwayr-15-32-c2,"3,7551849687440497",
2025-07-25T14:05:20.5518610+03:00,A80000000000000000000000,,1,"-70,5","865,7",Speedwayr-15-32-c2,"1,4603497100671303",
2025-07-25T14:05:20.5674370+03:00,A70000000000000000000000,,1,-66,"865,7",Speedwayr-15-32-c2,"0,6749515466696822",
2025-07-25T14:05:20.5685660+03:00,A60000000000000000000000,,1,-63,"865,7",Speedwayr-15-32-c2,"5,93343768754166",
2025-07-25T14:05:20.5696090+03:00,A30000000000000000000000,,1,"-63,5","865,7",Speedwayr-15-32-c2,"3,6999616603801666",
2025-07-25T14:05:20.5709680+03:00,A20000000000000000000000,,1,"-58,5","865,7",Speedwayr-15-32-c2,"0,48473792897186263",
2025-07-25T14:05:20.5800760+03:00,A40000000000000000000000,,1,"-65,5","865,7",Speedwayr-15-32-c2,"3,663146121470911",
2025-07-25T14:05:20.6103790+03:00,A80000000000000000000000,,1,-72,"865,7",Speedwayr-15-32-c2,"3,736777199289422",
2025-07-25T14:05:20.6177600+03:00,A20000000000000000000000,,1,"-59,5","865,7",Speedwayr-15-32-c2,"0,5092816215780329",
2025-07-25T14:05:20.6241490+03:00,A60000000000000000000000,,1,-63,"865,7",Speedwayr-15-32-c2,"5,872078456026235",
2025-07-25T14:05:20.6261390+03:00,A30000000000000000000000,,1,-64,"865,7",Speedwayr-15-32-c2,"3,730641276137879",
2025-07-25T14:05:20.6274930+03:00,A40000000000000000000000,,1,-64,"865,7",Speedwayr-15-32-c2,"3,6570101983193686",
2025-07-25T14:05:20.6286910+03:00,A70000000000000000000000,,1,"-65,5","865,7",Speedwayr-15-32-c2,"0,705631162427395",
2025-07-25T14:05:20.6602740+03:00,A70000000000000000000000,,1,"-65,5","865,7",Speedwayr-15-32-c2,"0,8283496254582462",
2025-07-25T14:05:20.6635560+03:00,A20000000000000000000000,,1,-58,"865,7",Speedwayr-15-32-c2,"0,5829126993965437",
2025-07-25T14:05:20.6652980+03:00,A60000000000000000000000,,1,-63,"865,7",Speedwayr-15-32-c2,"6,025476534814799",
2025-07-25T14:05:20.6670620+03:00,A30000000000000000000000,,1,-63,"865,7",Speedwayr-15-32-c2,"3,6999616603801666",
2025-07-25T14:05:20.6689780+03:00,A40000000000000000000000,,1,-67,"865,7",Speedwayr-15-32-c2,"3,6999616603801666",
2025-07-25T14:05:20.6907200+03:00,A80000000000000000000000,,1,"-71,5","865,7",Speedwayr-15-32-c2,"0,7209709703062513",
2025-07-25T14:05:20.6983730+03:00,A20000000000000000000000,,1,-59,"865,7",Speedwayr-15-32-c2,"0,5829126993965437",
2025-07-25T14:05:20.7016470+03:00,A70000000000000000000000,,1,-65,"865,7",Speedwayr-15-32-c2,"0,8099418560036186",
2025-07-25T14:05:20.7036150+03:00,A60000000000000000000000,,1,"-60,5","865,7",Speedwayr-15-32-c2,"6,129787228391022",
2025-07-25T14:05:20.7052050+03:00,A30000000000000000000000,,1,-63,"865,7",Speedwayr-15-32-c2,"3,7429131224409646",
2025-07-25T14:05:20.7071090+03:00,A40000000000000000000000,,1,-67,"865,7",Speedwayr-15-32-c2,"3,749049045592507",
2025-07-25T14:05:20.7092290+03:00,A80000000000000000000000,,1,"-71,5","865,7",Speedwayr-15-32-c2,"0,7976700097005334",
2025-07-25T14:05:20.7209110+03:00,A20000000000000000000000,,1,-59,"865,7",Speedwayr-15-32-c2,"0,607456392002714",
2025-07-25T14:05:20.7236660+03:00,A60000000000000000000000,,1,-62,"865,7",Speedwayr-15-32-c2,"6,056156150572511",
2025-07-25T14:05:20.7255860+03:00,A70000000000000000000000,,1,-64,"865,7",Speedwayr-15-32-c2,"0,7792622402459057",
2025-07-25T14:05:20.7300450+03:00,A40000000000000000000000,,1,-67,"865,7",Speedwayr-15-32-c2,"3,6017868899554855",
2025-07-25T14:05:20.7315820+03:00,A30000000000000000000000,,1,"-63,5","865,7",Speedwayr-15-32-c2,"3,767456815047135",
2025-07-25T14:05:20.7392000+03:00,A80000000000000000000000,,1,-72,"865,7",Speedwayr-15-32-c2,"1,0185632431560658",
2025-07-25T14:05:20.7490290+03:00,A30000000000000000000000,,1,"-63,5","865,7",Speedwayr-15-32-c2,"3,773592738198677",
2025-07-25T14:05:20.7502400+03:00,A70000000000000000000000,,1,"-65,5","865,7",Speedwayr-15-32-c2,"0,8774370106705868",
2025-07-25T14:05:20.7537670+03:00,A20000000000000000000000,,1,"-58,5","865,7",Speedwayr-15-32-c2,"0,6381360077604268",
2025-07-25T14:05:20.7548800+03:00,A60000000000000000000000,,1,"-62,5","865,7",Speedwayr-15-32-c2,"6,19728238305799",
2025-07-25T14:05:20.7589120+03:00,A40000000000000000000000,,1,"-65,5","865,7",Speedwayr-15-32-c2,"3,6201946594101133",
2025-07-25T14:05:20.7616080+03:00,A80000000000000000000000,,1,"-69,5","865,7",Speedwayr-15-32-c2,"1,055378782065321",
2025-07-25T14:05:20.7755190+03:00,A20000000000000000000000,,1,-59,"865,7",Speedwayr-15-32-c2,"0,5276893910326605",
2025-07-25T14:05:20.7775520+03:00,A30000000000000000000000,,1,-63,"865,7",Speedwayr-15-32-c2,"3,7122335066832517",
2025-07-25T14:05:20.7793010+03:00,A40000000000000000000000,,1,-67,"865,7",Speedwayr-15-32-c2,"3,9515345095934116",
2025-07-25T14:05:20.7803990+03:00,A60000000000000000000000,,1,"-62,5","865,7",Speedwayr-15-32-c2,"6,117515382087937",
2025-07-25T14:05:20.7815000+03:00,A70000000000000000000000,,1,-66,"865,7",Speedwayr-15-32-c2,"0,7976700097005334",
2025-07-25T14:05:20.7994400+03:00,A80000000000000000000000,,1,-71,"865,7",Speedwayr-15-32-c2,"1,1198059751565181",
2025-07-25T14:05:20.8124110+03:00,A60000000000000000000000,,1,-62,"865,7",Speedwayr-15-32-c2,"0,2945243112740431",
2025-07-25T14:05:20.8145320+03:00,A30000000000000000000000,,1,-63,"865,7",Speedwayr-15-32-c2,"3,663146121470911",
2025-07-25T14:05:20.8163740+03:00,A20000000000000000000000,,1,"-58,5","865,7",Speedwayr-15-32-c2,"0,5890486225480862",
2025-07-25T14:05:20.8179620+03:00,A70000000000000000000000,,1,-65,"865,7",Speedwayr-15-32-c2,"0,8528933180644165",
2025-07-25T14:05:20.8195280+03:00,A40000000000000000000000,,1,"-66,5","865,7",Speedwayr-15-32-c2,"3,9760782021995817",
2025-07-25T14:05:20.8222360+03:00,A80000000000000000000000,,1,"-70,5","865,7",Speedwayr-15-32-c2,"1,0369710126106935",
2025-07-25T14:05:20.8380940+03:00,A60000000000000000000000,,1,-62,"865,7",Speedwayr-15-32-c2,"6,105243535784852",
2025-07-25T14:05:20.8400700+03:00,A20000000000000000000000,,1,"-58,5","865,7",Speedwayr-15-32-c2,"0,6688156235181395",
2025-07-25T14:05:20.8411980+03:00,A30000000000000000000000,,1,"-63,5","865,7",Speedwayr-15-32-c2,"3,6692820446224537",
2025-07-25T14:05:20.8436090+03:00,A40000000000000000000000,,1,-64,"865,7",Speedwayr-15-32-c2,"4,595806440505381",
2025-07-25T14:05:20.8455540+03:00,A70000000000000000000000,,1,-65,"865,7",Speedwayr-15-32-c2,"1,000155473701438",
2025-07-25T14:05:20.8512140+03:00,A80000000000000000000000,,1,"-71,5","865,7",Speedwayr-15-32-c2,"1,141281706186917",
2025-07-25T14:05:20.8651260+03:00,A60000000000000000000000,,1,"-62,5","865,7",Speedwayr-15-32-c2,"6,17273869045182",
2025-07-25T14:05:20.8664900+03:00,A20000000000000000000000,,1,-57,"865,7",Speedwayr-15-32-c2,"0,6565437772150544",
2025-07-25T14:05:20.8695940+03:00,A70000000000000000000000,,1,"-63,5","865,7",Speedwayr-15-32-c2,"0,9572040116406401",
2025-07-25T14:05:20.8707630+03:00,A40000000000000000000000,,1,-65,"865,7",Speedwayr-15-32-c2,"4,086524818927348",
2025-07-25T14:05:20.8718190+03:00,A30000000000000000000000,,1,-64,"865,7",Speedwayr-15-32-c2,"3,6570101983193686",
2025-07-25T14:05:20.8806950+03:00,A80000000000000000000000,,1,"-71,5","865,7",Speedwayr-15-32-c2,"4,356505437595221",
2025-07-25T14:05:20.8879210+03:00,A60000000000000000000000,,1,"-62,5","865,7",Speedwayr-15-32-c2,"6,209554229361076",
2025-07-25T14:05:20.8904680+03:00,A40000000000000000000000,,1,-66,"865,7",Speedwayr-15-32-c2,"4,473087977474529",
2025-07-25T14:05:20.8921510+03:00,A70000000000000000000000,,1,"-64,5","865,7",Speedwayr-15-32-c2,"1,0246991663076084",
2025-07-25T14:05:20.8950810+03:00,A20000000000000000000000,,1,"-57,5","865,7",Speedwayr-15-32-c2,"0,6749515466696822",
2025-07-25T14:05:20.8990240+03:00,A80000000000000000000000,,1,-71,"865,7",Speedwayr-15-32-c2,"1,239456476611598",
2025-07-25T14:05:20.9125830+03:00,A20000000000000000000000,,1,"-57,5","865,7",Speedwayr-15-32-c2,"0,6749515466696822",
2025-07-25T14:05:20.9136780+03:00,A60000000000000000000000,,1,-63,"865,7",Speedwayr-15-32-c2,"6,166602767300278",
2025-07-25T14:05:20.9177130+03:00,A40000000000000000000000,,1,"-65,5","865,7",Speedwayr-15-32-c2,"4,1172044346850605",
2025-07-25T14:05:20.9194770+03:00,A30000000000000000000000,,1,-63,"865,7",Speedwayr-15-32-c2,"3,7551849687440497",
2025-07-25T14:05:20.9205030+03:00,A70000000000000000000000,,1,-65,"865,7",Speedwayr-15-32-c2,"0,8835729338221293",
2025-07-25T14:05:20.9303550+03:00,A80000000000000000000000,,1,"-68,5","865,7",Speedwayr-15-32-c2,"1,0737865515199487",
2025-07-25T14:05:20.9466890+03:00,A40000000000000000000000,,1,"-65,5","865,7",Speedwayr-15-32-c2,"4,190835512503572",
2025-07-25T14:05:20.9487390+03:00,A20000000000000000000000,,1,-59,"865,7",Speedwayr-15-32-c2,"0,8160777791551611",
2025-07-25T14:05:20.9501050+03:00,A60000000000000000000000,,1,"-61,5","865,7",Speedwayr-15-32-c2,"6,227961998815704",
2025-07-25T14:05:20.9534160+03:00,A70000000000000000000000,,1,"-63,5","865,7",Speedwayr-15-32-c2,"1,012427320004523",
2025-07-25T14:05:20.9554450+03:00,A30000000000000000000000,,1,-63,"865,7",Speedwayr-15-32-c2,"3,6570101983193686",
2025-07-25T14:05:20.9587610+03:00,A80000000000000000000000,,1,"-71,5","865,7",Speedwayr-15-32-c2,"0,944932165337555",
2025-07-25T14:05:20.9714860+03:00,A30000000000000000000000,,1,"-62,5","865,7",Speedwayr-15-32-c2,"3,7429131224409646",
2025-07-25T14:05:20.9728260+03:00,A60000000000000000000000,,1,"-60,5","865,7",Speedwayr-15-32-c2,"6,215690152512618",
2025-07-25T14:05:20.9747060+03:00,A40000000000000000000000,,1,-65,"865,7",Speedwayr-15-32-c2,"4,0128937411088375",
2025-07-25T14:05:20.9765150+03:00,A20000000000000000000000,,1,"-58,5","865,7",Speedwayr-15-32-c2,"0,8651651643675016",
2025-07-25T14:05:20.9799960+03:00,A70000000000000000000000,,1,"-64,5","865,7",Speedwayr-15-32-c2,"0,9633399347921826",
2025-07-25T14:05:20.9816350+03:00,A80000000000000000000000,,1,-71,"865,7",Speedwayr-15-32-c2,"1,055378782065321",
2025-07-25T14:05:20.9965020+03:00,A60000000000000000000000,,1,-63,"865,7",Speedwayr-15-32-c2,"0,2454369260617026",
2025-07-25T14:05:20.9986490+03:00,A30000000000000000000000,,1,-64,"865,7",Speedwayr-15-32-c2,"3,736777199289422",
2025-07-25T14:05:21.0003080+03:00,A70000000000000000000000,,1,"-64,5","865,7",Speedwayr-15-32-c2,"0,9878836273983529",
2025-07-25T14:05:21.0014010+03:00,A20000000000000000000000,,1,-57,"865,7",Speedwayr-15-32-c2,"0,8713010875190442",
2025-07-25T14:05:21.0035630+03:00,A40000000000000000000000,,1,-64,"865,7",Speedwayr-15-32-c2,"4,184699589352029",
2025-07-25T14:05:21.0096100+03:00,A80000000000000000000000,,1,"-70,5","865,7",Speedwayr-15-32-c2,"0,9572040116406401",
2025-07-25T14:05:21.0251640+03:00,A30000000000000000000000,,1,"-63,5","865,7",Speedwayr-15-32-c2,"4,2092432819582",
2025-07-25T14:05:21.0273650+03:00,A70000000000000000000000,,1,"-63,5","865,7",Speedwayr-15-32-c2,"0,9081166264282996",
2025-07-25T14:05:21.0300010+03:00,A20000000000000000000000,,1,"-58,5","865,7",Speedwayr-15-32-c2,"0,9019807032767571",
2025-07-25T14:05:21.0315070+03:00,A40000000000000000000000,,1,"-65,5","865,7",Speedwayr-15-32-c2,"4,0987966652304335",
2025-07-25T14:05:21.0328680+03:00,A60000000000000000000000,,1,"-62,5","865,7",Speedwayr-15-32-c2,"6,277049384028044",
2025-07-25T14:05:21.0390730+03:00,A80000000000000000000000,,1,"-71,5","865,7",Speedwayr-15-32-c2,"1,2517283229146832",
2025-07-25T14:05:21.0515360+03:00,A60000000000000000000000,,1,"-62,5","865,7",Speedwayr-15-32-c2,"0,11044661672776616",
2025-07-25T14:05:21.0530730+03:00,A70000000000000000000000,,1,"-64,5","865,7",Speedwayr-15-32-c2,"0,859029241215959",
2025-07-25T14:05:21.0574120+03:00,A30000000000000000000000,,1,"-63,5","865,7",Speedwayr-15-32-c2,"3,8840393549264434",
2025-07-25T14:05:21.0585060+03:00,A20000000000000000000000,,1,"-57,5","865,7",Speedwayr-15-32-c2,"0,8283496254582462",
2025-07-25T14:05:21.0595180+03:00,A40000000000000000000000,,1,-65,"865,7",Speedwayr-15-32-c2,"4,037437433715008",
2025-07-25T14:05:21.0706450+03:00,A80000000000000000000000,,1,-71,"865,7",Speedwayr-15-32-c2,"1,0921943209745766",
2025-07-25T14:05:21.0864940+03:00,A60000000000000000000000,,1,"-62,5","865,7",Speedwayr-15-32-c2,"6,22182607566416",
2025-07-25T14:05:21.0879250+03:00,A70000000000000000000000,,1,"-64,5","865,7",Speedwayr-15-32-c2,"0,8467573949128739",
2025-07-25T14:05:21.0890230+03:00,A30000000000000000000000,,1,-63,"865,7",Speedwayr-15-32-c2,"3,792000507653305",
2025-07-25T14:05:21.0903880+03:00,A20000000000000000000000,,1,"-57,5","865,7",Speedwayr-15-32-c2,"0,8406214717613314",
2025-07-25T14:05:21.0919340+03:00,A40000000000000000000000,,1,"-64,5","865,7",Speedwayr-15-32-c2,"4,289010282928253",
2025-07-25T14:05:21.0993980+03:00,A80000000000000000000000,,1,-72,"865,7",Speedwayr-15-32-c2,"1,086058397823034",
2025-07-25T14:05:21.1115720+03:00,A20000000000000000000000,,1,"-57,5","865,7",Speedwayr-15-32-c2,"0,8713010875190442",
2025-07-25T14:05:21.1145730+03:00,A60000000000000000000000,,1,-62,"865,7",Speedwayr-15-32-c2,"6,209554229361076",
2025-07-25T14:05:21.1165110+03:00,A30000000000000000000000,,1,-64,"865,7",Speedwayr-15-32-c2,"3,77972866135022",
2025-07-25T14:05:21.1202290+03:00,A80000000000000000000000,,1,-71,"865,7",Speedwayr-15-32-c2,"1,1719613219446299",
2025-07-25T14:05:21.1213220+03:00,A40000000000000000000000,,1,-65,"865,7",Speedwayr-15-32-c2,"4,2092432819582",
2025-07-25T14:05:21.1224220+03:00,A70000000000000000000000,,1,"-64,5","865,7",Speedwayr-15-32-c2,"0,859029241215959",
2025-07-25T14:05:21.1384690+03:00,A60000000000000000000000,,1,"-61,5","865,7",Speedwayr-15-32-c2,"6,1420590746941075",
2025-07-25T14:05:21.1415400+03:00,A40000000000000000000000,,1,"-64,5","865,7",Speedwayr-15-32-c2,"4,252194744018997",
2025-07-25T14:05:21.1429960+03:00,A20000000000000000000000,,1,"-58,5","865,7",Speedwayr-15-32-c2,"0,7547185476397354",
2025-07-25T14:05:21.1452160+03:00,A30000000000000000000000,,1,-62,"865,7",Speedwayr-15-32-c2,"3,792000507653305",
2025-07-25T14:05:21.1466970+03:00,A70000000000000000000000,,1,"-63,5","865,7",Speedwayr-15-32-c2,"0,803805932852076",
2025-07-25T14:05:21.1490500+03:00,A80000000000000000000000,,1,-70,"865,7",Speedwayr-15-32-c2,"0,9265243958829272",
2025-07-25T14:05:21.1631420+03:00,A20000000000000000000000,,1,-58,"865,7",Speedwayr-15-32-c2,"0,7792622402459057",
2025-07-25T14:05:21.1645540+03:00,A40000000000000000000000,,1,-64,"865,7",Speedwayr-15-32-c2,"4,374913207049849",
2025-07-25T14:05:21.1659260+03:00,A60000000000000000000000,,1,"-60,5","865,7",Speedwayr-15-32-c2,0,
2025-07-25T14:05:21.1674500+03:00,A70000000000000000000000,,1,-64,"865,7",Speedwayr-15-32-c2,"0,9572040116406401",
2025-07-25T14:05:21.1687760+03:00,A30000000000000000000000,,1,-63,"865,7",Speedwayr-15-32-c2,"3,80427235395639",
2025-07-25T14:05:21.1896920+03:00,A80000000000000000000000,,1,-72,"865,7",Speedwayr-15-32-c2,"1,1075341288534328",
2025-07-25T14:05:21.1993930+03:00,A70000000000000000000000,,1,"-64,5","865,7",Speedwayr-15-32-c2,"0,7547185476397354",
2025-07-25T14:05:21.2010740+03:00,A40000000000000000000000,,1,"-64,5","865,7",Speedwayr-15-32-c2,"4,301282129231338",
2025-07-25T14:05:21.2021680+03:00,A20000000000000000000000,,1,-58,"865,7",Speedwayr-15-32-c2,"0,8283496254582462",
2025-07-25T14:05:21.2040930+03:00,A60000000000000000000000,,1,"-61,5","865,7",Speedwayr-15-32-c2,"6,166602767300278",
2025-07-25T14:05:21.2057770+03:00,A30000000000000000000000,,1,-64,"865,7",Speedwayr-15-32-c2,"3,834951969714103",
2025-07-25T14:05:21.2245020+03:00,A20000000000000000000000,,1,-58,"865,7",Speedwayr-15-32-c2,"0,7179030087304801",
2025-07-25T14:05:21.2274460+03:00,A30000000000000000000000,,1,"-63,5","865,7",Speedwayr-15-32-c2,"3,8533597391687304",
2025-07-25T14:05:21.2294670+03:00,A60000000000000000000000,,1,-62,"865,7",Speedwayr-15-32-c2,"6,178874613603362",
2025-07-25T14:05:21.2450830+03:00,A40000000000000000000000,,1,"-64,5","865,7",Speedwayr-15-32-c2,"1,1382137446111458",
2025-07-25T14:05:21.2466550+03:00,A70000000000000000000000,,1,-64,"865,7",Speedwayr-15-32-c2,"3,9269908169872414",
2025-07-25T14:05:21.2496220+03:00,A80000000000000000000000,,1,-73,"865,7",Speedwayr-15-32-c2,"4,301282129231338",
2025-07-25T14:05:21.2542810+03:00,A60000000000000000000000,,1,"-62,5","865,7",Speedwayr-15-32-c2,"6,209554229361076",
2025-07-25T14:05:21.2581050+03:00,A20000000000000000000000,,1,-58,"865,7",Speedwayr-15-32-c2,"0,7669903939428205",
2025-07-25T14:05:21.2595420+03:00,A40000000000000000000000,,1,"-65,5","865,7",Speedwayr-15-32-c2,"4,215379205109742",
2025-07-25T14:05:21.2641480+03:00,A70000000000000000000000,,1,"-63,5","865,7",Speedwayr-15-32-c2,"0,7424467013366504",
2025-07-25T14:05:21.2653620+03:00,A30000000000000000000000,,1,-63,"865,7",Speedwayr-15-32-c2,"3,9085830475326135",
2025-07-25T14:05:21.2709890+03:00,A80000000000000000000000,,1,"-69,5","865,7",Speedwayr-15-32-c2,"1,0676506283684062",
2025-07-25T14:05:21.2832510+03:00,A20000000000000000000000,,1,-57,"865,7",Speedwayr-15-32-c2,"0,7853981633974483",
2025-07-25T14:05:21.2856910+03:00,A70000000000000000000000,,1,"-63,5","865,7",Speedwayr-15-32-c2,"0,8099418560036186",
2025-07-25T14:05:21.2873150+03:00,A60000000000000000000000,,1,"-61,5","865,7",Speedwayr-15-32-c2,"6,160466844148735",
2025-07-25T14:05:21.2934090+03:00,A40000000000000000000000,,1,"-64,5","865,7",Speedwayr-15-32-c2,"4,264466590322082",
2025-07-25T14:05:21.2971190+03:00,A30000000000000000000000,,1,-63,"865,7",Speedwayr-15-32-c2,"3,6876898140770815",
2025-07-25T14:05:21.3125210+03:00,A40000000000000000000000,,1,-64,"865,7",Speedwayr-15-32-c2,"4,344233591292136",
2025-07-25T14:05:21.3144870+03:00,A30000000000000000000000,,1,-61,"865,7",Speedwayr-15-32-c2,"3,718369429834794",
2025-07-25T14:05:21.3158530+03:00,A20000000000000000000000,,1,"-58,5","865,7",Speedwayr-15-32-c2,"0,7792622402459057",
2025-07-25T14:05:21.3179080+03:00,A70000000000000000000000,,1,"-64,5","865,7",Speedwayr-15-32-c2,"0,8160777791551611",
2025-07-25T14:05:21.3218190+03:00,A60000000000000000000000,,1,-63,"865,7",Speedwayr-15-32-c2,"0,018407769454627694",
2025-07-25T14:05:21.3315150+03:00,A80000000000000000000000,,1,-72,"865,7",Speedwayr-15-32-c2,"4,175495704624716",
2025-07-25T14:05:21.3380570+03:00,A70000000000000000000000,,1,-63,"865,7",Speedwayr-15-32-c2,"0,46019423636569234",
2025-07-25T14:05:21.3414280+03:00,A30000000000000000000000,,1,"-63,5","865,7",Speedwayr-15-32-c2,"3,54042765844006",
2025-07-25T14:05:21.3436680+03:00,A20000000000000000000000,,1,-58,"865,7",Speedwayr-15-32-c2,"0,9081166264282996",
2025-07-25T14:05:21.3449940+03:00,A60000000000000000000000,,1,-63,"865,7",Speedwayr-15-32-c2,"6,092971689481767",
2025-07-25T14:05:21.3465750+03:00,A40000000000000000000000,,1,-64,"865,7",Speedwayr-15-32-c2,"4,522175362686871",
2025-07-25T14:05:21.3517470+03:00,A80000000000000000000000,,1,"-70,5","865,7",Speedwayr-15-32-c2,"1,0062913968529805",
2025-07-25T14:05:21.3651930+03:00,A30000000000000000000000,,1,"-62,5","865,7",Speedwayr-15-32-c2,"3,847223816017188",
2025-07-25T14:05:21.3680370+03:00,A20000000000000000000000,,1,"-58,5","865,7",Speedwayr-15-32-c2,"0,7731263170943632",
2025-07-25T14:05:21.3697430+03:00,A70000000000000000000000,,1,"-64,5","865,7",Speedwayr-15-32-c2,"0,8467573949128739",
2025-07-25T14:05:21.3719530+03:00,A60000000000000000000000,,1,-63,"865,7",Speedwayr-15-32-c2,"6,234097921967246",
2025-07-25T14:05:21.3742270+03:00,A40000000000000000000000,,1,-65,"865,7",Speedwayr-15-32-c2,"4,1601558967458585",
2025-07-25T14:05:21.4027020+03:00,A80000000000000000000000,,1,"-71,5","865,7",Speedwayr-15-32-c2,"4,362641360746763",
2025-07-25T14:05:21.4072000+03:00,A30000000000000000000000,,1,"-62,5","865,7",Speedwayr-15-32-c2,"3,718369429834794",
2025-07-25T14:05:21.4104070+03:00,A60000000000000000000000,,1,"-62,5","865,7",Speedwayr-15-32-c2,"6,22182607566416",
2025-07-25T14:05:21.4114770+03:00,A40000000000000000000000,,1,-64,"865,7",Speedwayr-15-32-c2,"4,2092432819582",
2025-07-25T14:05:21.4125600+03:00,A20000000000000000000000,,1,"-58,5","865,7",Speedwayr-15-32-c2,"0,7976700097005334",
2025-07-25T14:05:21.4404810+03:00,A80000000000000000000000,,1,-73,"865,7",Speedwayr-15-32-c2,"1,217980745581199",
2025-07-25T14:05:21.4469020+03:00,A40000000000000000000000,,1,"-63,5","865,7",Speedwayr-15-32-c2,"4,227651051412827",
2025-07-25T14:05:21.4479580+03:00,A30000000000000000000000,,1,"-61,5","865,7",Speedwayr-15-32-c2,"3,767456815047135",
2025-07-25T14:05:21.4497970+03:00,A20000000000000000000000,,1,"-58,5","865,7",Speedwayr-15-32-c2,"0,7976700097005334",
2025-07-25T14:05:21.4519190+03:00,A60000000000000000000000,,1,-64,"865,7",Speedwayr-15-32-c2,"6,240233845118788",
2025-07-25T14:05:21.4539860+03:00,A70000000000000000000000,,1,-64,"865,7",Speedwayr-15-32-c2,"0,7976700097005334",
2025-07-25T14:05:21.4719130+03:00,A80000000000000000000000,,1,-73,"865,7",Speedwayr-15-32-c2,"1,030835089459151",
2025-07-25T14:05:21.4778990+03:00,A70000000000000000000000,,1,-63,"865,7",Speedwayr-15-32-c2,"0,7547185476397354",
2025-07-25T14:05:21.4792970+03:00,A30000000000000000000000,,1,-64,"865,7",Speedwayr-15-32-c2,"3,56497135104623",
2025-07-25T14:05:21.4835000+03:00,A60000000000000000000000,,1,"-62,5","865,7",Speedwayr-15-32-c2,"6,277049384028044",
2025-07-25T14:05:21.4852960+03:00,A20000000000000000000000,,1,-57,"865,7",Speedwayr-15-32-c2,"0,760854470791278",
2025-07-25T14:05:21.4878520+03:00,A40000000000000000000000,,1,"-64,5","865,7",Speedwayr-15-32-c2,"4,319689898685965",
2025-07-25T14:05:21.5007280+03:00,A80000000000000000000000,,1,-70,"865,7",Speedwayr-15-32-c2,"1,030835089459151",
2025-07-25T14:05:21.5136740+03:00,A20000000000000000000000,,1,-58,"865,7",Speedwayr-15-32-c2,"0,7485826244881929",
2025-07-25T14:05:21.5162020+03:00,A60000000000000000000000,,1,"-63,5","865,7",Speedwayr-15-32-c2,"6,240233845118788",
2025-07-25T14:05:21.5189310+03:00,A30000000000000000000000,,1,"-63,5","865,7",Speedwayr-15-32-c2,"3,5588354278946874",
2025-07-25T14:05:21.5214110+03:00,A40000000000000000000000,,1,"-64,5","865,7",Speedwayr-15-32-c2,"4,104932588381976",
2025-07-25T14:05:21.5242040+03:00,A70000000000000000000000,,1,-64,"865,7",Speedwayr-15-32-c2,"0,8528933180644165",
2025-07-25T14:05:21.5289350+03:00,A80000000000000000000000,,1,"-70,5","865,7",Speedwayr-15-32-c2,"1,2578642460662257",
2025-07-25T14:05:21.5436810+03:00,A20000000000000000000000,,1,-58,"865,7",Speedwayr-15-32-c2,"0,6994952392758523",
2025-07-25T14:05:21.5447780+03:00,A30000000000000000000000,,1,"-63,5","865,7",Speedwayr-15-32-c2,"3,6754179677739964",
2025-07-25T14:05:21.5470970+03:00,A70000000000000000000000,,1,"-64,5","865,7",Speedwayr-15-32-c2,"0,7792622402459057",
2025-07-25T14:05:21.5503700+03:00,A60000000000000000000000,,1,-63,"865,7",Speedwayr-15-32-c2,"0,04295146206079795",
2025-07-25T14:05:21.5514280+03:00,A40000000000000000000000,,1,"-64,5","865,7",Speedwayr-15-32-c2,"4,23378697456437",
2025-07-25T14:05:21.5660440+03:00,A20000000000000000000000,,1,-57,"865,7",Speedwayr-15-32-c2,"0,7669903939428205",
2025-07-25T14:05:21.5700220+03:00,A40000000000000000000000,,1,"-64,5","865,7",Speedwayr-15-32-c2,"4,123340357836604",
2025-07-25T14:05:21.5711940+03:00,A60000000000000000000000,,1,-64,"865,7",Speedwayr-15-32-c2,"6,080699843178682",
2025-07-25T14:05:21.5733430+03:00,A70000000000000000000000,,1,-64,"865,7",Speedwayr-15-32-c2,"0,6749515466696822",
2025-07-25T14:05:21.5749560+03:00,A30000000000000000000000,,1,-62,"865,7",Speedwayr-15-32-c2,"3,7122335066832517",
2025-07-25T14:05:21.5876320+03:00,A80000000000000000000000,,1,-70,"865,7",Speedwayr-15-32-c2,"1,4542137869155878",
2025-07-25T14:05:21.6016890+03:00,A60000000000000000000000,,1,"-63,5","865,7",Speedwayr-15-32-c2,"6,14819499784565",
2025-07-25T14:05:21.6027440+03:00,A40000000000000000000000,,1,"-63,5","865,7",Speedwayr-15-32-c2,"4,09266074207889",
2025-07-25T14:05:21.6038000+03:00,A30000000000000000000000,,1,-63,"865,7",Speedwayr-15-32-c2,"3,411573272257666",
2025-07-25T14:05:21.6056520+03:00,A20000000000000000000000,,1,-57,"865,7",Speedwayr-15-32-c2,"0,7240389318820226",
2025-07-25T14:05:21.6067250+03:00,A70000000000000000000000,,1,-64,"865,7",Speedwayr-15-32-c2,"0,7853981633974483",
2025-07-25T14:05:21.6370270+03:00,A70000000000000000000000,,1,"-63,5","865,7",Speedwayr-15-32-c2,"0,803805932852076",
2025-07-25T14:05:21.6390410+03:00,A60000000000000000000000,,1,"-63,5","865,7",Speedwayr-15-32-c2,"6,258641614573416",
2025-07-25T14:05:21.6410600+03:00,A20000000000000000000000,,1,-58,"865,7",Speedwayr-15-32-c2,"0,6381360077604268",
2025-07-25T14:05:21.6425640+03:00,A40000000000000000000000,,1,"-64,5","865,7",Speedwayr-15-32-c2,"4,086524818927348",
2025-07-25T14:05:21.6441480+03:00,A30000000000000000000000,,1,-63,"865,7",Speedwayr-15-32-c2,"3,6324665057131984",
2025-07-25T14:05:21.6698410+03:00,A80000000000000000000000,,1,-73,"865,7",Speedwayr-15-32-c2,"4,4976316700806995",
2025-07-25T14:05:21.6756230+03:00,A40000000000000000000000,,1,"-63,5","865,7",Speedwayr-15-32-c2,"4,06811704947272",
2025-07-25T14:05:21.6770020+03:00,A60000000000000000000000,,1,"-61,5","865,7",Speedwayr-15-32-c2,"6,240233845118788",
2025-07-25T14:05:21.6787400+03:00,A30000000000000000000000,,1,"-62,5","865,7",Speedwayr-15-32-c2,"3,6017868899554855",
2025-07-25T14:05:21.6803070+03:00,A70000000000000000000000,,1,-65,"865,7",Speedwayr-15-32-c2,"0,9265243958829272",
2025-07-25T14:05:21.6833190+03:00,A20000000000000000000000,,1,-57,"865,7",Speedwayr-15-32-c2,"0,7792622402459057",
2025-07-25T14:05:21.7043890+03:00,A80000000000000000000000,,1,-72,"865,7",Speedwayr-15-32-c2,"1,2732040539450822",
2025-07-25T14:05:21.7115830+03:00,A70000000000000000000000,,1,-64,"865,7",Speedwayr-15-32-c2,"0,8528933180644165",
2025-07-25T14:05:21.7126610+03:00,A20000000000000000000000,,1,"-57,5","865,7",Speedwayr-15-32-c2,"0,7915340865489908",
2025-07-25T14:05:21.7152370+03:00,A30000000000000000000000,,1,-63,"865,7",Speedwayr-15-32-c2,"3,6815538909255388",
2025-07-25T14:05:21.7188920+03:00,A40000000000000000000000,,1,"-65,5","865,7",Speedwayr-15-32-c2,"4,0128937411088375",
2025-07-25T14:05:21.7213410+03:00,A60000000000000000000000,,1,-63,"865,7",Speedwayr-15-32-c2,"0,018407769454627694",
2025-07-25T14:05:21.7508080+03:00,A80000000000000000000000,,1,"-72,5","865,7",Speedwayr-15-32-c2,"4,448544284868359",
2025-07-25T14:05:21.7565330+03:00,A70000000000000000000000,,1,-64,"865,7",Speedwayr-15-32-c2,"0,8406214717613314",
2025-07-25T14:05:21.7577050+03:00,A30000000000000000000000,,1,-63,"865,7",Speedwayr-15-32-c2,"3,54042765844006",
2025-07-25T14:05:21.7588300+03:00,A60000000000000000000000,,1,-64,"865,7",Speedwayr-15-32-c2,"6,264777537724958",
2025-07-25T14:05:21.7599960+03:00,A20000000000000000000000,,1,-57,"865,7",Speedwayr-15-32-c2,"0,6872233929727672",
2025-07-25T14:05:21.7615910+03:00,A40000000000000000000000,,1,-65,"865,7",Speedwayr-15-32-c2,"4,0987966652304335",
2025-07-25T14:05:21.7825350+03:00,A80000000000000000000000,,1,"-71,5","865,7",Speedwayr-15-32-c2,"4,476155939050301",
2025-07-25T14:05:21.7884720+03:00,A70000000000000000000000,,1,"-64,5","865,7",Speedwayr-15-32-c2,"0,8528933180644165",
2025-07-25T14:05:21.7901480+03:00,A30000000000000000000000,,1,-63,"865,7",Speedwayr-15-32-c2,"3,5281558121369745",
2025-07-25T14:05:21.7918420+03:00,A40000000000000000000000,,1,"-64,5","865,7",Speedwayr-15-32-c2,"4,006757817957295",
2025-07-25T14:05:21.7929990+03:00,A60000000000000000000000,,1,"-63,5","865,7",Speedwayr-15-32-c2,"6,264777537724958",
2025-07-25T14:05:21.7943330+03:00,A20000000000000000000000,,1,"-57,5","865,7",Speedwayr-15-32-c2,"0,705631162427395",
2025-07-25T14:05:21.7995730+03:00,A80000000000000000000000,,1,"-70,5","865,7",Speedwayr-15-32-c2,"0,3988350048502667",
2025-07-25T14:05:21.8142620+03:00,A20000000000000000000000,,1,-57,"865,7",Speedwayr-15-32-c2,"0,7240389318820226",
2025-07-25T14:05:21.8153320+03:00,A40000000000000000000000,,1,"-63,5","865,7",Speedwayr-15-32-c2,"3,810408277107933",
2025-07-25T14:05:21.8166730+03:00,A60000000000000000000000,,1,"-64,5","865,7",Speedwayr-15-32-c2,"0,04908738521234052",
2025-07-25T14:05:21.8193850+03:00,A70000000000000000000000,,1,-65,"865,7",Speedwayr-15-32-c2,"0,8713010875190442",
2025-07-25T14:05:21.8214810+03:00,A30000000000000000000000,,1,"-62,5","865,7",Speedwayr-15-32-c2,"3,479068426924634",
2025-07-25T14:05:21.8297440+03:00,A80000000000000000000000,,1,"-71,5","865,7",Speedwayr-15-32-c2,"1,0676506283684062",
2025-07-25T14:05:21.8436880+03:00,A40000000000000000000000,,1,"-64,5","865,7",Speedwayr-15-32-c2,"4,331961744989051",
2025-07-25T14:05:21.8452830+03:00,A30000000000000000000000,,1,"-62,5","865,7",Speedwayr-15-32-c2,"3,5956509668039427",
2025-07-25T14:05:21.8487890+03:00,A70000000000000000000000,,1,"-64,5","865,7",Speedwayr-15-32-c2,"0,8467573949128739",
2025-07-25T14:05:21.8507140+03:00,A20000000000000000000000,,1,"-58,5","865,7",Speedwayr-15-32-c2,"0,7117670855789375",
2025-07-25T14:05:21.8521160+03:00,A60000000000000000000000,,1,"-63,5","865,7",Speedwayr-15-32-c2,"0,07976700097005335",
2025-07-25T14:05:21.8893800+03:00,A80000000000000000000000,,1,"-71,5","865,7",Speedwayr-15-32-c2,"4,442408361716817",
2025-07-25T14:05:21.8966500+03:00,A20000000000000000000000,,1,"-57,5","865,7",Speedwayr-15-32-c2,"0,6994952392758523",
2025-07-25T14:05:21.8986330+03:00,A60000000000000000000000,,1,-65,"865,7",Speedwayr-15-32-c2,"6,258641614573416",
2025-07-25T14:05:21.8997430+03:00,A30000000000000000000000,,1,"-62,5","865,7",Speedwayr-15-32-c2,"3,509748042682347",
2025-07-25T14:05:21.9019110+03:00,A70000000000000000000000,,1,-65,"865,7",Speedwayr-15-32-c2,"0,7240389318820226",
2025-07-25T14:05:21.9036510+03:00,A40000000000000000000000,,1,"-64,5","865,7",Speedwayr-15-32-c2,"3,859495662320273",
2025-07-25T14:05:21.9199830+03:00,A80000000000000000000000,,1,-68,"865,7",Speedwayr-15-32-c2,"1,368310862793992",
2025-07-25T14:05:21.9341510+03:00,A70000000000000000000000,,1,"-63,5","865,7",Speedwayr-15-32-c2,"0,8897088569736719",
2025-07-25T14:05:21.9353210+03:00,A60000000000000000000000,,1,"-63,5","865,7",Speedwayr-15-32-c2,"6,191146459906448",
2025-07-25T14:05:21.9379950+03:00,A20000000000000000000000,,1,"-58,5","865,7",Speedwayr-15-32-c2,"0,6504078540635119",
2025-07-25T14:05:21.9423110+03:00,A30000000000000000000000,,1,-62,"865,7",Speedwayr-15-32-c2,"3,522019888985432",
2025-07-25T14:05:21.9491590+03:00,A80000000000000000000000,,1,-72,"865,7",Speedwayr-15-32-c2,"1,2517283229146832",
2025-07-25T14:05:21.9635190+03:00,A30000000000000000000000,,1,-63,"865,7",Speedwayr-15-32-c2,"3,6017868899554855",
2025-07-25T14:05:21.9662860+03:00,A70000000000000000000000,,1,-65,"865,7",Speedwayr-15-32-c2,"1,012427320004523",
2025-07-25T14:05:21.9676170+03:00,A20000000000000000000000,,1,-57,"865,7",Speedwayr-15-32-c2,"0,5951845456996288",
2025-07-25T14:05:21.9699870+03:00,A60000000000000000000000,,1,-62,"865,7",Speedwayr-15-32-c2,"0,04908738521234052",
2025-07-25T14:05:21.9710820+03:00,A40000000000000000000000,,1,"-63,5","865,7",Speedwayr-15-32-c2,"3,9515345095934116",
2025-07-25T14:05:21.9988940+03:00,A80000000000000000000000,,1,"-72,5","865,7",Speedwayr-15-32-c2,"1,3345632854605078",
2025-07-25T14:05:22.0040270+03:00,A70000000000000000000000,,1,"-64,5","865,7",Speedwayr-15-32-c2,"0,9694758579437253",
2025-07-25T14:05:22.0056020+03:00,A40000000000000000000000,,1,-63,"865,7",Speedwayr-15-32-c2,"4,037437433715008",
2025-07-25T14:05:22.0072000+03:00,A60000000000000000000000,,1,"-63,5","865,7",Speedwayr-15-32-c2,"0,06135923151542565",
2025-07-25T14:05:22.0086050+03:00,A20000000000000000000000,,1,-57,"865,7",Speedwayr-15-32-c2,"0,6381360077604268",
2025-07-25T14:05:22.0128740+03:00,A30000000000000000000000,,1,"-62,5","865,7",Speedwayr-15-32-c2,"3,5956509668039427",
2025-07-25T14:05:22.0200600+03:00,A80000000000000000000000,,1,-71,"865,7",Speedwayr-15-32-c2,"1,7548740213411735",
2025-07-25T14:05:22.0344080+03:00,A70000000000000000000000,,1,-64,"865,7",Speedwayr-15-32-c2,"0,944932165337555",
2025-07-25T14:05:22.0378730+03:00,A20000000000000000000000,,1,-58,"865,7",Speedwayr-15-32-c2,"0,6381360077604268",
2025-07-25T14:05:22.0389840+03:00,A40000000000000000000000,,1,"-64,5","865,7",Speedwayr-15-32-c2,"4,006757817957295",
2025-07-25T14:05:22.0412970+03:00,A30000000000000000000000,,1,"-62,5","865,7",Speedwayr-15-32-c2,"3,4913402732277192",
2025-07-25T14:05:22.0440010+03:00,A60000000000000000000000,,1,-62,"865,7",Speedwayr-15-32-c2,"0,02454369260617026",
2025-07-25T14:05:22.0528410+03:00,A80000000000000000000000,,1,"-71,5","865,7",Speedwayr-15-32-c2,"0,7117670855789375",
2025-07-25T14:05:22.0672430+03:00,A30000000000000000000000,,1,"-62,5","865,7",Speedwayr-15-32-c2,"3,718369429834794",
2025-07-25T14:05:22.0692330+03:00,A40000000000000000000000,,1,-63,"865,7",Speedwayr-15-32-c2,"3,9515345095934116",
2025-07-25T14:05:22.0721770+03:00,A20000000000000000000000,,1,-57,"865,7",Speedwayr-15-32-c2,"0,607456392002714",
2025-07-25T14:05:22.0736860+03:00,A60000000000000000000000,,1,-64,"865,7",Speedwayr-15-32-c2,"0,006135923151542565",
2025-07-25T14:05:22.0747710+03:00,A70000000000000000000000,,1,"-63,5","865,7",Speedwayr-15-32-c2,"0,9142525495798421",
2025-07-25T14:05:22.0901120+03:00,A80000000000000000000000,,1,"-71,5","865,7",Speedwayr-15-32-c2,"0,9694758579437253",
2025-07-25T14:05:22.1020360+03:00,A20000000000000000000000,,1,-57,"865,7",Speedwayr-15-32-c2,"0,6933593161243098",
2025-07-25T14:05:22.1055390+03:00,A40000000000000000000000,,1,"-63,5","865,7",Speedwayr-15-32-c2,"4,06811704947272",
2025-07-25T14:05:22.1067510+03:00,A30000000000000000000000,,1,-63,"865,7",Speedwayr-15-32-c2,"3,54042765844006",
2025-07-25T14:05:22.1097990+03:00,A60000000000000000000000,,1,-64,"865,7",Speedwayr-15-32-c2,"0,02454369260617026",
2025-07-25T14:05:22.1108820+03:00,A70000000000000000000000,,1,"-65,5","865,7",Speedwayr-15-32-c2,"0,8713010875190442",
2025-07-25T14:05:22.1257990+03:00,A80000000000000000000000,,1,-72,"865,7",Speedwayr-15-32-c2,"4,292078244504024",
2025-07-25T14:05:22.1310700+03:00,A20000000000000000000000,,1,-58,"865,7",Speedwayr-15-32-c2,"0,7485826244881929",
2025-07-25T14:05:22.1338510+03:00,A70000000000000000000000,,1,-64,"865,7",Speedwayr-15-32-c2,"0,8897088569736719",
2025-07-25T14:05:22.1384500+03:00,A40000000000000000000000,,1,"-64,5","865,7",Speedwayr-15-32-c2,"3,9208548938356986",
2025-07-25T14:05:22.1400730+03:00,A60000000000000000000000,,1,"-63,5","865,7",Speedwayr-15-32-c2,"0,06135923151542565",
2025-07-25T14:05:22.1553860+03:00,A80000000000000000000000,,1,-71,"865,7",Speedwayr-15-32-c2,"4,5068355548080135",
2025-07-25T14:05:22.1642850+03:00,A20000000000000000000000,,1,-57,"865,7",Speedwayr-15-32-c2,"0,7179030087304801",
2025-07-25T14:05:22.1658670+03:00,A40000000000000000000000,,1,"-63,5","865,7",Speedwayr-15-32-c2,"3,988350048502667",
2025-07-25T14:05:22.1669220+03:00,A30000000000000000000000,,1,"-62,5","865,7",Speedwayr-15-32-c2,"3,5711072741977725",
2025-07-25T14:05:22.1680630+03:00,A60000000000000000000000,,1,-62,"865,7",Speedwayr-15-32-c2,"0,006135923151542565",
2025-07-25T14:05:22.1691460+03:00,A70000000000000000000000,,1,-65,"865,7",Speedwayr-15-32-c2,"0,8651651643675016",
2025-07-25T14:05:22.1806290+03:00,A80000000000000000000000,,1,-72,"865,7",Speedwayr-15-32-c2,"4,414796707534875",
2025-07-25T14:05:22.1931040+03:00,A40000000000000000000000,,1,-65,"865,7",Speedwayr-15-32-c2,"4,178563666200486",
2025-07-25T14:05:22.1945870+03:00,A20000000000000000000000,,1,"-57,5","865,7",Speedwayr-15-32-c2,"0,7363107781851077",
2025-07-25T14:05:22.1964990+03:00,A30000000000000000000000,,1,-63,"865,7",Speedwayr-15-32-c2,"3,522019888985432",
2025-07-25T14:05:22.1976260+03:00,A70000000000000000000000,,1,"-64,5","865,7",Speedwayr-15-32-c2,"0,7179030087304801",
2025-07-25T14:05:22.1987350+03:00,A60000000000000000000000,,1,-64,"865,7",Speedwayr-15-32-c2,"0,02454369260617026",
2025-07-25T14:05:22.2007700+03:00,A80000000000000000000000,,1,"-69,5","865,7",Speedwayr-15-32-c2,"1,3744467859455345",
2025-07-25T14:05:22.2153960+03:00,A20000000000000000000000,,1,"-57,5","865,7",Speedwayr-15-32-c2,"0,803805932852076",
2025-07-25T14:05:22.2165010+03:00,A30000000000000000000000,,1,-63,"865,7",Speedwayr-15-32-c2,"3,442252888015379",
2025-07-25T14:05:22.2196530+03:00,A60000000000000000000000,,1,-62,"865,7",Speedwayr-15-32-c2,"0,09817477042468103",
2025-07-25T14:05:22.2247690+03:00,A40000000000000000000000,,1,-65,"865,7",Speedwayr-15-32-c2,"4,2031073588066565",
2025-07-25T14:05:22.2258830+03:00,A70000000000000000000000,,1,-65,"865,7",Speedwayr-15-32-c2,"0,9817477042468103",
2025-07-25T14:05:22.2380000+03:00,A20000000000000000000000,,1,-57,"865,7",Speedwayr-15-32-c2,"0,8651651643675016",
2025-07-25T14:05:22.2395650+03:00,A40000000000000000000000,,1,-64,"865,7",Speedwayr-15-32-c2,"4,01902966426038",
2025-07-25T14:05:22.2420020+03:00,A60000000000000000000000,,1,"-62,5","865,7",Speedwayr-15-32-c2,"0,04295146206079795",
2025-07-25T14:05:22.2540910+03:00,A80000000000000000000000,,1,"-70,5","865,7",Speedwayr-15-32-c2,"4,356505437595221",
2025-07-25T14:05:22.2593810+03:00,A70000000000000000000000,,1,-65,"865,7",Speedwayr-15-32-c2,"4,015961702684608",
2025-07-25T14:05:22.2613500+03:00,A30000000000000000000000,,1,-63,"865,7",Speedwayr-15-32-c2,"0,49394181369917645",
2025-07-25T14:05:22.2674540+03:00,A20000000000000000000000,,1,-57,"865,7",Speedwayr-15-32-c2,"0,7792622402459057",
2025-07-25T14:05:22.2685620+03:00,A40000000000000000000000,,1,"-64,5","865,7",Speedwayr-15-32-c2,"4,123340357836604",
2025-07-25T14:05:22.2708020+03:00,A60000000000000000000000,,1,"-64,5","865,7",Speedwayr-15-32-c2,"6,277049384028044",
2025-07-25T14:05:22.2738220+03:00,A30000000000000000000000,,1,"-62,5","865,7",Speedwayr-15-32-c2,"3,4177091954092087",
2025-07-25T14:05:22.2761270+03:00,A70000000000000000000000,,1,"-64,5","865,7",Speedwayr-15-32-c2,"0,8713010875190442",
2025-07-25T14:05:22.2905030+03:00,A80000000000000000000000,,1,"-70,5","865,7",Speedwayr-15-32-c2,"1,227184630308513",
2025-07-25T14:05:22.3065690+03:00,A30000000000000000000000,,1,-63,"865,7",Speedwayr-15-32-c2,"3,736777199289422",
2025-07-25T14:05:22.3076240+03:00,A20000000000000000000000,,1,-58,"865,7",Speedwayr-15-32-c2,"0,8222137023067037",
2025-07-25T14:05:22.3091450+03:00,A40000000000000000000000,,1,"-64,5","865,7",Speedwayr-15-32-c2,"4,074252972624263",
2025-07-25T14:05:22.3121230+03:00,A60000000000000000000000,,1,"-64,5","865,7",Speedwayr-15-32-c2,"0,07363107781851078",
2025-07-25T14:05:22.3158800+03:00,A70000000000000000000000,,1,"-64,5","865,7",Speedwayr-15-32-c2,"1,000155473701438",
2025-07-25T14:05:22.3192750+03:00,A80000000000000000000000,,1,"-69,5","865,7",Speedwayr-15-32-c2,"1,4051264017032472",
2025-07-25T14:05:22.3318590+03:00,A60000000000000000000000,,1,"-63,5","865,7",Speedwayr-15-32-c2,"0,09817477042468103",
2025-07-25T14:05:22.3354420+03:00,A20000000000000000000000,,1,-58,"865,7",Speedwayr-15-32-c2,"0,9019807032767571",
2025-07-25T14:05:22.3374260+03:00,A30000000000000000000000,,1,"-62,5","865,7",Speedwayr-15-32-c2,"3,77972866135022",
2025-07-25T14:05:22.3398620+03:00,A70000000000000000000000,,1,-64,"865,7",Speedwayr-15-32-c2,"1,0737865515199487",
2025-07-25T14:05:22.3448760+03:00,A40000000000000000000000,,1,-64,"865,7",Speedwayr-15-32-c2,"4,031301510563465",
2025-07-25T14:05:22.3677570+03:00,A80000000000000000000000,,1,-72,"865,7",Speedwayr-15-32-c2,"4,442408361716817",
2025-07-25T14:05:22.3752350+03:00,A40000000000000000000000,,1,"-63,5","865,7",Speedwayr-15-32-c2,"4,2031073588066565",
2025-07-25T14:05:22.3783570+03:00,A20000000000000000000000,,1,-58,"865,7",Speedwayr-15-32-c2,"0,9265243958829272",
2025-07-25T14:05:22.3803020+03:00,A80000000000000000000000,,1,"-72,5","865,7",Speedwayr-15-32-c2,"1,3499030933393643",
2025-07-25T14:05:22.3825890+03:00,A60000000000000000000000,,1,"-63,5","865,7",Speedwayr-15-32-c2,"6,086835766330224",
2025-07-25T14:05:22.3836320+03:00,A30000000000000000000000,,1,"-62,5","865,7",Speedwayr-15-32-c2,"3,5956509668039427",
2025-07-25T14:05:22.3846990+03:00,A70000000000000000000000,,1,-64,"865,7",Speedwayr-15-32-c2,"1,012427320004523",
2025-07-25T14:05:22.3996250+03:00,A70000000000000000000000,,1,"-65,5","865,7",Speedwayr-15-32-c2,"0,8651651643675016",
2025-07-25T14:05:22.4018660+03:00,A40000000000000000000000,,1,-65,"865,7",Speedwayr-15-32-c2,"3,724505352986337",
2025-07-25T14:05:22.4029640+03:00,A30000000000000000000000,,1,-63,"865,7",Speedwayr-15-32-c2,"3,847223816017188",
2025-07-25T14:05:22.4057720+03:00,A20000000000000000000000,,1,"-57,5","865,7",Speedwayr-15-32-c2,"0,9387962421860124",
2025-07-25T14:05:22.4071460+03:00,A60000000000000000000000,,1,"-65,5","865,7",Speedwayr-15-32-c2,"0,0674951546669682",
2025-07-25T14:05:22.4190180+03:00,A80000000000000000000000,,1,-72,"865,7",Speedwayr-15-32-c2,"4,546719055293041",
2025-07-25T14:05:22.4305510+03:00,A20000000000000000000000,,1,-58,"865,7",Speedwayr-15-32-c2,"0,9510680884890975",
2025-07-25T14:05:22.4318950+03:00,A70000000000000000000000,,1,-65,"865,7",Speedwayr-15-32-c2,"0,8774370106705868",
2025-07-25T14:05:22.4348640+03:00,A40000000000000000000000,,1,-65,"865,7",Speedwayr-15-32-c2,"4,196971435655114",
2025-07-25T14:05:22.4394930+03:00,A60000000000000000000000,,1,"-63,5","865,7",Speedwayr-15-32-c2,"0,04908738521234052",
2025-07-25T14:05:22.4408520+03:00,A30000000000000000000000,,1,"-63,5","865,7",Speedwayr-15-32-c2,"3,8410878928656453",
2025-07-25T14:05:22.4493450+03:00,A80000000000000000000000,,1,-71,"865,7",Speedwayr-15-32-c2,"1,3008157081270237",
2025-07-25T14:05:22.4612250+03:00,A70000000000000000000000,,1,"-65,5","865,7",Speedwayr-15-32-c2,"0,7976700097005334",
2025-07-25T14:05:22.4646700+03:00,A20000000000000000000000,,1,"-56,5","865,7",Speedwayr-15-32-c2,"1,0246991663076084",
2025-07-25T14:05:22.4666330+03:00,A30000000000000000000000,,1,-62,"865,7",Speedwayr-15-32-c2,"3,80427235395639",
2025-07-25T14:05:22.4710740+03:00,A40000000000000000000000,,1,"-64,5","865,7",Speedwayr-15-32-c2,"4,080388895775806",
2025-07-25T14:05:22.4730570+03:00,A60000000000000000000000,,1,"-64,5","865,7",Speedwayr-15-32-c2,"0,0859029241215959",
2025-07-25T14:05:22.4815330+03:00,A80000000000000000000000,,1,-71,"865,7",Speedwayr-15-32-c2,"1,2455923997631406",
2025-07-25T14:05:22.4988980+03:00,A40000000000000000000000,,1,"-64,5","865,7",Speedwayr-15-32-c2,"4,147884050442774",
2025-07-25T14:05:22.4999390+03:00,A70000000000000000000000,,1,-65,"865,7",Speedwayr-15-32-c2,"0,9510680884890975",
2025-07-25T14:05:22.5010390+03:00,A60000000000000000000000,,1,-64,"865,7",Speedwayr-15-32-c2,"0,4111068511533518",
2025-07-25T14:05:22.5021070+03:00,A20000000000000000000000,,1,"-57,5","865,7",Speedwayr-15-32-c2,"1,1719613219446299",
2025-07-25T14:05:22.5270800+03:00,A80000000000000000000000,,1,-71,"865,7",Speedwayr-15-32-c2,"4,583534594202296",
2025-07-25T14:05:22.5314700+03:00,A20000000000000000000000,,1,-58,"865,7",Speedwayr-15-32-c2,"1,0369710126106935",
2025-07-25T14:05:22.5350460+03:00,A70000000000000000000000,,1,"-65,5","865,7",Speedwayr-15-32-c2,"0,9756117810952678",
2025-07-25T14:05:22.5368150+03:00,A60000000000000000000000,,1,"-63,5","865,7",Speedwayr-15-32-c2,"6,154330920997192",
2025-07-25T14:05:22.5382710+03:00,A30000000000000000000000,,1,-63,"865,7",Speedwayr-15-32-c2,"3,9576704327449543",
2025-07-25T14:05:22.5398420+03:00,A40000000000000000000000,,1,"-64,5","865,7",Speedwayr-15-32-c2,"4,289010282928253",
2025-07-25T14:05:22.5670500+03:00,A80000000000000000000000,,1,"-70,5","865,7",Speedwayr-15-32-c2,"4,279806398200939",
2025-07-25T14:05:22.5723160+03:00,A30000000000000000000000,,1,-63,"865,7",Speedwayr-15-32-c2,"3,718369429834794",
2025-07-25T14:05:22.5736820+03:00,A20000000000000000000000,,1,"-56,5","865,7",Speedwayr-15-32-c2,"1,086058397823034",
2025-07-25T14:05:22.5760450+03:00,A70000000000000000000000,,1,"-64,5","865,7",Speedwayr-15-32-c2,"0,9203884727313847",
2025-07-25T14:05:22.5776530+03:00,A40000000000000000000000,,1,"-63,5","865,7",Speedwayr-15-32-c2,"3,9392626632903265",
2025-07-25T14:05:22.5806450+03:00,A60000000000000000000000,,1,"-64,5","865,7",Speedwayr-15-32-c2,"0,1349903093339364",
2025-07-25T14:05:22.5891660+03:00,A80000000000000000000000,,1,-70,"865,7",Speedwayr-15-32-c2,"1,3437671701878218",
2025-07-25T14:05:22.6026390+03:00,A20000000000000000000000,,1,"-56,5","865,7",Speedwayr-15-32-c2,"1,1535535524900022",
2025-07-25T14:05:22.6051590+03:00,A30000000000000000000000,,1,-63,"865,7",Speedwayr-15-32-c2,"3,810408277107933",
2025-07-25T14:05:22.6071410+03:00,A40000000000000000000000,,1,"-64,5","865,7",Speedwayr-15-32-c2,"4,301282129231338",
2025-07-25T14:05:22.6087610+03:00,A70000000000000000000000,,1,"-65,5","865,7",Speedwayr-15-32-c2,"0,9878836273983529",
2025-07-25T14:05:22.6106860+03:00,A60000000000000000000000,,1,-64,"865,7",Speedwayr-15-32-c2,0,
2025-07-25T14:05:22.7433380+03:00,A20000000000000000000000,,1,"-56,5","865,7",Speedwayr-15-32-c2,"1,239456476611598",
2025-07-25T14:05:22.7449530+03:00,A30000000000000000000000,,1,-63,"865,7",Speedwayr-15-32-c2,"3,859495662320273",
2025-07-25T14:05:22.7479480+03:00,A70000000000000000000000,,1,-65,"865,7",Speedwayr-15-32-c2,"1,3437671701878218",
2025-07-25T14:05:22.7504390+03:00,A40000000000000000000000,,1,"-64,5","865,7",Speedwayr-15-32-c2,"4,2031073588066565",
2025-07-25T14:05:22.7516230+03:00,A60000000000000000000000,,1,"-64,5","865,7",Speedwayr-15-32-c2,"6,227961998815704",
2025-07-25T14:05:22.7610020+03:00,A80000000000000000000000,,1,"-71,5","865,7",Speedwayr-15-32-c2,"4,81056375080937",
2025-07-25T14:05:22.7673170+03:00,A60000000000000000000000,,1,-64,"865,7",Speedwayr-15-32-c2,"0,0674951546669682",
2025-07-25T14:05:22.7688880+03:00,A40000000000000000000000,,1,"-64,5","865,7",Speedwayr-15-32-c2,"4,184699589352029",
2025-07-25T14:05:22.7741710+03:00,A30000000000000000000000,,1,-63,"865,7",Speedwayr-15-32-c2,"3,9515345095934116",
2025-07-25T14:05:22.7754680+03:00,A20000000000000000000000,,1,"-57,5","865,7",Speedwayr-15-32-c2,"1,1290098598838318",
2025-07-25T14:05:22.7767780+03:00,A70000000000000000000000,,1,"-65,5","865,7",Speedwayr-15-32-c2,"1,1228739367322893",
2025-07-25T14:05:22.7904210+03:00,A80000000000000000000000,,1,-70,"865,7",Speedwayr-15-32-c2,"1,5033011721279284",
2025-07-25T14:05:22.8053350+03:00,A20000000000000000000000,,1,-57,"865,7",Speedwayr-15-32-c2,"1,2333205534600555",
2025-07-25T14:05:22.8066630+03:00,A60000000000000000000000,,1,"-63,5","865,7",Speedwayr-15-32-c2,"0,14726215563702155",
2025-07-25T14:05:22.8088070+03:00,A70000000000000000000000,,1,-65,"865,7",Speedwayr-15-32-c2,"1,1228739367322893",
2025-07-25T14:05:22.8101610+03:00,A40000000000000000000000,,1,-65,"865,7",Speedwayr-15-32-c2,"4,295146206079795",
2025-07-25T14:05:22.8119540+03:00,A30000000000000000000000,,1,-63,"865,7",Speedwayr-15-32-c2,"3,933126740138784",
2025-07-25T14:05:22.8216070+03:00,A80000000000000000000000,,1,-72,"865,7",Speedwayr-15-32-c2,"1,6352235198860934",
2025-07-25T14:05:22.8292450+03:00,A60000000000000000000000,,1,"-63,5","865,7",Speedwayr-15-32-c2,"0,1227184630308513",
2025-07-25T14:05:22.8333860+03:00,A40000000000000000000000,,1,-64,"865,7",Speedwayr-15-32-c2,"4,239922897715912",
2025-07-25T14:05:22.8347590+03:00,A20000000000000000000000,,1,"-56,5","865,7",Speedwayr-15-32-c2,"1,184233168247715",
2025-07-25T14:05:22.8370550+03:00,A30000000000000000000000,,1,-62,"865,7",Speedwayr-15-32-c2,"3,9392626632903265",
2025-07-25T14:05:22.8396880+03:00,A70000000000000000000000,,1,"-65,5","865,7",Speedwayr-15-32-c2,"1,0185632431560658",
2025-07-25T14:05:22.8432160+03:00,A80000000000000000000000,,1,"-65,5","865,7",Speedwayr-15-32-c2,"1,1474176293384597",
2025-07-25T14:05:22.8585410+03:00,A20000000000000000000000,,1,"-57,5","865,7",Speedwayr-15-32-c2,"1,1903690913992575",
2025-07-25T14:05:22.8597080+03:00,A70000000000000000000000,,1,-64,"865,7",Speedwayr-15-32-c2,"1,0492428589137786",
2025-07-25T14:05:22.8608640+03:00,A60000000000000000000000,,1,"-64,5","865,7",Speedwayr-15-32-c2,"0,09817477042468103",
2025-07-25T14:05:22.8619680+03:00,A40000000000000000000000,,1,"-63,5","865,7",Speedwayr-15-32-c2,"4,362641360746763",
2025-07-25T14:05:22.8630700+03:00,A30000000000000000000000,,1,-63,"865,7",Speedwayr-15-32-c2,"3,736777199289422",
2025-07-25T14:05:22.8820940+03:00,A30000000000000000000000,,1,"-62,5","865,7",Speedwayr-15-32-c2,"3,902447124381071",
2025-07-25T14:05:22.8831900+03:00,A70000000000000000000000,,1,-66,"865,7",Speedwayr-15-32-c2,"1,1290098598838318",
2025-07-25T14:05:22.8842990+03:00,A20000000000000000000000,,1,"-56,5","865,7",Speedwayr-15-32-c2,"1,2455923997631406",
2025-07-25T14:05:22.8900900+03:00,A60000000000000000000000,,1,"-64,5","865,7",Speedwayr-15-32-c2,"0,0674951546669682",
2025-07-25T14:05:22.9010560+03:00,A80000000000000000000000,,1,"-69,5","865,7",Speedwayr-15-32-c2,"1,552388557340269",
2025-07-25T14:05:22.9156550+03:00,A60000000000000000000000,,1,"-61,5","865,7",Speedwayr-15-32-c2,"0,07363107781851078",
2025-07-25T14:05:22.9178600+03:00,A70000000000000000000000,,1,-65,"865,7",Speedwayr-15-32-c2,"0,9878836273983529",
2025-07-25T14:05:22.9193140+03:00,A30000000000000000000000,,1,"-63,5","865,7",Speedwayr-15-32-c2,"3,9269908169872414",
2025-07-25T14:05:22.9203270+03:00,A20000000000000000000000,,1,-58,"865,7",Speedwayr-15-32-c2,"1,2087768608538851",
2025-07-25T14:05:22.9223930+03:00,A40000000000000000000000,,1,-65,"865,7",Speedwayr-15-32-c2,"4,313553975534423",
2025-07-25T14:05:22.9318060+03:00,A80000000000000000000000,,1,-71,"865,7",Speedwayr-15-32-c2,"1,2517283229146832",
2025-07-25T14:05:22.9447980+03:00,A20000000000000000000000,,1,"-57,5","865,7",Speedwayr-15-32-c2,"1,1780972450961724",
2025-07-25T14:05:22.9476640+03:00,A70000000000000000000000,,1,"-64,5","865,7",Speedwayr-15-32-c2,"1,282407938672396",
2025-07-25T14:05:22.9513240+03:00,A80000000000000000000000,,1,-70,"865,7",Speedwayr-15-32-c2,"6,14819499784565",
2025-07-25T14:05:22.9523630+03:00,A30000000000000000000000,,1,"-62,5","865,7",Speedwayr-15-32-c2,"3,877903431774901",
2025-07-25T14:05:22.9536340+03:00,A60000000000000000000000,,1,-64,"865,7",Speedwayr-15-32-c2,"0,1718058482431918",
2025-07-25T14:05:22.9555140+03:00,A40000000000000000000000,,1,-65,"865,7",Speedwayr-15-32-c2,"4,28287435977671",
2025-07-25T14:05:22.9699600+03:00,A20000000000000000000000,,1,"-56,5","865,7",Speedwayr-15-32-c2,"1,282407938672396",
2025-07-25T14:05:22.9710150+03:00,A40000000000000000000000,,1,-64,"865,7",Speedwayr-15-32-c2,"4,289010282928253",
2025-07-25T14:05:22.9734680+03:00,A70000000000000000000000,,1,"-64,5","865,7",Speedwayr-15-32-c2,"1,1903690913992575",
2025-07-25T14:05:22.9752630+03:00,A30000000000000000000000,,1,-63,"865,7",Speedwayr-15-32-c2,"3,6692820446224537",
2025-07-25T14:05:22.9788800+03:00,A60000000000000000000000,,1,-65,"865,7",Speedwayr-15-32-c2,"0,1227184630308513",
2025-07-25T14:05:23.0042170+03:00,A80000000000000000000000,,1,"-70,5","865,7",Speedwayr-15-32-c2,"4,853515212870168",
2025-07-25T14:05:23.0088860+03:00,A70000000000000000000000,,1,-65,"865,7",Speedwayr-15-32-c2,"1,2210487071569704",
2025-07-25T14:05:23.0115960+03:00,A20000000000000000000000,,1,"-57,5","865,7",Speedwayr-15-32-c2,"1,2640001692177683",
2025-07-25T14:05:23.0140230+03:00,A30000000000000000000000,,1,"-62,5","865,7",Speedwayr-15-32-c2,"3,9392626632903265",
2025-07-25T14:05:23.0172880+03:00,A40000000000000000000000,,1,"-65,5","865,7",Speedwayr-15-32-c2,"4,356505437595221",
2025-07-25T14:05:23.0189990+03:00,A60000000000000000000000,,1,"-64,5","865,7",Speedwayr-15-32-c2,"0,030679615757712823",
2025-07-25T14:05:23.0207850+03:00,A80000000000000000000000,,1,-72,"865,7",Speedwayr-15-32-c2,"1,576932249946439",
2025-07-25T14:05:23.0347500+03:00,A40000000000000000000000,,1,"-65,5","865,7",Speedwayr-15-32-c2,"4,546719055293041",
2025-07-25T14:05:23.0365570+03:00,A30000000000000000000000,,1,-62,"865,7",Speedwayr-15-32-c2,"3,9822141253511245",
2025-07-25T14:05:23.0384680+03:00,A20000000000000000000000,,1,"-57,5","865,7",Speedwayr-15-32-c2,"1,2578642460662257",
2025-07-25T14:05:23.0410300+03:00,A60000000000000000000000,,1,"-64,5","865,7",Speedwayr-15-32-c2,"0,21475731030398976",
2025-07-25T14:05:23.0421430+03:00,A70000000000000000000000,,1,"-64,5","865,7",Speedwayr-15-32-c2,"1,1351457830353744",
2025-07-25T14:05:23.0490170+03:00,A80000000000000000000000,,1,-71,"865,7",Speedwayr-15-32-c2,"1,368310862793992",
2025-07-25T14:05:23.0632290+03:00,A70000000000000000000000,,1,-64,"865,7",Speedwayr-15-32-c2,"1,2087768608538851",
2025-07-25T14:05:23.0643110+03:00,A40000000000000000000000,,1,"-64,5","865,7",Speedwayr-15-32-c2,"4,270602513473625",
2025-07-25T14:05:23.0665320+03:00,A30000000000000000000000,,1,-63,"865,7",Speedwayr-15-32-c2,"4,0128937411088375",
2025-07-25T14:05:23.0676180+03:00,A20000000000000000000000,,1,"-57,5","865,7",Speedwayr-15-32-c2,"1,2333205534600555",
2025-07-25T14:05:23.0718990+03:00,A60000000000000000000000,,1,-65,"865,7",Speedwayr-15-32-c2,"0,14112623248547898",
2025-07-25T14:05:23.0961510+03:00,A80000000000000000000000,,1,"-70,5","865,7",Speedwayr-15-32-c2,"4,724660826687775",
2025-07-25T14:05:23.0993270+03:00,A70000000000000000000000,,1,-65,"865,7",Speedwayr-15-32-c2,"1,2701360923693108",
2025-07-25T14:05:23.1024470+03:00,A20000000000000000000000,,1,"-57,5","865,7",Speedwayr-15-32-c2,"1,2885438618239387",
2025-07-25T14:05:23.1044440+03:00,A60000000000000000000000,,1,-64,"865,7",Speedwayr-15-32-c2,"0,19634954084936207",
2025-07-25T14:05:23.1070860+03:00,A30000000000000000000000,,1,"-62,5","865,7",Speedwayr-15-32-c2,"4,000621894805752",
2025-07-25T14:05:23.1088340+03:00,A40000000000000000000000,,1,"-64,5","865,7",Speedwayr-15-32-c2,"4,3503695144436785",
2025-07-25T14:05:23.1112070+03:00,A80000000000000000000000,,1,"-70,5","865,7",Speedwayr-15-32-c2,"1,6198837120072371",
2025-07-25T14:05:23.1233110+03:00,A70000000000000000000000,,1,-64,"865,7",Speedwayr-15-32-c2,"1,368310862793992",
2025-07-25T14:05:23.1251310+03:00,A40000000000000000000000,,1,"-63,5","865,7",Speedwayr-15-32-c2,"4,3933209765044765",
2025-07-25T14:05:23.1289440+03:00,A20000000000000000000000,,1,"-57,5","865,7",Speedwayr-15-32-c2,"1,2885438618239387",
2025-07-25T14:05:23.1304920+03:00,A60000000000000000000000,,1,-65,"865,7",Speedwayr-15-32-c2,"0,1718058482431918",
2025-07-25T14:05:23.1347930+03:00,A30000000000000000000000,,1,"-60,5","865,7",Speedwayr-15-32-c2,"3,9760782021995817",
2025-07-25T14:05:23.1432370+03:00,A80000000000000000000000,,1,"-67,5","865,7",Speedwayr-15-32-c2,"1,1106020904292042",
2025-07-25T14:05:23.1597710+03:00,A30000000000000000000000,,1,-63,"865,7",Speedwayr-15-32-c2,"4,0128937411088375",
2025-07-25T14:05:23.1608550+03:00,A20000000000000000000000,,1,-58,"865,7",Speedwayr-15-32-c2,"1,282407938672396",
2025-07-25T14:05:23.1637580+03:00,A60000000000000000000000,,1,"-64,5","865,7",Speedwayr-15-32-c2,"0,1227184630308513",
2025-07-25T14:05:23.1719410+03:00,A80000000000000000000000,,1,-72,"865,7",Speedwayr-15-32-c2,"4,813631712385142",
2025-07-25T14:05:23.1747190+03:00,A40000000000000000000000,,1,"-64,5","865,7",Speedwayr-15-32-c2,"1,260932207641997",
2025-07-25T14:05:23.1775420+03:00,A70000000000000000000000,,1,-65,"865,7",Speedwayr-15-32-c2,"4,399456899656019",
2025-07-25T14:05:23.1843570+03:00,A30000000000000000000000,,1,-63,"865,7",Speedwayr-15-32-c2,"4,09266074207889",
2025-07-25T14:05:23.1861390+03:00,A20000000000000000000000,,1,"-57,5","865,7",Speedwayr-15-32-c2,"1,2701360923693108",
2025-07-25T14:05:23.1883280+03:00,A40000000000000000000000,,1,-65,"865,7",Speedwayr-15-32-c2,"4,460816131171445",
2025-07-25T14:05:23.1893980+03:00,A70000000000000000000000,,1,-65,"865,7",Speedwayr-15-32-c2,"1,3499030933393643",
2025-07-25T14:05:23.1909790+03:00,A60000000000000000000000,,1,-65,"865,7",Speedwayr-15-32-c2,"0,25770877236478773",
2025-07-25T14:05:23.2122010+03:00,A80000000000000000000000,,1,-71,"865,7",Speedwayr-15-32-c2,"4,660233633596578",
2025-07-25T14:05:23.2201650+03:00,A20000000000000000000000,,1,"-57,5","865,7",Speedwayr-15-32-c2,"1,282407938672396",
2025-07-25T14:05:23.2231230+03:00,A40000000000000000000000,,1,-65,"865,7",Speedwayr-15-32-c2,"4,04357335686655",
2025-07-25T14:05:23.2248750+03:00,A60000000000000000000000,,1,"-64,5","865,7",Speedwayr-15-32-c2,"0,2270291566070749",
2025-07-25T14:05:23.2266010+03:00,A30000000000000000000000,,1,-62,"865,7",Speedwayr-15-32-c2,"4,061981126321178",
2025-07-25T14:05:23.2276270+03:00,A70000000000000000000000,,1,"-65,5","865,7",Speedwayr-15-32-c2,"1,2701360923693108",
2025-07-25T14:05:23.2393950+03:00,A80000000000000000000000,,1,"-71,5","865,7",Speedwayr-15-32-c2,"4,792155981354743",
2025-07-25T14:05:23.2490510+03:00,A40000000000000000000000,,1,-65,"865,7",Speedwayr-15-32-c2,"4,540583132141498",
2025-07-25T14:05:23.2506190+03:00,A70000000000000000000000,,1,-65,"865,7",Speedwayr-15-32-c2,"1,2087768608538851",
2025-07-25T14:05:23.2517530+03:00,A20000000000000000000000,,1,"-56,5","865,7",Speedwayr-15-32-c2,"1,3008157081270237",
2025-07-25T14:05:23.2565860+03:00,A30000000000000000000000,,1,"-62,5","865,7",Speedwayr-15-32-c2,"4,04357335686655",
2025-07-25T14:05:23.2579690+03:00,A60000000000000000000000,,1,"-64,5","865,7",Speedwayr-15-32-c2,"0,3190680038802134",
2025-07-25T14:05:23.2677260+03:00,A80000000000000000000000,,1,"-71,5","865,7",Speedwayr-15-32-c2,"4,767612288748572",
2025-07-25T14:05:23.2780910+03:00,A30000000000000000000000,,1,"-62,5","865,7",Speedwayr-15-32-c2,"4,178563666200486",
2025-07-25T14:05:23.2800680+03:00,A20000000000000000000000,,1,-57,"865,7",Speedwayr-15-32-c2,"1,2885438618239387",
2025-07-25T14:05:23.2813100+03:00,A60000000000000000000000,,1,-65,"865,7",Speedwayr-15-32-c2,"0,380427235395639",
2025-07-25T14:05:23.2824190+03:00,A40000000000000000000000,,1,"-64,5","865,7",Speedwayr-15-32-c2,"4,448544284868359",
2025-07-25T14:05:23.2834900+03:00,A70000000000000000000000,,1,-65,"865,7",Speedwayr-15-32-c2,"1,2455923997631406",
2025-07-25T14:05:23.2886110+03:00,A80000000000000000000000,,1,"-70,5","865,7",Speedwayr-15-32-c2,"1,4419419406125027",
2025-07-25T14:05:23.3007050+03:00,A30000000000000000000000,,1,-63,"865,7",Speedwayr-15-32-c2,"4,196971435655114",
2025-07-25T14:05:23.3060200+03:00,A60000000000000000000000,,1,"-64,5","865,7",Speedwayr-15-32-c2,"0,3374757733348411",
2025-07-25T14:05:23.3082670+03:00,A20000000000000000000000,,1,"-57,5","865,7",Speedwayr-15-32-c2,"1,282407938672396",
2025-07-25T14:05:23.3142000+03:00,A70000000000000000000000,,1,-65,"865,7",Speedwayr-15-32-c2,"4,387185053352934",
2025-07-25T14:05:23.3185130+03:00,A40000000000000000000000,,1,-65,"865,7",Speedwayr-15-32-c2,"1,2946797849754812",
2025-07-25T14:05:23.3233910+03:00,A80000000000000000000000,,1,-71,"865,7",Speedwayr-15-32-c2,"1,7671458676442586",
2025-07-25T14:05:23.3283800+03:00,A70000000000000000000000,,1,-65,"865,7",Speedwayr-15-32-c2,"1,3437671701878218",
2025-07-25T14:05:23.3301610+03:00,A30000000000000000000000,,1,"-63,5","865,7",Speedwayr-15-32-c2,"4,2031073588066565",
2025-07-25T14:05:23.3314690+03:00,A40000000000000000000000,,1,"-65,5","865,7",Speedwayr-15-32-c2,"4,503767593232243",
2025-07-25T14:05:23.3344560+03:00,A20000000000000000000000,,1,-58,"865,7",Speedwayr-15-32-c2,"1,3437671701878218",
2025-07-25T14:05:23.3370880+03:00,A60000000000000000000000,,1,-64,"865,7",Speedwayr-15-32-c2,"0,2638446955163303",
2025-07-25T14:05:23.3568710+03:00,A70000000000000000000000,,1,-64,"865,7",Speedwayr-15-32-c2,"1,2517283229146832",
2025-07-25T14:05:23.3612320+03:00,A20000000000000000000000,,1,-58,"865,7",Speedwayr-15-32-c2,"1,41126232485479",
2025-07-25T14:05:23.3625600+03:00,A60000000000000000000000,,1,-63,"865,7",Speedwayr-15-32-c2,"0,3313398501832985",
2025-07-25T14:05:23.3646920+03:00,A30000000000000000000000,,1,-63,"865,7",Speedwayr-15-32-c2,"4,1172044346850605",
2025-07-25T14:05:23.3658880+03:00,A40000000000000000000000,,1,"-64,5","865,7",Speedwayr-15-32-c2,"4,23378697456437",
2025-07-25T14:05:23.3816160+03:00,A30000000000000000000000,,1,-63,"865,7",Speedwayr-15-32-c2,"4,154019973594316",
2025-07-25T14:05:23.3865920+03:00,A70000000000000000000000,,1,-65,"865,7",Speedwayr-15-32-c2,"1,1290098598838318",
2025-07-25T14:05:23.3877270+03:00,A40000000000000000000000,,1,-66,"865,7",Speedwayr-15-32-c2,"4,454680208019902",
2025-07-25T14:05:23.3888150+03:00,A20000000000000000000000,,1,"-57,5","865,7",Speedwayr-15-32-c2,"1,3192234775816514",
2025-07-25T14:05:23.3912130+03:00,A80000000000000000000000,,1,"-68,5","865,7",Speedwayr-15-32-c2,"1,607611865704152",
2025-07-25T14:05:23.3971120+03:00,A60000000000000000000000,,1,"-64,5","865,7",Speedwayr-15-32-c2,"0,4356505437595221",
2025-07-25T14:05:23.4095710+03:00,A30000000000000000000000,,1,-63,"865,7",Speedwayr-15-32-c2,"4,154019973594316",
2025-07-25T14:05:23.4112970+03:00,A60000000000000000000000,,1,"-65,5","865,7",Speedwayr-15-32-c2,"0,25770877236478773",
2025-07-25T14:05:23.4138630+03:00,A20000000000000000000000,,1,-57,"865,7",Speedwayr-15-32-c2,"1,3192234775816514",
2025-07-25T14:05:23.4198260+03:00,A70000000000000000000000,,1,-64,"865,7",Speedwayr-15-32-c2,"1,3130875544301088",
2025-07-25T14:05:23.4223650+03:00,A40000000000000000000000,,1,"-65,5","865,7",Speedwayr-15-32-c2,"4,3503695144436785",
2025-07-25T14:05:23.4308000+03:00,A80000000000000000000000,,1,-70,"865,7",Speedwayr-15-32-c2,"1,5892040962495242",
2025-07-25T14:05:23.4451880+03:00,A20000000000000000000000,,1,"-57,5","865,7",Speedwayr-15-32-c2,"1,3744467859455345",
2025-07-25T14:05:23.4469810+03:00,A30000000000000000000000,,1,"-62,5","865,7",Speedwayr-15-32-c2,"4,227651051412827",
2025-07-25T14:05:23.4549730+03:00,A60000000000000000000000,,1,"-64,5","865,7",Speedwayr-15-32-c2,"0,3190680038802134",
2025-07-25T14:05:23.4628610+03:00,A80000000000000000000000,,1,"-70,5","865,7",Speedwayr-15-32-c2,"1,5493205957644975",
2025-07-25T14:05:23.4656000+03:00,A70000000000000000000000,,1,-65,"865,7",Speedwayr-15-32-c2,"1,1504855909142309",
2025-07-25T14:05:23.4691490+03:00,A40000000000000000000000,,1,-65,"865,7",Speedwayr-15-32-c2,"1,3314953238847365",
2025-07-25T14:05:23.4789270+03:00,A30000000000000000000000,,1,-63,"865,7",Speedwayr-15-32-c2,"4,23378697456437",
2025-07-25T14:05:23.4799830+03:00,A70000000000000000000000,,1,-65,"865,7",Speedwayr-15-32-c2,"1,239456476611598",
2025-07-25T14:05:23.4813370+03:00,A40000000000000000000000,,1,"-65,5","865,7",Speedwayr-15-32-c2,"4,552854978444583",
2025-07-25T14:05:23.4835910+03:00,A60000000000000000000000,,1,"-64,5","865,7",Speedwayr-15-32-c2,"0,36815538909255385",
2025-07-25T14:05:23.4846940+03:00,A20000000000000000000000,,1,-58,"865,7",Speedwayr-15-32-c2,"1,337631247036279",
2025-07-25T14:05:23.4994500+03:00,A80000000000000000000000,,1,-72,"865,7",Speedwayr-15-32-c2,"4,798291904506286",
2025-07-25T14:05:23.5093400+03:00,A70000000000000000000000,,1,-65,"865,7",Speedwayr-15-32-c2,"1,5953400194010667",
2025-07-25T14:05:23.5112380+03:00,A30000000000000000000000,,1,-63,"865,7",Speedwayr-15-32-c2,"4,295146206079795",
2025-07-25T14:05:23.5122790+03:00,A20000000000000000000000,,1,"-57,5","865,7",Speedwayr-15-32-c2,"1,5707963267948966",
2025-07-25T14:05:23.5150140+03:00,A40000000000000000000000,,1,-65,"865,7",Speedwayr-15-32-c2,"4,473087977474529",
2025-07-25T14:05:23.5186120+03:00,A60000000000000000000000,,1,"-65,5","865,7",Speedwayr-15-32-c2,"0,1718058482431918",
2025-07-25T14:05:23.5307930+03:00,A80000000000000000000000,,1,-70,"865,7",Speedwayr-15-32-c2,"1,2026409377023426",
2025-07-25T14:05:23.5431160+03:00,A40000000000000000000000,,1,"-64,5","865,7",Speedwayr-15-32-c2,"3,9822141253511245",
2025-07-25T14:05:23.5455250+03:00,A20000000000000000000000,,1,-58,"865,7",Speedwayr-15-32-c2,"1,282407938672396",
2025-07-25T14:05:23.5468630+03:00,A60000000000000000000000,,1,-64,"865,7",Speedwayr-15-32-c2,"0,1595340019401067",
2025-07-25T14:05:23.5510370+03:00,A70000000000000000000000,,1,"-64,5","865,7",Speedwayr-15-32-c2,"1,2885438618239387",
2025-07-25T14:05:23.5523070+03:00,A30000000000000000000000,,1,-63,"865,7",Speedwayr-15-32-c2,"4,000621894805752",
2025-07-25T14:05:23.5590060+03:00,A80000000000000000000000,,1,"-71,5","865,7",Speedwayr-15-32-c2,"1,705786636128833",
2025-07-25T14:05:23.5677200+03:00,A30000000000000000000000,,1,"-62,5","865,7",Speedwayr-15-32-c2,"4,1601558967458585",
2025-07-25T14:05:23.5708080+03:00,A20000000000000000000000,,1,-57,"865,7",Speedwayr-15-32-c2,"1,3621749396424494",
2025-07-25T14:05:23.5722500+03:00,A70000000000000000000000,,1,"-64,5","865,7",Speedwayr-15-32-c2,"1,4173982480063325",
2025-07-25T14:05:23.5773950+03:00,A40000000000000000000000,,1,"-65,5","865,7",Speedwayr-15-32-c2,"4,301282129231338",
2025-07-25T14:05:23.5787590+03:00,A60000000000000000000000,,1,"-63,5","865,7",Speedwayr-15-32-c2,"0,3865631585471816",
2025-07-25T14:05:23.5854180+03:00,A80000000000000000000000,,1,-69,"865,7",Speedwayr-15-32-c2,"1,8530487917658545",
2025-07-25T14:05:23.5975390+03:00,A30000000000000000000000,,1,"-62,5","865,7",Speedwayr-15-32-c2,"4,190835512503572",
2025-07-25T14:05:23.6047670+03:00,A20000000000000000000000,,1,"-57,5","865,7",Speedwayr-15-32-c2,"1,41126232485479",
2025-07-25T14:05:23.6061930+03:00,A60000000000000000000000,,1,"-63,5","865,7",Speedwayr-15-32-c2,"0,4111068511533518",
2025-07-25T14:05:23.6074060+03:00,A70000000000000000000000,,1,"-63,5","865,7",Speedwayr-15-32-c2,"1,3314953238847365",
2025-07-25T14:05:23.6084610+03:00,A40000000000000000000000,,1,"-65,5","865,7",Speedwayr-15-32-c2,"4,289010282928253",
2025-07-25T14:05:23.6220260+03:00,A30000000000000000000000,,1,"-62,5","865,7",Speedwayr-15-32-c2,"4,411728745959104",
2025-07-25T14:05:23.6244490+03:00,A20000000000000000000000,,1,"-57,5","865,7",Speedwayr-15-32-c2,"1,3314953238847365",
2025-07-25T14:05:23.6264430+03:00,A40000000000000000000000,,1,-65,"865,7",Speedwayr-15-32-c2,"4,902602598082509",
2025-07-25T14:05:23.6278980+03:00,A70000000000000000000000,,1,-65,"865,7",Speedwayr-15-32-c2,"1,325359400733194",
2025-07-25T14:05:23.6295550+03:00,A60000000000000000000000,,1,-63,"865,7",Speedwayr-15-32-c2,"0,380427235395639",
2025-07-25T14:05:23.6526320+03:00,A40000000000000000000000,,1,"-64,5","865,7",Speedwayr-15-32-c2,"4,718524903536232",
2025-07-25T14:05:23.6537590+03:00,A20000000000000000000000,,1,"-57,5","865,7",Speedwayr-15-32-c2,"1,423534171157875",
2025-07-25T14:05:23.6582600+03:00,A70000000000000000000000,,1,-65,"865,7",Speedwayr-15-32-c2,"1,337631247036279",
2025-07-25T14:05:23.6594460+03:00,A60000000000000000000000,,1,"-64,5","865,7",Speedwayr-15-32-c2,"0,619728238305799",
2025-07-25T14:05:23.6610100+03:00,A30000000000000000000000,,1,-63,"865,7",Speedwayr-15-32-c2,"4,23378697456437",
2025-07-25T14:05:23.6800410+03:00,A20000000000000000000000,,1,"-57,5","865,7",Speedwayr-15-32-c2,"1,3867186322486196",
2025-07-25T14:05:23.6813420+03:00,A30000000000000000000000,,1,"-63,5","865,7",Speedwayr-15-32-c2,"4,276738436625168",
2025-07-25T14:05:23.6846190+03:00,A70000000000000000000000,,1,-65,"865,7",Speedwayr-15-32-c2,"1,4848934026733007",
2025-07-25T14:05:23.6857290+03:00,A60000000000000000000000,,1,"-64,5","865,7",Speedwayr-15-32-c2,"0,3865631585471816",
2025-07-25T14:05:23.6886730+03:00,A40000000000000000000000,,1,"-64,5","865,7",Speedwayr-15-32-c2,"4,485359823777615",
2025-07-25T14:05:23.6923660+03:00,A80000000000000000000000,,1,"-68,5","865,7",Speedwayr-15-32-c2,"1,3314953238847365",
2025-07-25T14:05:23.7051300+03:00,A70000000000000000000000,,1,-64,"865,7",Speedwayr-15-32-c2,"1,423534171157875",
2025-07-25T14:05:23.7071290+03:00,A20000000000000000000000,,1,-57,"865,7",Speedwayr-15-32-c2,"1,3499030933393643",
2025-07-25T14:05:23.7108440+03:00,A60000000000000000000000,,1,"-64,5","865,7",Speedwayr-15-32-c2,"0,4356505437595221",
2025-07-25T14:05:23.7130180+03:00,A30000000000000000000000,,1,-63,"865,7",Speedwayr-15-32-c2,"4,196971435655114",
2025-07-25T14:05:23.7182810+03:00,A40000000000000000000000,,1,"-64,5","865,7",Speedwayr-15-32-c2,"4,792155981354743",
2025-07-25T14:05:23.7314150+03:00,A80000000000000000000000,,1,"-71,5","865,7",Speedwayr-15-32-c2,"4,859651136021712",
2025-07-25T14:05:23.7400020+03:00,A40000000000000000000000,,1,"-65,5","865,7",Speedwayr-15-32-c2,"4,466952054322987",
2025-07-25T14:05:23.7414710+03:00,A30000000000000000000000,,1,-63,"865,7",Speedwayr-15-32-c2,"4,3074180523828804",
2025-07-25T14:05:23.7428330+03:00,A20000000000000000000000,,1,"-57,5","865,7",Speedwayr-15-32-c2,"1,3744467859455345",
2025-07-25T14:05:23.7453000+03:00,A70000000000000000000000,,1,-64,"865,7",Speedwayr-15-32-c2,"1,4296700943094176",
2025-07-25T14:05:23.7471050+03:00,A60000000000000000000000,,1,-64,"865,7",Speedwayr-15-32-c2,"0,5645049299419159",
2025-07-25T14:05:23.7615310+03:00,A80000000000000000000000,,1,"-71,5","865,7",Speedwayr-15-32-c2,"4,979301637476791",
2025-07-25T14:05:23.7677900+03:00,A30000000000000000000000,,1,"-62,5","865,7",Speedwayr-15-32-c2,"4,25833066717054",
2025-07-25T14:05:23.7691890+03:00,A40000000000000000000000,,1,"-64,5","865,7",Speedwayr-15-32-c2,"4,657165672020807",
2025-07-25T14:05:23.7706110+03:00,A20000000000000000000000,,1,-57,"865,7",Speedwayr-15-32-c2,"1,3928545554001621",
2025-07-25T14:05:23.7716820+03:00,A70000000000000000000000,,1,-64,"865,7",Speedwayr-15-32-c2,"1,2885438618239387",
2025-07-25T14:05:23.7741960+03:00,A60000000000000000000000,,1,"-62,5","865,7",Speedwayr-15-32-c2,"0,4172427743048944",
2025-07-25T14:05:23.7803300+03:00,A80000000000000000000000,,1,-70,"865,7",Speedwayr-15-32-c2,"1,6873788666742053",
2025-07-25T14:05:23.7958680+03:00,A70000000000000000000000,,1,-65,"865,7",Speedwayr-15-32-c2,"1,3130875544301088",
2025-07-25T14:05:23.7973090+03:00,A30000000000000000000000,,1,"-62,5","865,7",Speedwayr-15-32-c2,"4,2031073588066565",
2025-07-25T14:05:23.7986590+03:00,A20000000000000000000000,,1,"-57,5","865,7",Speedwayr-15-32-c2,"1,3621749396424494",
2025-07-25T14:05:23.8002540+03:00,A60000000000000000000000,,1,"-64,5","865,7",Speedwayr-15-32-c2,"0,44178646691106466",
2025-07-25T14:05:23.8016160+03:00,A40000000000000000000000,,1,-64,"865,7",Speedwayr-15-32-c2,"4,466952054322987",
2025-07-25T14:05:23.8054280+03:00,A80000000000000000000000,,1,-69,"865,7",Speedwayr-15-32-c2,"1,552388557340269",
2025-07-25T14:05:23.8171900+03:00,A70000000000000000000000,,1,"-65,5","865,7",Speedwayr-15-32-c2,"1,3560390164909069",
2025-07-25T14:05:23.8198990+03:00,A20000000000000000000000,,1,"-58,5","865,7",Speedwayr-15-32-c2,"1,4910293258248433",
2025-07-25T14:05:23.8229360+03:00,A30000000000000000000000,,1,"-62,5","865,7",Speedwayr-15-32-c2,"4,405592822807561",
2025-07-25T14:05:23.8254550+03:00,A40000000000000000000000,,1,-65,"865,7",Speedwayr-15-32-c2,"4,700117134081604",
2025-07-25T14:05:23.8265480+03:00,A60000000000000000000000,,1,"-63,5","865,7",Speedwayr-15-32-c2,"0,44178646691106466",
2025-07-25T14:05:23.8298140+03:00,A80000000000000000000000,,1,"-66,5","865,7",Speedwayr-15-32-c2,"1,7855536370988863",
2025-07-25T14:05:23.8438820+03:00,A20000000000000000000000,,1,-57,"865,7",Speedwayr-15-32-c2,"1,3989904785517047",
2025-07-25T14:05:23.8454520+03:00,A30000000000000000000000,,1,-62,"865,7",Speedwayr-15-32-c2,"4,344233591292136",
2025-07-25T14:05:23.8476480+03:00,A40000000000000000000000,,1,"-63,5","865,7",Speedwayr-15-32-c2,"4,681709364626977",
2025-07-25T14:05:23.8489710+03:00,A70000000000000000000000,,1,-65,"865,7",Speedwayr-15-32-c2,"1,3744467859455345",
2025-07-25T14:05:23.8517420+03:00,A60000000000000000000000,,1,"-64,5","865,7",Speedwayr-15-32-c2,"0,4724660826687775",
2025-07-25T14:05:23.8632010+03:00,A80000000000000000000000,,1,-71,"865,7",Speedwayr-15-32-c2,"1,8561167533416258",
2025-07-25T14:05:23.8677700+03:00,A20000000000000000000000,,1,-57,"865,7",Speedwayr-15-32-c2,"1,4419419406125027",
2025-07-25T14:05:23.8706490+03:00,A70000000000000000000000,,1,"-64,5","865,7",Speedwayr-15-32-c2,"1,4051264017032472",
2025-07-25T14:05:23.8717500+03:00,A30000000000000000000000,,1,-63,"865,7",Speedwayr-15-32-c2,"4,430136515413731",
2025-07-25T14:05:23.8735870+03:00,A60000000000000000000000,,1,-65,"865,7",Speedwayr-15-32-c2,"0,2761165418194154",
2025-07-25T14:05:23.8746860+03:00,A40000000000000000000000,,1,-63,"865,7",Speedwayr-15-32-c2,"4,8351074434155406",
2025-07-25T14:05:23.8970290+03:00,A60000000000000000000000,,1,-64,"865,7",Speedwayr-15-32-c2,"0,36815538909255385",
2025-07-25T14:05:23.8996390+03:00,A40000000000000000000000,,1,-65,"865,7",Speedwayr-15-32-c2,"4,6448938257177215",
2025-07-25T14:05:23.9010950+03:00,A70000000000000000000000,,1,-65,"865,7",Speedwayr-15-32-c2,"1,3989904785517047",
2025-07-25T14:05:23.9021800+03:00,A30000000000000000000000,,1,"-63,5","865,7",Speedwayr-15-32-c2,"4,558990901596125",
2025-07-25T14:05:23.9042690+03:00,A20000000000000000000000,,1,-57,"865,7",Speedwayr-15-32-c2,"1,4358060174609601",
2025-07-25T14:05:23.9082570+03:00,A80000000000000000000000,,1,"-70,5","865,7",Speedwayr-15-32-c2,"1,8653206380689396",
2025-07-25T14:05:23.9202310+03:00,A60000000000000000000000,,1,-64,"865,7",Speedwayr-15-32-c2,"0,42337869745643697",
2025-07-25T14:05:23.9230080+03:00,A70000000000000000000000,,1,"-63,5","865,7",Speedwayr-15-32-c2,"1,3130875544301088",
2025-07-25T14:05:23.9243350+03:00,A30000000000000000000000,,1,-63,"865,7",Speedwayr-15-32-c2,"4,3503695144436785",
2025-07-25T14:05:23.9254040+03:00,A40000000000000000000000,,1,"-65,5","865,7",Speedwayr-15-32-c2,"4,718524903536232",
2025-07-25T14:05:23.9274950+03:00,A20000000000000000000000,,1,-56,"865,7",Speedwayr-15-32-c2,"1,423534171157875",
2025-07-25T14:05:23.9317510+03:00,A80000000000000000000000,,1,-68,"865,7",Speedwayr-15-32-c2,"1,7119225592803755",
2025-07-25T14:05:23.9477350+03:00,A40000000000000000000000,,1,"-64,5","865,7",Speedwayr-15-32-c2,"4,577398671050753",
2025-07-25T14:05:23.9492230+03:00,A60000000000000000000000,,1,"-64,5","865,7",Speedwayr-15-32-c2,"0,5031456984264903",
2025-07-25T14:05:23.9502920+03:00,A20000000000000000000000,,1,-58,"865,7",Speedwayr-15-32-c2,"1,4419419406125027",
2025-07-25T14:05:23.9519040+03:00,A70000000000000000000000,,1,-64,"865,7",Speedwayr-15-32-c2,"1,3867186322486196",
2025-07-25T14:05:23.9532530+03:00,A30000000000000000000000,,1,"-63,5","865,7",Speedwayr-15-32-c2,"4,442408361716817",
2025-07-25T14:05:23.9743940+03:00,A60000000000000000000000,,1,"-63,5","865,7",Speedwayr-15-32-c2,"0,4540583132141498",
2025-07-25T14:05:23.9771950+03:00,A30000000000000000000000,,1,-63,"865,7",Speedwayr-15-32-c2,"4,344233591292136",
2025-07-25T14:05:23.9783200+03:00,A70000000000000000000000,,1,-65,"865,7",Speedwayr-15-32-c2,"1,3560390164909069",
2025-07-25T14:05:23.9794060+03:00,A20000000000000000000000,,1,-58,"865,7",Speedwayr-15-32-c2,"1,4358060174609601",
2025-07-25T14:05:23.9813690+03:00,A80000000000000000000000,,1,"-68,5","865,7",Speedwayr-15-32-c2,"2,018718716857504",
2025-07-25T14:05:24.0001040+03:00,A60000000000000000000000,,1,-65,"865,7",Speedwayr-15-32-c2,"0,4479223900626072",
2025-07-25T14:05:24.0011880+03:00,A30000000000000000000000,,1,-63,"865,7",Speedwayr-15-32-c2,"4,301282129231338",
2025-07-25T14:05:24.0028150+03:00,A70000000000000000000000,,1,"-63,5","865,7",Speedwayr-15-32-c2,"1,3314953238847365",
2025-07-25T14:05:24.0044190+03:00,A20000000000000000000000,,1,-58,"865,7",Speedwayr-15-32-c2,"1,4910293258248433",
2025-07-25T14:05:24.0056030+03:00,A40000000000000000000000,,1,"-65,5","865,7",Speedwayr-15-32-c2,"4,706253057233147",
2025-07-25T14:05:24.0239060+03:00,A80000000000000000000000,,1,"-70,5","865,7",Speedwayr-15-32-c2,"4,8351074434155406",
2025-07-25T14:05:24.0365450+03:00,A70000000000000000000000,,1,"-63,5","865,7",Speedwayr-15-32-c2,"1,5155730184310134",
2025-07-25T14:05:24.0390660+03:00,A30000000000000000000000,,1,"-63,5","865,7",Speedwayr-15-32-c2,"4,454680208019902",
2025-07-25T14:05:24.0428250+03:00,A60000000000000000000000,,1,"-63,5","865,7",Speedwayr-15-32-c2,"0,3988350048502667",
2025-07-25T14:05:24.0440100+03:00,A20000000000000000000000,,1,-58,"865,7",Speedwayr-15-32-c2,"1,4419419406125027",
2025-07-25T14:05:24.0456260+03:00,A40000000000000000000000,,1,"-64,5","865,7",Speedwayr-15-32-c2,"4,841243366567084",
2025-07-25T14:05:24.0617940+03:00,A80000000000000000000000,,1,-72,"865,7",Speedwayr-15-32-c2,"5,0958841773561",
2025-07-25T14:05:24.0702060+03:00,A20000000000000000000000,,1,-59,"865,7",Speedwayr-15-32-c2,"1,4664856332186729",
2025-07-25T14:05:24.0714200+03:00,A30000000000000000000000,,1,"-62,5","865,7",Speedwayr-15-32-c2,"4,430136515413731",
2025-07-25T14:05:24.0724900+03:00,A70000000000000000000000,,1,-65,"865,7",Speedwayr-15-32-c2,"1,2762720155208536",
2025-07-25T14:05:24.0779540+03:00,A60000000000000000000000,,1,"-64,5","865,7",Speedwayr-15-32-c2,"0,4172427743048944",
2025-07-25T14:05:24.0809560+03:00,A80000000000000000000000,,1,-71,"865,7",Speedwayr-15-32-c2,"1,7426021750380885",
2025-07-25T14:05:24.0951690+03:00,A20000000000000000000000,,1,-57,"865,7",Speedwayr-15-32-c2,"1,5033011721279284",
2025-07-25T14:05:24.0988880+03:00,A30000000000000000000000,,1,-63,"865,7",Speedwayr-15-32-c2,"4,558990901596125",
2025-07-25T14:05:24.0999850+03:00,A70000000000000000000000,,1,"-65,5","865,7",Speedwayr-15-32-c2,"1,2885438618239387",
2025-07-25T14:05:24.1022640+03:00,A60000000000000000000000,,1,"-63,5","865,7",Speedwayr-15-32-c2,"0,30066023442558565",
2025-07-25T14:05:24.1042960+03:00,A40000000000000000000000,,1,"-64,5","865,7",Speedwayr-15-32-c2,"4,7307967498393175",
2025-07-25T14:05:24.1112020+03:00,A80000000000000000000000,,1,"-69,5","865,7",Speedwayr-15-32-c2,"1,736466251886546",
2025-07-25T14:05:24.1274020+03:00,A20000000000000000000000,,1,-58,"865,7",Speedwayr-15-32-c2,"1,521708941582556",
2025-07-25T14:05:24.1288790+03:00,A40000000000000000000000,,1,"-64,5","865,7",Speedwayr-15-32-c2,"4,706253057233147",
2025-07-25T14:05:24.1300050+03:00,A70000000000000000000000,,1,"-64,5","865,7",Speedwayr-15-32-c2,"1,282407938672396",
2025-07-25T14:05:24.1317500+03:00,A30000000000000000000000,,1,"-63,5","865,7",Speedwayr-15-32-c2,"4,215379205109742",
2025-07-25T14:05:24.1357810+03:00,A60000000000000000000000,,1,"-64,5","865,7",Speedwayr-15-32-c2,"0,3313398501832985",
2025-07-25T14:05:24.1427140+03:00,A80000000000000000000000,,1,"-71,5","865,7",Speedwayr-15-32-c2,"1,902136176978195",
2025-07-25T14:05:24.1545200+03:00,A20000000000000000000000,,1,"-57,5","865,7",Speedwayr-15-32-c2,"1,533980787885641",
2025-07-25T14:05:24.1572970+03:00,A70000000000000000000000,,1,-65,"865,7",Speedwayr-15-32-c2,"1,41126232485479",
2025-07-25T14:05:24.1586380+03:00,A60000000000000000000000,,1,"-63,5","865,7",Speedwayr-15-32-c2,"0,3374757733348411",
2025-07-25T14:05:24.1599470+03:00,A40000000000000000000000,,1,-66,"865,7",Speedwayr-15-32-c2,"4,6878452877785195",
2025-07-25T14:05:24.1617300+03:00,A30000000000000000000000,,1,"-62,5","865,7",Speedwayr-15-32-c2,"4,669437518323892",
2025-07-25T14:05:24.1771040+03:00,A80000000000000000000000,,1,"-71,5","865,7",Speedwayr-15-32-c2,"1,662835174068035",
2025-07-25T14:05:24.1888400+03:00,A60000000000000000000000,,1,"-63,5","865,7",Speedwayr-15-32-c2,"0,4049709280018093",
2025-07-25T14:05:24.1907200+03:00,A20000000000000000000000,,1,-57,"865,7",Speedwayr-15-32-c2,"1,423534171157875",
2025-07-25T14:05:24.1941290+03:00,A70000000000000000000000,,1,-63,"865,7",Speedwayr-15-32-c2,"1,3928545554001621",
2025-07-25T14:05:24.1961510+03:00,A40000000000000000000000,,1,"-65,5","865,7",Speedwayr-15-32-c2,"5,3198453723874035",
2025-07-25T14:05:24.1974320+03:00,A30000000000000000000000,,1,-63,"865,7",Speedwayr-15-32-c2,"4,374913207049849",
2025-07-25T14:05:24.2005180+03:00,A80000000000000000000000,,1,-67,"865,7",Speedwayr-15-32-c2,"1,6873788666742053",
2025-07-25T14:05:24.2153530+03:00,A40000000000000000000000,,1,"-64,5","865,7",Speedwayr-15-32-c2,"4,620350133111551",
2025-07-25T14:05:24.2164650+03:00,A60000000000000000000000,,1,"-63,5","865,7",Speedwayr-15-32-c2,"0,28838838812250056",
2025-07-25T14:05:24.2197440+03:00,A70000000000000000000000,,1,"-65,5","865,7",Speedwayr-15-32-c2,"1,4173982480063325",
2025-07-25T14:05:24.2223310+03:00,A20000000000000000000000,,1,"-58,5","865,7",Speedwayr-15-32-c2,"1,5033011721279284",
2025-07-25T14:05:24.2251460+03:00,A30000000000000000000000,,1,"-63,5","865,7",Speedwayr-15-32-c2,"4,626486056263094",
2025-07-25T14:05:24.2294700+03:00,A80000000000000000000000,,1,-70,"865,7",Speedwayr-15-32-c2,"1,88986433067511",
2025-07-25T14:05:24.2438640+03:00,A40000000000000000000000,,1,"-65,5","865,7",Speedwayr-15-32-c2,"4,632621979414636",
2025-07-25T14:05:24.2454320+03:00,A20000000000000000000000,,1,"-58,5","865,7",Speedwayr-15-32-c2,"1,533980787885641",
2025-07-25T14:05:24.2470160+03:00,A70000000000000000000000,,1,-65,"865,7",Speedwayr-15-32-c2,"1,1719613219446299",
2025-07-25T14:05:24.2491400+03:00,A60000000000000000000000,,1,-64,"865,7",Speedwayr-15-32-c2,"0,35588354278946877",
2025-07-25T14:05:24.2509380+03:00,A30000000000000000000000,,1,-63,"865,7",Speedwayr-15-32-c2,"4,6878452877785195",
2025-07-25T14:05:24.2743410+03:00,A80000000000000000000000,,1,-71,"865,7",Speedwayr-15-32-c2,"1,5278448647340985",
2025-07-25T14:05:24.2806440+03:00,A60000000000000000000000,,1,"-63,5","865,7",Speedwayr-15-32-c2,"0,3436116964863836",
2025-07-25T14:05:24.2840160+03:00,A70000000000000000000000,,1,-65,"865,7",Speedwayr-15-32-c2,"1,2762720155208536",
2025-07-25T14:05:24.2852160+03:00,A30000000000000000000000,,1,-63,"865,7",Speedwayr-15-32-c2,"4,4976316700806995",
2025-07-25T14:05:24.2863500+03:00,A20000000000000000000000,,1,"-57,5","865,7",Speedwayr-15-32-c2,"1,5278448647340985",
2025-07-25T14:05:24.2900120+03:00,A40000000000000000000000,,1,-64,"865,7",Speedwayr-15-32-c2,"4,798291904506286",
2025-07-25T14:05:24.3145570+03:00,A80000000000000000000000,,1,"-69,5","865,7",Speedwayr-15-32-c2,"4,773748211900116",
2025-07-25T14:05:24.3203650+03:00,A20000000000000000000000,,1,"-57,5","865,7",Speedwayr-15-32-c2,"1,5278448647340985",
2025-07-25T14:05:24.3225660+03:00,A60000000000000000000000,,1,-63,"865,7",Speedwayr-15-32-c2,"0,35588354278946877",
2025-07-25T14:05:24.3236200+03:00,A70000000000000000000000,,1,-64,"865,7",Speedwayr-15-32-c2,"1,2762720155208536",
2025-07-25T14:05:24.3251860+03:00,A40000000000000000000000,,1,"-64,5","865,7",Speedwayr-15-32-c2,"4,6448938257177215",
2025-07-25T14:05:24.3265130+03:00,A30000000000000000000000,,1,-63,"865,7",Speedwayr-15-32-c2,"4,417864669110647",
2025-07-25T14:05:24.3535210+03:00,A20000000000000000000000,,1,-59,"865,7",Speedwayr-15-32-c2,"1,41126232485479",
2025-07-25T14:05:24.3589140+03:00,A30000000000000000000000,,1,"-63,5","865,7",Speedwayr-15-32-c2,"4,706253057233147",
2025-07-25T14:05:24.3604030+03:00,A40000000000000000000000,,1,-65,"865,7",Speedwayr-15-32-c2,"4,565126824747668",
2025-07-25T14:05:24.3635290+03:00,A60000000000000000000000,,1,"-64,5","865,7",Speedwayr-15-32-c2,"0,1902136176978195",
2025-07-25T14:05:24.3646260+03:00,A70000000000000000000000,,1,-65,"865,7",Speedwayr-15-32-c2,"1,239456476611598",
2025-07-25T14:05:24.3810680+03:00,A80000000000000000000000,,1,-72,"865,7",Speedwayr-15-32-c2,"1,6996507129772904",
2025-07-25T14:05:24.3893230+03:00,A20000000000000000000000,,1,-59,"865,7",Speedwayr-15-32-c2,"1,4173982480063325",
2025-07-25T14:05:24.3904450+03:00,A70000000000000000000000,,1,"-64,5","865,7",Speedwayr-15-32-c2,"1,3069516312785663",
2025-07-25T14:05:24.3920290+03:00,A40000000000000000000000,,1,"-65,5","865,7",Speedwayr-15-32-c2,"4,608078286808466",
2025-07-25T14:05:24.3935960+03:00,A30000000000000000000000,,1,"-63,5","865,7",Speedwayr-15-32-c2,"4,387185053352934",
2025-07-25T14:05:24.3968450+03:00,A60000000000000000000000,,1,"-63,5","865,7",Speedwayr-15-32-c2,"0,12885438618239387",
2025-07-25T14:05:24.3986180+03:00,A80000000000000000000000,,1,-71,"865,7",Speedwayr-15-32-c2,"1,6382914814618648",
2025-07-25T14:05:24.4115840+03:00,A70000000000000000000000,,1,"-65,5","865,7",Speedwayr-15-32-c2,"1,3744467859455345",
2025-07-25T14:05:24.4165270+03:00,A20000000000000000000000,,1,"-58,5","865,7",Speedwayr-15-32-c2,"1,4051264017032472",
2025-07-25T14:05:24.4181250+03:00,A30000000000000000000000,,1,"-63,5","865,7",Speedwayr-15-32-c2,"4,313553975534423",
2025-07-25T14:05:24.4193790+03:00,A40000000000000000000000,,1,-65,"865,7",Speedwayr-15-32-c2,"4,601942363656923",
2025-07-25T14:05:24.4204900+03:00,A60000000000000000000000,,1,-63,"865,7",Speedwayr-15-32-c2,"0,19634954084936207",
2025-07-25T14:05:24.4397030+03:00,A80000000000000000000000,,1,"-71,5","865,7",Speedwayr-15-32-c2,"4,773748211900116",
2025-07-25T14:05:24.4448460+03:00,A60000000000000000000000,,1,"-63,5","865,7",Speedwayr-15-32-c2,"6,234097921967246",
2025-07-25T14:05:24.4490720+03:00,A20000000000000000000000,,1,"-58,5","865,7",Speedwayr-15-32-c2,"1,423534171157875",
2025-07-25T14:05:24.4509880+03:00,A40000000000000000000000,,1,"-65,5","865,7",Speedwayr-15-32-c2,"4,509903516383785",
2025-07-25T14:05:24.4527030+03:00,A30000000000000000000000,,1,-63,"865,7",Speedwayr-15-32-c2,"4,4976316700806995",
2025-07-25T14:05:24.4579540+03:00,A70000000000000000000000,,1,-65,"865,7",Speedwayr-15-32-c2,"1,282407938672396",
2025-07-25T14:05:24.4716460+03:00,A80000000000000000000000,,1,"-71,5","865,7",Speedwayr-15-32-c2,"4,770680250324344",
2025-07-25T14:05:24.4799160+03:00,A40000000000000000000000,,1,-65,"865,7",Speedwayr-15-32-c2,"4,460816131171445",
2025-07-25T14:05:24.4814020+03:00,A60000000000000000000000,,1,"-64,5","865,7",Speedwayr-15-32-c2,"0,14112623248547898",
2025-07-25T14:05:24.4834590+03:00,A20000000000000000000000,,1,"-57,5","865,7",Speedwayr-15-32-c2,"1,4603497100671303",
2025-07-25T14:05:24.4848640+03:00,A70000000000000000000000,,1,-65,"865,7",Speedwayr-15-32-c2,"1,3069516312785663",
2025-07-25T14:05:24.4865950+03:00,A30000000000000000000000,,1,"-63,5","865,7",Speedwayr-15-32-c2,"4,270602513473625",
2025-07-25T14:05:24.4896000+03:00,A80000000000000000000000,,1,"-70,5","865,7",Speedwayr-15-32-c2,"1,6014759425526093",
2025-07-25T14:05:24.5039590+03:00,A20000000000000000000000,,1,-59,"865,7",Speedwayr-15-32-c2,"1,4542137869155878",
2025-07-25T14:05:24.5063420+03:00,A30000000000000000000000,,1,"-62,5","865,7",Speedwayr-15-32-c2,"4,1417481272912315",
2025-07-25T14:05:24.5083280+03:00,A60000000000000000000000,,1,"-64,5","865,7",Speedwayr-15-32-c2,"0,3988350048502667",
2025-07-25T14:05:24.5135870+03:00,A40000000000000000000000,,1,"-64,5","865,7",Speedwayr-15-32-c2,"4,565126824747668",
2025-07-25T14:05:24.5146850+03:00,A70000000000000000000000,,1,"-65,5","865,7",Speedwayr-15-32-c2,"1,2333205534600555",
2025-07-25T14:05:24.5176410+03:00,A80000000000000000000000,,1,"-65,5","865,7",Speedwayr-15-32-c2,"1,533980787885641",
2025-07-25T14:05:24.5305500+03:00,A70000000000000000000000,,1,-66,"865,7",Speedwayr-15-32-c2,"1,2455923997631406",
2025-07-25T14:05:24.5341420+03:00,A20000000000000000000000,,1,"-58,5","865,7",Speedwayr-15-32-c2,"1,380582709097077",
2025-07-25T14:05:24.5401710+03:00,A40000000000000000000000,,1,-66,"865,7",Speedwayr-15-32-c2,"4,516039439535327",
2025-07-25T14:05:24.5414950+03:00,A60000000000000000000000,,1,-65,"865,7",Speedwayr-15-32-c2,"0,0859029241215959",
2025-07-25T14:05:24.5432610+03:00,A30000000000000000000000,,1,-62,"865,7",Speedwayr-15-32-c2,"4,190835512503572",
2025-07-25T14:05:24.5520460+03:00,A80000000000000000000000,,1,-69,"865,7",Speedwayr-15-32-c2,"1,0676506283684062",
2025-07-25T14:05:24.5678930+03:00,A40000000000000000000000,,1,-65,"865,7",Speedwayr-15-32-c2,"4,448544284868359",
2025-07-25T14:05:24.5690290+03:00,A20000000000000000000000,,1,-58,"865,7",Speedwayr-15-32-c2,"1,3621749396424494",
2025-07-25T14:05:24.5701010+03:00,A70000000000000000000000,,1,-65,"865,7",Speedwayr-15-32-c2,"1,2701360923693108",
2025-07-25T14:05:24.5718980+03:00,A30000000000000000000000,,1,-63,"865,7",Speedwayr-15-32-c2,"4,270602513473625",
2025-07-25T14:05:24.5742980+03:00,A60000000000000000000000,,1,-64,"865,7",Speedwayr-15-32-c2,"0,23316507975861744",
2025-07-25T14:05:24.5824420+03:00,A80000000000000000000000,,1,-71,"865,7",Speedwayr-15-32-c2,"4,721592865112004",
2025-07-25T14:05:24.5915790+03:00,A70000000000000000000000,,1,-64,"865,7",Speedwayr-15-32-c2,"1,4542137869155878",
2025-07-25T14:05:24.5962440+03:00,A20000000000000000000000,,1,"-56,5","865,7",Speedwayr-15-32-c2,"1,2578642460662257",
2025-07-25T14:05:24.5981160+03:00,A60000000000000000000000,,1,-65,"865,7",Speedwayr-15-32-c2,"0,12885438618239387",
2025-07-25T14:05:24.6008270+03:00,A30000000000000000000000,,1,"-62,5","865,7",Speedwayr-15-32-c2,"4,135612204139688",
2025-07-25T14:05:24.6023330+03:00,A40000000000000000000000,,1,-64,"865,7",Speedwayr-15-32-c2,"3,9699422790480394",
2025-07-25T14:05:24.6046050+03:00,A80000000000000000000000,,1,"-69,5","865,7",Speedwayr-15-32-c2,"1,1228739367322893",
2025-07-25T14:05:24.6181450+03:00,A20000000000000000000000,,1,-59,"865,7",Speedwayr-15-32-c2,"1,3008157081270237",
2025-07-25T14:05:24.6217080+03:00,A40000000000000000000000,,1,"-65,5","865,7",Speedwayr-15-32-c2,"4,368777283898306",
2025-07-25T14:05:24.6258710+03:00,A60000000000000000000000,,1,"-61,5","865,7",Speedwayr-15-32-c2,"0,1043106935762236",
2025-07-25T14:05:24.6304830+03:00,A30000000000000000000000,,1,-63,"865,7",Speedwayr-15-32-c2,"4,074252972624263",
2025-07-25T14:05:24.6402840+03:00,A80000000000000000000000,,1,"-71,5","865,7",Speedwayr-15-32-c2,"2,0064468705544187",
2025-07-25T14:05:24.6524790+03:00,A30000000000000000000000,,1,-63,"865,7",Speedwayr-15-32-c2,"4,031301510563465",
2025-07-25T14:05:24.6587600+03:00,A60000000000000000000000,,1,-64,"865,7",Speedwayr-15-32-c2,"0,15339807878856412",
2025-07-25T14:05:24.6602220+03:00,A40000000000000000000000,,1,"-65,5","865,7",Speedwayr-15-32-c2,"4,246058820867455",
2025-07-25T14:05:24.6619170+03:00,A70000000000000000000000,,1,"-65,5","865,7",Speedwayr-15-32-c2,"1,1351457830353744",
2025-07-25T14:05:24.6632990+03:00,A20000000000000000000000,,1,-59,"865,7",Speedwayr-15-32-c2,"1,2578642460662257",
2025-07-25T14:05:24.6833030+03:00,A30000000000000000000000,,1,"-62,5","865,7",Speedwayr-15-32-c2,"4,074252972624263",
2025-07-25T14:05:24.6871630+03:00,A20000000000000000000000,,1,-58,"865,7",Speedwayr-15-32-c2,"1,1658253987930873",
2025-07-25T14:05:24.6884310+03:00,A60000000000000000000000,,1,"-64,5","865,7",Speedwayr-15-32-c2,"0,0674951546669682",
2025-07-25T14:05:24.6895630+03:00,A80000000000000000000000,,1,-68,"865,7",Speedwayr-15-32-c2,"1,4664856332186729",
2025-07-25T14:05:24.6906170+03:00,A70000000000000000000000,,1,"-66,5","865,7",Speedwayr-15-32-c2,"1,1535535524900022",
2025-07-25T14:05:24.6924700+03:00,A40000000000000000000000,,1,-65,"865,7",Speedwayr-15-32-c2,"4,546719055293041",
2025-07-25T14:05:24.7074520+03:00,A20000000000000000000000,,1,"-58,5","865,7",Speedwayr-15-32-c2,"1,1351457830353744",
2025-07-25T14:05:24.7088790+03:00,A40000000000000000000000,,1,-65,"865,7",Speedwayr-15-32-c2,"4,215379205109742",
2025-07-25T14:05:24.7111350+03:00,A30000000000000000000000,,1,"-63,5","865,7",Speedwayr-15-32-c2,"4,1172044346850605",
2025-07-25T14:05:24.7129120+03:00,A60000000000000000000000,,1,-63,"865,7",Speedwayr-15-32-c2,"0,05522330836388308",
2025-07-25T14:05:24.7192390+03:00,A70000000000000000000000,,1,-66,"865,7",Speedwayr-15-32-c2,"1,000155473701438",
2025-07-25T14:05:24.7207770+03:00,A80000000000000000000000,,1,-69,"865,7",Speedwayr-15-32-c2,"1,736466251886546",
2025-07-25T14:05:24.7369780+03:00,A40000000000000000000000,,1,"-65,5","865,7",Speedwayr-15-32-c2,"4,0987966652304335",
2025-07-25T14:05:24.7385330+03:00,A30000000000000000000000,,1,-63,"865,7",Speedwayr-15-32-c2,"4,025165587411922",
2025-07-25T14:05:24.7414120+03:00,A20000000000000000000000,,1,-59,"865,7",Speedwayr-15-32-c2,"1,1903690913992575",
2025-07-25T14:05:24.7429240+03:00,A60000000000000000000000,,1,-62,"865,7",Speedwayr-15-32-c2,"5,9518454569962875",
2025-07-25T14:05:24.7439790+03:00,A70000000000000000000000,,1,-66,"865,7",Speedwayr-15-32-c2,"1,141281706186917",
2025-07-25T14:05:24.7631760+03:00,A20000000000000000000000,,1,-59,"865,7",Speedwayr-15-32-c2,"1,030835089459151",
2025-07-25T14:05:24.7648990+03:00,A30000000000000000000000,,1,-64,"865,7",Speedwayr-15-32-c2,"4,080388895775806",
2025-07-25T14:05:24.7679270+03:00,A40000000000000000000000,,1,-65,"865,7",Speedwayr-15-32-c2,"4,178563666200486",
2025-07-25T14:05:24.7693730+03:00,A60000000000000000000000,,1,"-64,5","865,7",Speedwayr-15-32-c2,"6,240233845118788",
2025-07-25T14:05:24.7760730+03:00,A70000000000000000000000,,1,-66,"865,7",Speedwayr-15-32-c2,"1,141281706186917",
2025-07-25T14:05:24.7808840+03:00,A80000000000000000000000,,1,"-70,5","865,7",Speedwayr-15-32-c2,"1,423534171157875",
2025-07-25T14:05:24.7956360+03:00,A70000000000000000000000,,1,"-65,5","865,7",Speedwayr-15-32-c2,"1,2087768608538851",
2025-07-25T14:05:24.7977590+03:00,A30000000000000000000000,,1,"-63,5","865,7",Speedwayr-15-32-c2,"3,9269908169872414",
2025-07-25T14:05:24.7998000+03:00,A60000000000000000000000,,1,"-63,5","865,7",Speedwayr-15-32-c2,"6,215690152512618",
2025-07-25T14:05:24.8009590+03:00,A80000000000000000000000,,1,"-70,5","865,7",Speedwayr-15-32-c2,"1,2701360923693108",
2025-07-25T14:05:24.8020830+03:00,A20000000000000000000000,,1,-58,"865,7",Speedwayr-15-32-c2,"1,1535535524900022",
2025-07-25T14:05:24.8037920+03:00,A40000000000000000000000,,1,-63,"865,7",Speedwayr-15-32-c2,"4,104932588381976",
2025-07-25T14:05:24.8184350+03:00,A60000000000000000000000,,1,"-64,5","865,7",Speedwayr-15-32-c2,"6,2034183062095325",
2025-07-25T14:05:24.8195160+03:00,A70000000000000000000000,,1,"-65,5","865,7",Speedwayr-15-32-c2,"1,1658253987930873",
2025-07-25T14:05:24.8227940+03:00,A20000000000000000000000,,1,-59,"865,7",Speedwayr-15-32-c2,"1,043106935762236",
2025-07-25T14:05:24.8241370+03:00,A30000000000000000000000,,1,"-63,5","865,7",Speedwayr-15-32-c2,"3,9085830475326135",
2025-07-25T14:05:24.8251640+03:00,A40000000000000000000000,,1,-65,"865,7",Speedwayr-15-32-c2,"4,0128937411088375",
2025-07-25T14:05:24.8377350+03:00,A80000000000000000000000,,1,"-67,5","865,7",Speedwayr-15-32-c2,"1,184233168247715",
2025-07-25T14:05:24.8502930+03:00,A60000000000000000000000,,1,"-64,5","865,7",Speedwayr-15-32-c2,"6,056156150572511",
2025-07-25T14:05:24.8552000+03:00,A40000000000000000000000,,1,-65,"865,7",Speedwayr-15-32-c2,"4,1601558967458585",
2025-07-25T14:05:24.8563380+03:00,A20000000000000000000000,,1,-58,"865,7",Speedwayr-15-32-c2,"0,9510680884890975",
2025-07-25T14:05:24.8595990+03:00,A70000000000000000000000,,1,-66,"865,7",Speedwayr-15-32-c2,"1,0676506283684062",
2025-07-25T14:05:24.8606980+03:00,A30000000000000000000000,,1,-64,"865,7",Speedwayr-15-32-c2,"3,9576704327449543",
2025-07-25T14:05:24.8685060+03:00,A80000000000000000000000,,1,"-70,5","865,7",Speedwayr-15-32-c2,"1,4971652489763858",
2025-07-25T14:05:24.8829500+03:00,A30000000000000000000000,,1,-63,"865,7",Speedwayr-15-32-c2,"3,902447124381071",
2025-07-25T14:05:24.8844470+03:00,A60000000000000000000000,,1,"-63,5","865,7",Speedwayr-15-32-c2,"6,14819499784565",
2025-07-25T14:05:24.8873980+03:00,A20000000000000000000000,,1,-58,"865,7",Speedwayr-15-32-c2,"1,0246991663076084",
2025-07-25T14:05:24.8884820+03:00,A70000000000000000000000,,1,"-66,5","865,7",Speedwayr-15-32-c2,"1,043106935762236",
2025-07-25T14:05:24.8924300+03:00,A40000000000000000000000,,1,"-65,5","865,7",Speedwayr-15-32-c2,"4,28287435977671",
2025-07-25T14:05:24.9010890+03:00,A80000000000000000000000,,1,"-71,5","865,7",Speedwayr-15-32-c2,"4,491495746929157",
2025-07-25T14:05:24.9080230+03:00,A70000000000000000000000,,1,"-66,5","865,7",Speedwayr-15-32-c2,"1,1351457830353744",
2025-07-25T14:05:24.9095480+03:00,A30000000000000000000000,,1,-64,"865,7",Speedwayr-15-32-c2,"4,01902966426038",
2025-07-25T14:05:24.9108430+03:00,A40000000000000000000000,,1,"-65,5","865,7",Speedwayr-15-32-c2,"4,0128937411088375",
2025-07-25T14:05:24.9121830+03:00,A20000000000000000000000,,1,"-59,5","865,7",Speedwayr-15-32-c2,"0,9633399347921826",
2025-07-25T14:05:24.9168490+03:00,A60000000000000000000000,,1,-65,"865,7",Speedwayr-15-32-c2,"5,835262917116979",
2025-07-25T14:05:24.9296730+03:00,A80000000000000000000000,,1,"-72,5","865,7",Speedwayr-15-32-c2,"1,4603497100671303",
2025-07-25T14:05:24.9481570+03:00,A20000000000000000000000,,1,-58,"865,7",Speedwayr-15-32-c2,"0,9387962421860124",
2025-07-25T14:05:24.9496120+03:00,A60000000000000000000000,,1,"-62,5","865,7",Speedwayr-15-32-c2,"6,056156150572511",
2025-07-25T14:05:24.9507120+03:00,A30000000000000000000000,,1,"-63,5","865,7",Speedwayr-15-32-c2,"3,9392626632903265",
2025-07-25T14:05:24.9528040+03:00,A40000000000000000000000,,1,"-62,5","865,7",Speedwayr-15-32-c2,"3,9760782021995817",
2025-07-25T14:05:24.9565030+03:00,A70000000000000000000000,,1,"-65,5","865,7",Speedwayr-15-32-c2,"1,043106935762236",
2025-07-25T14:05:24.9595960+03:00,A80000000000000000000000,,1,"-69,5","865,7",Speedwayr-15-32-c2,"1,4664856332186729",
2025-07-25T14:05:24.9740100+03:00,A60000000000000000000000,,1,"-64,5","865,7",Speedwayr-15-32-c2,"6,007068765360171",
2025-07-25T14:05:24.9763300+03:00,A20000000000000000000000,,1,"-58,5","865,7",Speedwayr-15-32-c2,"0,8283496254582462",
2025-07-25T14:05:24.9780810+03:00,A70000000000000000000000,,1,-65,"865,7",Speedwayr-15-32-c2,"0,9878836273983529",
2025-07-25T14:05:24.9827940+03:00,A40000000000000000000000,,1,"-66,5","865,7",Speedwayr-15-32-c2,"3,6324665057131984",
2025-07-25T14:05:24.9867350+03:00,A30000000000000000000000,,1,"-63,5","865,7",Speedwayr-15-32-c2,"3,9392626632903265",
2025-07-25T14:05:24.9882090+03:00,A80000000000000000000000,,1,"-70,5","865,7",Speedwayr-15-32-c2,"1,325359400733194",
2025-07-25T14:05:25.0027390+03:00,A20000000000000000000000,,1,-59,"865,7",Speedwayr-15-32-c2,"0,8344855486097889",
2025-07-25T14:05:25.0070370+03:00,A70000000000000000000000,,1,-67,"865,7",Speedwayr-15-32-c2,"1,0185632431560658",
2025-07-25T14:05:25.0087730+03:00,A40000000000000000000000,,1,-66,"865,7",Speedwayr-15-32-c2,"3,988350048502667",
2025-07-25T14:05:25.0104600+03:00,A30000000000000000000000,,1,"-63,5","865,7",Speedwayr-15-32-c2,"3,9760782021995817",
2025-07-25T14:05:25.0115700+03:00,A60000000000000000000000,,1,-64,"865,7",Speedwayr-15-32-c2,"5,9088939949354895",
2025-07-25T14:05:25.0243500+03:00,A80000000000000000000000,,1,"-70,5","865,7",Speedwayr-15-32-c2,"1,2302525918842842",
2025-07-25T14:05:25.0329770+03:00,A70000000000000000000000,,1,"-66,5","865,7",Speedwayr-15-32-c2,"0,9940195505498954",
2025-07-25T14:05:25.0356960+03:00,A60000000000000000000000,,1,"-63,5","865,7",Speedwayr-15-32-c2,"6,12365130523948",
2025-07-25T14:05:25.0367600+03:00,A20000000000000000000000,,1,"-58,5","865,7",Speedwayr-15-32-c2,"0,8222137023067037",
2025-07-25T14:05:25.0378440+03:00,A30000000000000000000000,,1,-64,"865,7",Speedwayr-15-32-c2,"4,246058820867455",
2025-07-25T14:05:25.0511210+03:00,A80000000000000000000000,,1,-72,"865,7",Speedwayr-15-32-c2,"4,509903516383785",
2025-07-25T14:05:25.0567540+03:00,A20000000000000000000000,,1,-60,"865,7",Speedwayr-15-32-c2,"0,8222137023067037",
2025-07-25T14:05:25.0597650+03:00,A70000000000000000000000,,1,-67,"865,7",Speedwayr-15-32-c2,"0,8897088569736719",
2025-07-25T14:05:25.0608500+03:00,A30000000000000000000000,,1,"-63,5","865,7",Speedwayr-15-32-c2,"4,000621894805752",
2025-07-25T14:05:25.0652550+03:00,A40000000000000000000000,,1,-67,"865,7",Speedwayr-15-32-c2,"3,9392626632903265",
2025-07-25T14:05:25.0671850+03:00,A60000000000000000000000,,1,"-63,5","865,7",Speedwayr-15-32-c2,"6,086835766330224",
2025-07-25T14:05:25.0807500+03:00,A80000000000000000000000,,1,-69,"865,7",Speedwayr-15-32-c2,"1,0492428589137786",
2025-07-25T14:05:25.0953260+03:00,A60000000000000000000000,,1,-61,"865,7",Speedwayr-15-32-c2,"5,915029918087033",
2025-07-25T14:05:25.0966520+03:00,A30000000000000000000000,,1,-64,"865,7",Speedwayr-15-32-c2,"4,0128937411088375",
2025-07-25T14:05:25.0988900+03:00,A20000000000000000000000,,1,"-59,5","865,7",Speedwayr-15-32-c2,"0,8099418560036186",
2025-07-25T14:05:25.1002460+03:00,A40000000000000000000000,,1,"-67,5","865,7",Speedwayr-15-32-c2,"3,7981364308048478",
2025-07-25T14:05:25.1015800+03:00,A70000000000000000000000,,1,"-65,5","865,7",Speedwayr-15-32-c2,"0,9203884727313847",
2025-07-25T14:05:25.1108330+03:00,A80000000000000000000000,,1,"-71,5","865,7",Speedwayr-15-32-c2,"1,0676506283684062",
2025-07-25T14:05:25.1235600+03:00,A20000000000000000000000,,1,"-60,5","865,7",Speedwayr-15-32-c2,"0,6933593161243098",
2025-07-25T14:05:25.1276100+03:00,A30000000000000000000000,,1,"-64,5","865,7",Speedwayr-15-32-c2,"4,28287435977671",
2025-07-25T14:05:25.1296750+03:00,A70000000000000000000000,,1,-67,"865,7",Speedwayr-15-32-c2,"0,7731263170943632",
2025-07-25T14:05:25.1373350+03:00,A60000000000000000000000,,1,"-64,5","865,7",Speedwayr-15-32-c2,"6,258641614573416",
2025-07-25T14:05:25.1390130+03:00,A40000000000000000000000,,1,-66,"865,7",Speedwayr-15-32-c2,"3,9944859716542096",
2025-07-25T14:05:25.1689440+03:00,A70000000000000000000000,,1,-67,"865,7",Speedwayr-15-32-c2,"1,2455923997631406",
2025-07-25T14:05:25.1709930+03:00,A20000000000000000000000,,1,"-59,5","865,7",Speedwayr-15-32-c2,"0,7179030087304801",
2025-07-25T14:05:25.1721220+03:00,A30000000000000000000000,,1,"-63,5","865,7",Speedwayr-15-32-c2,"3,816544200259475",
2025-07-25T14:05:25.1776160+03:00,A60000000000000000000000,,1,"-63,5","865,7",Speedwayr-15-32-c2,"5,945709533844745",
2025-07-25T14:05:25.1792810+03:00,A40000000000000000000000,,1,"-66,5","865,7",Speedwayr-15-32-c2,"4,000621894805752",
2025-07-25T14:05:25.1896140+03:00,A80000000000000000000000,,1,"-72,5","865,7",Speedwayr-15-32-c2,"4,2092432819582",
2025-07-25T14:05:25.2007120+03:00,A70000000000000000000000,,1,"-66,5","865,7",Speedwayr-15-32-c2,"0,760854470791278",
2025-07-25T14:05:25.2017660+03:00,A40000000000000000000000,,1,-65,"865,7",Speedwayr-15-32-c2,"3,9944859716542096",
2025-07-25T14:05:25.2059890+03:00,A20000000000000000000000,,1,-60,"865,7",Speedwayr-15-32-c2,"0,7179030087304801",
2025-07-25T14:05:25.2079670+03:00,A60000000000000000000000,,1,-64,"865,7",Speedwayr-15-32-c2,"5,8475347634200645",
2025-07-25T14:05:25.2097150+03:00,A30000000000000000000000,,1,-64,"865,7",Speedwayr-15-32-c2,"4,006757817957295",
2025-07-25T14:05:25.2207290+03:00,A80000000000000000000000,,1,"-72,5","865,7",Speedwayr-15-32-c2,"4,154019973594316",
2025-07-25T14:05:25.2291190+03:00,A30000000000000000000000,,1,"-63,5","865,7",Speedwayr-15-32-c2,"4,09266074207889",
2025-07-25T14:05:25.2308500+03:00,A20000000000000000000000,,1,-60,"865,7",Speedwayr-15-32-c2,"0,6565437772150544",
2025-07-25T14:05:25.2319320+03:00,A60000000000000000000000,,1,-64,"865,7",Speedwayr-15-32-c2,"5,822991070813893",
2025-07-25T14:05:25.2381300+03:00,A70000000000000000000000,,1,-66,"865,7",Speedwayr-15-32-c2,"0,7915340865489908",
2025-07-25T14:05:25.2604130+03:00,A80000000000000000000000,,1,"-72,5","865,7",Speedwayr-15-32-c2,"4,052777241593864",
2025-07-25T14:05:25.2663900+03:00,A30000000000000000000000,,1,"-62,5","865,7",Speedwayr-15-32-c2,"4,0558452031696355",
2025-07-25T14:05:25.2712370+03:00,A80000000000000000000000,,1,-68,"865,7",Speedwayr-15-32-c2,"0,7485826244881929",
2025-07-25T14:05:25.2757780+03:00,A60000000000000000000000,,1,"-64,5","865,7",Speedwayr-15-32-c2,"5,767767762450011",
2025-07-25T14:05:25.2780700+03:00,A40000000000000000000000,,1,-68,"865,7",Speedwayr-15-32-c2,"4,01902966426038",
2025-07-25T14:05:25.2791770+03:00,A20000000000000000000000,,1,-59,"865,7",Speedwayr-15-32-c2,"0,5890486225480862",
2025-07-25T14:05:25.2811600+03:00,A70000000000000000000000,,1,-66,"865,7",Speedwayr-15-32-c2,"0,5706408530934585",
2025-07-25T14:05:25.2991790+03:00,A60000000000000000000000,,1,"-64,5","865,7",Speedwayr-15-32-c2,"5,810719224510809",
2025-07-25T14:05:25.3005560+03:00,A20000000000000000000000,,1,-59,"865,7",Speedwayr-15-32-c2,"0,6749515466696822",
2025-07-25T14:05:25.3062150+03:00,A30000000000000000000000,,1,-64,"865,7",Speedwayr-15-32-c2,"4,104932588381976",
2025-07-25T14:05:25.3081410+03:00,A70000000000000000000000,,1,-67,"865,7",Speedwayr-15-32-c2,"0,6872233929727672",
2025-07-25T14:05:25.3288350+03:00,A20000000000000000000000,,1,"-59,5","865,7",Speedwayr-15-32-c2,"0,6565437772150544",
2025-07-25T14:05:25.3316890+03:00,A60000000000000000000000,,1,"-63,5","865,7",Speedwayr-15-32-c2,"5,663457068873787",
2025-07-25T14:05:25.3400990+03:00,A30000000000000000000000,,1,"-64,5","865,7",Speedwayr-15-32-c2,"4,104932588381976",
2025-07-25T14:05:25.3411510+03:00,A40000000000000000000000,,1,"-67,5","865,7",Speedwayr-15-32-c2,"4,09266074207889",
2025-07-25T14:05:25.3695870+03:00,A80000000000000000000000,,1,"-72,5","865,7",Speedwayr-15-32-c2,"3,8963112012295285",
2025-07-25T14:05:25.3769040+03:00,A30000000000000000000000,,1,-64,"865,7",Speedwayr-15-32-c2,"4,123340357836604",
2025-07-25T14:05:25.3783230+03:00,A60000000000000000000000,,1,-65,"865,7",Speedwayr-15-32-c2,"5,773903685601553",
2025-07-25T14:05:25.3796060+03:00,A20000000000000000000000,,1,"-60,5","865,7",Speedwayr-15-32-c2,"0,6135923151542565",
2025-07-25T14:05:25.3812110+03:00,A40000000000000000000000,,1,-67,"865,7",Speedwayr-15-32-c2,"4,09266074207889",
2025-07-25T14:05:25.3870300+03:00,A70000000000000000000000,,1,-64,"865,7",Speedwayr-15-32-c2,"0,5890486225480862",
2025-07-25T14:05:25.4191170+03:00,A80000000000000000000000,,1,-73,"865,7",Speedwayr-15-32-c2,"0,8068738944278473",
2025-07-25T14:05:25.4230070+03:00,A20000000000000000000000,,1,"-59,5","865,7",Speedwayr-15-32-c2,"0,5829126993965437",
2025-07-25T14:05:25.4277460+03:00,A30000000000000000000000,,1,"-63,5","865,7",Speedwayr-15-32-c2,"4,129476280988146",
2025-07-25T14:05:25.4295120+03:00,A40000000000000000000000,,1,-68,"865,7",Speedwayr-15-32-c2,"3,6815538909255388",
2025-07-25T14:05:25.4306080+03:00,A60000000000000000000000,,1,-63,"865,7",Speedwayr-15-32-c2,"5,810719224510809",
2025-07-25T14:05:25.4380050+03:00,A70000000000000000000000,,1,-66,"865,7",Speedwayr-15-32-c2,"0,4724660826687775",
2025-07-25T14:05:25.4565780+03:00,A40000000000000000000000,,1,-68,"865,7",Speedwayr-15-32-c2,"4,2092432819582",
2025-07-25T14:05:25.4578610+03:00,A70000000000000000000000,,1,-66,"865,7",Speedwayr-15-32-c2,"0,5706408530934585",
2025-07-25T14:05:25.4598560+03:00,A60000000000000000000000,,1,-64,"865,7",Speedwayr-15-32-c2,"5,829126993965437",
2025-07-25T14:05:25.4631510+03:00,A20000000000000000000000,,1,-59,"865,7",Speedwayr-15-32-c2,"0,5338253141842031",
2025-07-25T14:05:25.4646590+03:00,A30000000000000000000000,,1,"-64,5","865,7",Speedwayr-15-32-c2,"3,9822141253511245",
2025-07-25T14:05:25.4888560+03:00,A80000000000000000000000,,1,"-72,5","865,7",Speedwayr-15-32-c2,"3,847223816017188",
2025-07-25T14:05:25.4985930+03:00,A20000000000000000000000,,1,"-59,5","865,7",Speedwayr-15-32-c2,"0,5522330836388308",
2025-07-25T14:05:25.5007160+03:00,A80000000000000000000000,,1,"-71,5","865,7",Speedwayr-15-32-c2,"0,803805932852076",
2025-07-25T14:05:25.5022700+03:00,A30000000000000000000000,,1,"-63,5","865,7",Speedwayr-15-32-c2,"3,9699422790480394",
2025-07-25T14:05:25.5073570+03:00,A70000000000000000000000,,1,-63,"865,7",Speedwayr-15-32-c2,"0,5276893910326605",
2025-07-25T14:05:25.5084970+03:00,A60000000000000000000000,,1,-64,"865,7",Speedwayr-15-32-c2,"5,749359992995383",
2025-07-25T14:05:25.5231400+03:00,A20000000000000000000000,,1,"-59,5","865,7",Speedwayr-15-32-c2,"0,5706408530934585",
2025-07-25T14:05:25.5245250+03:00,A30000000000000000000000,,1,-64,"865,7",Speedwayr-15-32-c2,"4,3503695144436785",
2025-07-25T14:05:25.5272620+03:00,A60000000000000000000000,,1,-64,"865,7",Speedwayr-15-32-c2,"5,724816300389213",
2025-07-25T14:05:25.5289890+03:00,A40000000000000000000000,,1,-68,"865,7",Speedwayr-15-32-c2,"3,9576704327449543",
2025-07-25T14:05:25.5300850+03:00,A70000000000000000000000,,1,"-65,5","865,7",Speedwayr-15-32-c2,"0,47860200582032003",
2025-07-25T14:05:25.5591580+03:00,A80000000000000000000000,,1,"-73,5","865,7",Speedwayr-15-32-c2,"0,6902913545485385",
2025-07-25T14:05:25.5672390+03:00,A20000000000000000000000,,1,-60,"865,7",Speedwayr-15-32-c2,"0,5399612373357456",
2025-07-25T14:05:25.5683840+03:00,A30000000000000000000000,,1,"-64,5","865,7",Speedwayr-15-32-c2,"4,184699589352029",
2025-07-25T14:05:25.5696240+03:00,A60000000000000000000000,,1,-64,"865,7",Speedwayr-15-32-c2,"5,8045833013592665",
2025-07-25T14:05:25.5774260+03:00,A40000000000000000000000,,1,"-66,5","865,7",Speedwayr-15-32-c2,"4,608078286808466",
2025-07-25T14:05:25.5785100+03:00,A70000000000000000000000,,1,-66,"865,7",Speedwayr-15-32-c2,"0,4295146206079795",
2025-07-25T14:05:25.5945310+03:00,A30000000000000000000000,,1,"-60,5","865,7",Speedwayr-15-32-c2,"4,196971435655114",
2025-07-25T14:05:25.5973090+03:00,A20000000000000000000000,,1,"-60,5","865,7",Speedwayr-15-32-c2,"0,5890486225480862",
2025-07-25T14:05:25.5986890+03:00,A60000000000000000000000,,1,-64,"865,7",Speedwayr-15-32-c2,"5,7616318392984684",
2025-07-25T14:05:25.6057390+03:00,A70000000000000000000000,,1,"-66,5","865,7",Speedwayr-15-32-c2,"0,35588354278946877",
2025-07-25T14:05:25.6093710+03:00,A80000000000000000000000,,1,"-71,5","865,7",Speedwayr-15-32-c2,"0,619728238305799",
2025-07-25T14:05:25.6255240+03:00,A60000000000000000000000,,1,"-62,5","865,7",Speedwayr-15-32-c2,"5,798447378207723",
2025-07-25T14:05:25.6278240+03:00,A20000000000000000000000,,1,"-60,5","865,7",Speedwayr-15-32-c2,"0,48473792897186263",
2025-07-25T14:05:25.6295430+03:00,A30000000000000000000000,,1,-64,"865,7",Speedwayr-15-32-c2,"4,147884050442774",
2025-07-25T14:05:25.6309340+03:00,A70000000000000000000000,,1,-65,"865,7",Speedwayr-15-32-c2,"0,4663301595172349",
2025-07-25T14:05:25.6405270+03:00,A40000000000000000000000,,1,-67,"865,7",Speedwayr-15-32-c2,"4,227651051412827",
2025-07-25T14:05:25.6964280+03:00,A20000000000000000000000,,1,-60,"865,7",Speedwayr-15-32-c2,"0,4970097752749477",
2025-07-25T14:05:25.6979840+03:00,A60000000000000000000000,,1,"-64,5","865,7",Speedwayr-15-32-c2,"5,786175531904639",
2025-07-25T14:05:25.6995040+03:00,A30000000000000000000000,,1,-64,"865,7",Speedwayr-15-32-c2,"4,252194744018997",
2025-07-25T14:05:25.7005620+03:00,A70000000000000000000000,,1,-66,"865,7",Speedwayr-15-32-c2,"0,3620194659410113",
2025-07-25T14:05:25.7075570+03:00,A40000000000000000000000,,1,"-66,5","865,7",Speedwayr-15-32-c2,"4,1417481272912315",
2025-07-25T14:05:25.7205920+03:00,A60000000000000000000000,,1,-64,"865,7",Speedwayr-15-32-c2,"5,688000761479957",
2025-07-25T14:05:25.7241840+03:00,A30000000000000000000000,,1,"-63,5","865,7",Speedwayr-15-32-c2,"3,9147189706841563",
2025-07-25T14:05:25.7254100+03:00,A20000000000000000000000,,1,"-60,5","865,7",Speedwayr-15-32-c2,"0,619728238305799",
2025-07-25T14:05:25.7303430+03:00,A70000000000000000000000,,1,-65,"865,7",Speedwayr-15-32-c2,"0,36815538909255385",
2025-07-25T14:05:25.7313850+03:00,A40000000000000000000000,,1,"-67,5","865,7",Speedwayr-15-32-c2,"4,239922897715912",
2025-07-25T14:05:25.7686040+03:00,A80000000000000000000000,,1,"-73,5","865,7",Speedwayr-15-32-c2,"0,4203107358806657",
2025-07-25T14:05:25.7730240+03:00,A30000000000000000000000,,1,-63,"865,7",Speedwayr-15-32-c2,"4,387185053352934",
2025-07-25T14:05:25.7741510+03:00,A60000000000000000000000,,1,-64,"865,7",Speedwayr-15-32-c2,"5,8475347634200645",
2025-07-25T14:05:25.7759730+03:00,A20000000000000000000000,,1,"-60,5","865,7",Speedwayr-15-32-c2,"0,4663301595172349",
2025-07-25T14:05:25.7778200+03:00,A40000000000000000000000,,1,"-67,5","865,7",Speedwayr-15-32-c2,"4,270602513473625",
2025-07-25T14:05:25.7875400+03:00,A70000000000000000000000,,1,-66,"865,7",Speedwayr-15-32-c2,"0,5276893910326605",
2025-07-25T14:05:25.8395780+03:00,A80000000000000000000000,,1,-74,"865,7",Speedwayr-15-32-c2,"0,3436116964863836",
2025-07-25T14:05:25.8442880+03:00,A60000000000000000000000,,1,"-61,5","865,7",Speedwayr-15-32-c2,"5,810719224510809",
2025-07-25T14:05:25.8467020+03:00,A40000000000000000000000,,1,"-67,5","865,7",Speedwayr-15-32-c2,"4,442408361716817",
2025-07-25T14:05:25.8483710+03:00,A70000000000000000000000,,1,"-65,5","865,7",Speedwayr-15-32-c2,"0,3436116964863836",
2025-07-25T14:05:25.8540270+03:00,A30000000000000000000000,,1,"-63,5","865,7",Speedwayr-15-32-c2,"4,368777283898306",
2025-07-25T14:05:25.8789650+03:00,A80000000000000000000000,,1,-73,"865,7",Speedwayr-15-32-c2,"3,411573272257666",
2025-07-25T14:05:25.8819410+03:00,A20000000000000000000000,,1,-59,"865,7",Speedwayr-15-32-c2,"0,619728238305799",
2025-07-25T14:05:25.8852090+03:00,A60000000000000000000000,,1,-63,"865,7",Speedwayr-15-32-c2,"5,798447378207723",
2025-07-25T14:05:25.8891210+03:00,A70000000000000000000000,,1,-66,"865,7",Speedwayr-15-32-c2,"0,23316507975861744",
2025-07-25T14:05:25.8908960+03:00,A30000000000000000000000,,1,"-63,5","865,7",Speedwayr-15-32-c2,"4,239922897715912",
2025-07-25T14:05:25.8981290+03:00,A40000000000000000000000,,1,"-66,5","865,7",Speedwayr-15-32-c2,"4,325825821837508",
2025-07-25T14:05:25.9210750+03:00,A60000000000000000000000,,1,"-64,5","865,7",Speedwayr-15-32-c2,"5,773903685601553",
2025-07-25T14:05:25.9225320+03:00,A20000000000000000000000,,1,-59,"865,7",Speedwayr-15-32-c2,"0,4908738521234052",
2025-07-25T14:05:25.9253220+03:00,A30000000000000000000000,,1,-64,"865,7",Speedwayr-15-32-c2,"4,25833066717054",
2025-07-25T14:05:25.9285990+03:00,A70000000000000000000000,,1,"-65,5","865,7",Speedwayr-15-32-c2,"0,28838838812250056",
2025-07-25T14:05:25.9307530+03:00,A40000000000000000000000,,1,-68,"865,7",Speedwayr-15-32-c2,"4,06811704947272",
2025-07-25T14:05:25.9440880+03:00,A20000000000000000000000,,1,"-57,5","865,7",Speedwayr-15-32-c2,"0,5951845456996288",
2025-07-25T14:05:25.9486430+03:00,A40000000000000000000000,,1,"-67,5","865,7",Speedwayr-15-32-c2,"4,0987966652304335",
2025-07-25T14:05:25.9498810+03:00,A60000000000000000000000,,1,-64,"865,7",Speedwayr-15-32-c2,"5,730952223540755",
2025-07-25T14:05:25.9559000+03:00,A30000000000000000000000,,1,"-62,5","865,7",Speedwayr-15-32-c2,"4,080388895775806",
2025-07-25T14:05:25.9578080+03:00,A70000000000000000000000,,1,-65,"865,7",Speedwayr-15-32-c2,"0,4295146206079795",
2025-07-25T14:05:25.9811000+03:00,A80000000000000000000000,,1,"-73,5","865,7",Speedwayr-15-32-c2,"0,15033011721279282",
2025-07-25T14:05:25.9889140+03:00,A30000000000000000000000,,1,"-63,5","865,7",Speedwayr-15-32-c2,"4,2031073588066565",
2025-07-25T14:05:25.9899550+03:00,A40000000000000000000000,,1,"-68,5","865,7",Speedwayr-15-32-c2,"4,325825821837508",
2025-07-25T14:05:25.9934410+03:00,A20000000000000000000000,,1,"-60,5","865,7",Speedwayr-15-32-c2,"0,4724660826687775",
2025-07-25T14:05:25.9957110+03:00,A60000000000000000000000,,1,"-61,5","865,7",Speedwayr-15-32-c2,"5,780039608753096",
2025-07-25T14:05:26.0224790+03:00,A60000000000000000000000,,1,"-61,5","865,7",Speedwayr-15-32-c2,"5,749359992995383",
2025-07-25T14:05:26.0254780+03:00,A30000000000000000000000,,1,"-62,5","865,7",Speedwayr-15-32-c2,"4,25833066717054",
2025-07-25T14:05:26.0270910+03:00,A20000000000000000000000,,1,-59,"865,7",Speedwayr-15-32-c2,"0,4908738521234052",
2025-07-25T14:05:26.0282910+03:00,A70000000000000000000000,,1,"-66,5","865,7",Speedwayr-15-32-c2,"0,34974761963792617",
2025-07-25T14:05:26.0294170+03:00,A40000000000000000000000,,1,-67,"865,7",Speedwayr-15-32-c2,"4,0128937411088375",
2025-07-25T14:05:26.0496370+03:00,A30000000000000000000000,,1,"-63,5","865,7",Speedwayr-15-32-c2,"4,2031073588066565",
2025-07-25T14:05:26.0526080+03:00,A20000000000000000000000,,1,-60,"865,7",Speedwayr-15-32-c2,"0,4356505437595221",
2025-07-25T14:05:26.0565770+03:00,A70000000000000000000000,,1,"-65,5","865,7",Speedwayr-15-32-c2,"0,32520392703175593",
2025-07-25T14:05:26.0583950+03:00,A60000000000000000000000,,1,-64,"865,7",Speedwayr-15-32-c2,"5,786175531904639",
2025-07-25T14:05:26.0603030+03:00,A40000000000000000000000,,1,-68,"865,7",Speedwayr-15-32-c2,"4,276738436625168",
2025-07-25T14:05:26.0750670+03:00,A70000000000000000000000,,1,-63,"865,7",Speedwayr-15-32-c2,"0,4479223900626072",
2025-07-25T14:05:26.0776950+03:00,A20000000000000000000000,,1,-59,"865,7",Speedwayr-15-32-c2,"0,46019423636569234",
2025-07-25T14:05:26.0788800+03:00,A60000000000000000000000,,1,"-63,5","865,7",Speedwayr-15-32-c2,"5,6941366846315",
2025-07-25T14:05:26.0799500+03:00,A30000000000000000000000,,1,"-62,5","865,7",Speedwayr-15-32-c2,"4,270602513473625",
2025-07-25T14:05:26.0821680+03:00,A40000000000000000000000,,1,"-67,5","865,7",Speedwayr-15-32-c2,"4,276738436625168",
2025-07-25T14:05:26.1045690+03:00,A30000000000000000000000,,1,-61,"865,7",Speedwayr-15-32-c2,"4,104932588381976",
2025-07-25T14:05:26.1079900+03:00,A40000000000000000000000,,1,"-66,5","865,7",Speedwayr-15-32-c2,"4,080388895775806",
2025-07-25T14:05:26.1100090+03:00,A20000000000000000000000,,1,-59,"865,7",Speedwayr-15-32-c2,"0,5031456984264903",
2025-07-25T14:05:26.1115500+03:00,A60000000000000000000000,,1,"-63,5","865,7",Speedwayr-15-32-c2,"5,712544454086128",
2025-07-25T14:05:26.1189990+03:00,A70000000000000000000000,,1,-66,"865,7",Speedwayr-15-32-c2,"0,30679615757712825",
2025-07-25T14:05:26.1463480+03:00,A60000000000000000000000,,1,"-62,5","865,7",Speedwayr-15-32-c2,"5,767767762450011",
2025-07-25T14:05:26.1474050+03:00,A70000000000000000000000,,1,-66,"865,7",Speedwayr-15-32-c2,"0,28225246497095796",
2025-07-25T14:05:26.1485470+03:00,A40000000000000000000000,,1,"-67,5","865,7",Speedwayr-15-32-c2,"3,877903431774901",
2025-07-25T14:05:26.1496600+03:00,A30000000000000000000000,,1,"-63,5","865,7",Speedwayr-15-32-c2,"4,129476280988146",
2025-07-25T14:05:26.1509980+03:00,A20000000000000000000000,,1,"-60,5","865,7",Speedwayr-15-32-c2,"0,44178646691106466",
2025-07-25T14:05:26.1773330+03:00,A30000000000000000000000,,1,"-63,5","865,7",Speedwayr-15-32-c2,"4,6878452877785195",
2025-07-25T14:05:26.1784560+03:00,A60000000000000000000000,,1,"-63,5","865,7",Speedwayr-15-32-c2,"5,841398840268521",
2025-07-25T14:05:26.1833660+03:00,A20000000000000000000000,,1,-60,"865,7",Speedwayr-15-32-c2,"0,5399612373357456",
2025-07-25T14:05:26.1897990+03:00,A70000000000000000000000,,1,-66,"865,7",Speedwayr-15-32-c2,"0,25770877236478773",
2025-07-25T14:05:26.2100440+03:00,A20000000000000000000000,,1,-60,"865,7",Speedwayr-15-32-c2,"0,4663301595172349",
2025-07-25T14:05:26.2153030+03:00,A30000000000000000000000,,1,"-63,5","865,7",Speedwayr-15-32-c2,"4,466952054322987",
2025-07-25T14:05:26.2186860+03:00,A70000000000000000000000,,1,-65,"865,7",Speedwayr-15-32-c2,"0,4111068511533518",
2025-07-25T14:05:26.2201660+03:00,A60000000000000000000000,,1,"-63,5","865,7",Speedwayr-15-32-c2,"5,8045833013592665",
2025-07-25T14:05:26.2215510+03:00,A40000000000000000000000,,1,"-64,5","865,7",Speedwayr-15-32-c2,"4,061981126321178",
2025-07-25T14:05:26.2409100+03:00,A30000000000000000000000,,1,"-63,5","865,7",Speedwayr-15-32-c2,"4,270602513473625",
2025-07-25T14:05:26.2423750+03:00,A20000000000000000000000,,1,-59,"865,7",Speedwayr-15-32-c2,"0,5031456984264903",
2025-07-25T14:05:26.2448640+03:00,A60000000000000000000000,,1,"-63,5","865,7",Speedwayr-15-32-c2,"5,8045833013592665",
2025-07-25T14:05:26.2492590+03:00,A70000000000000000000000,,1,-66,"865,7",Speedwayr-15-32-c2,"0,3313398501832985",
2025-07-25T14:05:26.2597700+03:00,A40000000000000000000000,,1,-68,"865,7",Speedwayr-15-32-c2,"4,135612204139688",
2025-07-25T14:05:26.2681130+03:00,A80000000000000000000000,,1,-73,"865,7",Speedwayr-15-32-c2,"3,429981041712294",
2025-07-25T14:05:26.2794670+03:00,A20000000000000000000000,,1,-59,"865,7",Speedwayr-15-32-c2,"0,4724660826687775",
2025-07-25T14:05:26.2807670+03:00,A30000000000000000000000,,1,"-63,5","865,7",Speedwayr-15-32-c2,"4,074252972624263",
2025-07-25T14:05:26.2861800+03:00,A60000000000000000000000,,1,-65,"865,7",Speedwayr-15-32-c2,"5,773903685601553",
2025-07-25T14:05:26.2881970+03:00,A40000000000000000000000,,1,"-68,5","865,7",Speedwayr-15-32-c2,"4,074252972624263",
2025-07-25T14:05:26.2892840+03:00,A70000000000000000000000,,1,-66,"865,7",Speedwayr-15-32-c2,"0,30679615757712825",
2025-07-25T14:05:26.2986200+03:00,A80000000000000000000000,,1,"-72,5","865,7",Speedwayr-15-32-c2,"0,19634954084936207",
2025-07-25T14:05:26.3108610+03:00,A20000000000000000000000,,1,-60,"865,7",Speedwayr-15-32-c2,"0,44178646691106466",
2025-07-25T14:05:26.3158580+03:00,A70000000000000000000000,,1,-66,"865,7",Speedwayr-15-32-c2,"0,32520392703175593",
2025-07-25T14:05:26.3169590+03:00,A30000000000000000000000,,1,"-63,5","865,7",Speedwayr-15-32-c2,"4,227651051412827",
2025-07-25T14:05:26.3184580+03:00,A60000000000000000000000,,1,"-63,5","865,7",Speedwayr-15-32-c2,"5,737088146692298",
2025-07-25T14:05:26.3203360+03:00,A40000000000000000000000,,1,"-67,5","865,7",Speedwayr-15-32-c2,"4,595806440505381",
2025-07-25T14:05:26.3475760+03:00,A20000000000000000000000,,1,-60,"865,7",Speedwayr-15-32-c2,"0,4908738521234052",
2025-07-25T14:05:26.3492730+03:00,A40000000000000000000000,,1,"-66,5","865,7",Speedwayr-15-32-c2,"4,049709280018092",
2025-07-25T14:05:26.3503570+03:00,A30000000000000000000000,,1,-64,"865,7",Speedwayr-15-32-c2,"4,0987966652304335",
2025-07-25T14:05:26.3535210+03:00,A60000000000000000000000,,1,"-62,5","865,7",Speedwayr-15-32-c2,"5,8045833013592665",
2025-07-25T14:05:26.3554630+03:00,A70000000000000000000000,,1,"-65,5","865,7",Speedwayr-15-32-c2,"0,23316507975861744",
2025-07-25T14:05:26.4049180+03:00,A30000000000000000000000,,1,"-61,5","865,7",Speedwayr-15-32-c2,"4,123340357836604",
2025-07-25T14:05:26.4076270+03:00,A60000000000000000000000,,1,-64,"865,7",Speedwayr-15-32-c2,"5,767767762450011",
2025-07-25T14:05:26.4087850+03:00,A20000000000000000000000,,1,-60,"865,7",Speedwayr-15-32-c2,"0,47860200582032003",
2025-07-25T14:05:26.4162670+03:00,A40000000000000000000000,,1,-68,"865,7",Speedwayr-15-32-c2,"3,9576704327449543",
2025-07-25T14:05:26.4179810+03:00,A70000000000000000000000,,1,-66,"865,7",Speedwayr-15-32-c2,"0,607456392002714",
2025-07-25T14:05:26.4310830+03:00,A30000000000000000000000,,1,"-63,5","865,7",Speedwayr-15-32-c2,"4,184699589352029",
2025-07-25T14:05:26.4344590+03:00,A20000000000000000000000,,1,-59,"865,7",Speedwayr-15-32-c2,"0,47860200582032003",
2025-07-25T14:05:26.4385170+03:00,A60000000000000000000000,,1,-62,"865,7",Speedwayr-15-32-c2,"5,878214379177777",
2025-07-25T14:05:26.4401870+03:00,A70000000000000000000000,,1,-66,"865,7",Speedwayr-15-32-c2,"0,760854470791278",
2025-07-25T14:05:26.4473280+03:00,A40000000000000000000000,,1,-68,"865,7",Speedwayr-15-32-c2,"4,1417481272912315",
2025-07-25T14:05:26.4867620+03:00,A20000000000000000000000,,1,"-59,5","865,7",Speedwayr-15-32-c2,"0,4540583132141498",
2025-07-25T14:05:26.4884570+03:00,A70000000000000000000000,,1,"-64,5","865,7",Speedwayr-15-32-c2,"0,3436116964863836",
2025-07-25T14:05:26.4898120+03:00,A40000000000000000000000,,1,-67,"865,7",Speedwayr-15-32-c2,"3,865631585471816",
2025-07-25T14:05:26.4928140+03:00,A60000000000000000000000,,1,"-60,5","865,7",Speedwayr-15-32-c2,"5,724816300389213",
2025-07-25T14:05:26.4948120+03:00,A30000000000000000000000,,1,"-63,5","865,7",Speedwayr-15-32-c2,"4,331961744989051",
2025-07-25T14:05:26.4991260+03:00,A80000000000000000000000,,1,"-69,5","865,7",Speedwayr-15-32-c2,"0,2638446955163303",
2025-07-25T14:05:26.5148420+03:00,A20000000000000000000000,,1,-60,"865,7",Speedwayr-15-32-c2,"0,48473792897186263",
2025-07-25T14:05:26.5176460+03:00,A30000000000000000000000,,1,"-63,5","865,7",Speedwayr-15-32-c2,"3,988350048502667",
2025-07-25T14:05:26.5187560+03:00,A60000000000000000000000,,1,-64,"865,7",Speedwayr-15-32-c2,"5,780039608753096",
2025-07-25T14:05:26.5220350+03:00,A40000000000000000000000,,1,-67,"865,7",Speedwayr-15-32-c2,"4,135612204139688",
2025-07-25T14:05:26.5269450+03:00,A70000000000000000000000,,1,"-65,5","865,7",Speedwayr-15-32-c2,"0,30066023442558565",
2025-07-25T14:05:26.6596990+03:00,A80000000000000000000000,,1,-74,"865,7",Speedwayr-15-32-c2,"0,01227184630308513",
2025-07-25T14:05:26.6662450+03:00,A60000000000000000000000,,1,"-63,5","865,7",Speedwayr-15-32-c2,"5,792311455056181",
2025-07-25T14:05:26.6701250+03:00,A70000000000000000000000,,1,"-65,5","865,7",Speedwayr-15-32-c2,"0,36815538909255385",
2025-07-25T14:05:26.6718370+03:00,A20000000000000000000000,,1,-60,"865,7",Speedwayr-15-32-c2,"0,4540583132141498",
2025-07-25T14:05:26.6775800+03:00,A30000000000000000000000,,1,-64,"865,7",Speedwayr-15-32-c2,"4,147884050442774",
2025-07-25T14:05:26.6786490+03:00,A40000000000000000000000,,1,"-67,5","865,7",Speedwayr-15-32-c2,"4,0558452031696355",
2025-07-25T14:05:26.6984730+03:00,A80000000000000000000000,,1,"-73,5","865,7",Speedwayr-15-32-c2,"0,18100973297050565",
2025-07-25T14:05:26.7080550+03:00,A20000000000000000000000,,1,"-59,5","865,7",Speedwayr-15-32-c2,"0,3436116964863836",
2025-07-25T14:05:26.7091710+03:00,A60000000000000000000000,,1,"-63,5","865,7",Speedwayr-15-32-c2,"5,8659425328746915",
2025-07-25T14:05:26.7104970+03:00,A30000000000000000000000,,1,-63,"865,7",Speedwayr-15-32-c2,"4,196971435655114",
2025-07-25T14:05:26.7137720+03:00,A70000000000000000000000,,1,-66,"865,7",Speedwayr-15-32-c2,"0,4172427743048944",
2025-07-25T14:05:26.7165840+03:00,A40000000000000000000000,,1,-67,"865,7",Speedwayr-15-32-c2,"4,3074180523828804",
2025-07-25T14:05:26.7452390+03:00,A40000000000000000000000,,1,"-68,5","865,7",Speedwayr-15-32-c2,"4,460816131171445",
2025-07-25T14:05:26.7463610+03:00,A20000000000000000000000,,1,"-59,5","865,7",Speedwayr-15-32-c2,"0,2454369260617026",
2025-07-25T14:05:26.7480130+03:00,A60000000000000000000000,,1,-64,"865,7",Speedwayr-15-32-c2,"5,884350302329319",
2025-07-25T14:05:26.7586480+03:00,A30000000000000000000000,,1,"-63,5","865,7",Speedwayr-15-32-c2,"4,1417481272912315",
2025-07-25T14:05:26.7757200+03:00,A30000000000000000000000,,1,"-63,5","865,7",Speedwayr-15-32-c2,"4,356505437595221",
2025-07-25T14:05:26.7772340+03:00,A70000000000000000000000,,1,"-64,5","865,7",Speedwayr-15-32-c2,"0,3313398501832985",
2025-07-25T14:05:26.7783620+03:00,A40000000000000000000000,,1,"-68,5","865,7",Speedwayr-15-32-c2,"4,074252972624263",
2025-07-25T14:05:26.7795180+03:00,A60000000000000000000000,,1,"-61,5","865,7",Speedwayr-15-32-c2,"5,6941366846315",
2025-07-25T14:05:26.7806320+03:00,A20000000000000000000000,,1,"-60,5","865,7",Speedwayr-15-32-c2,"0,44178646691106466",
2025-07-25T14:05:26.8009460+03:00,A80000000000000000000000,,1,"-73,5","865,7",Speedwayr-15-32-c2,"0,1380582709097077",
2025-07-25T14:05:26.8045810+03:00,A20000000000000000000000,,1,"-59,5","865,7",Speedwayr-15-32-c2,"0,39269908169872414",
2025-07-25T14:05:26.8078540+03:00,A70000000000000000000000,,1,"-65,5","865,7",Speedwayr-15-32-c2,"0,2699806186678728",
2025-07-25T14:05:26.8094240+03:00,A30000000000000000000000,,1,"-64,5","865,7",Speedwayr-15-32-c2,"4,037437433715008",
2025-07-25T14:05:26.8107900+03:00,A40000000000000000000000,,1,"-67,5","865,7",Speedwayr-15-32-c2,"3,9085830475326135",
2025-07-25T14:05:26.8148520+03:00,A60000000000000000000000,,1,-63,"865,7",Speedwayr-15-32-c2,"6,12365130523948",
2025-07-25T14:05:26.8184640+03:00,A80000000000000000000000,,1,"-69,5","865,7",Speedwayr-15-32-c2,"0,25770877236478773",
2025-07-25T14:05:26.8382240+03:00,A20000000000000000000000,,1,-59,"865,7",Speedwayr-15-32-c2,"0,380427235395639",
2025-07-25T14:05:26.8394350+03:00,A70000000000000000000000,,1,-65,"865,7",Speedwayr-15-32-c2,"0,2699806186678728",
2025-07-25T14:05:26.8425330+03:00,A30000000000000000000000,,1,"-63,5","865,7",Speedwayr-15-32-c2,"4,154019973594316",
2025-07-25T14:05:26.8462610+03:00,A60000000000000000000000,,1,-64,"865,7",Speedwayr-15-32-c2,"5,853670686571607",
2025-07-25T14:05:26.8490400+03:00,A40000000000000000000000,,1,-68,"865,7",Speedwayr-15-32-c2,"3,9453985864418692",
2025-07-25T14:05:26.8765570+03:00,A70000000000000000000000,,1,"-66,5","865,7",Speedwayr-15-32-c2,"0,46019423636569234",
2025-07-25T14:05:26.8778830+03:00,A30000000000000000000000,,1,-64,"865,7",Speedwayr-15-32-c2,"4,031301510563465",
2025-07-25T14:05:26.8795500+03:00,A20000000000000000000000,,1,-60,"865,7",Speedwayr-15-32-c2,"0,3313398501832985",
2025-07-25T14:05:26.8828820+03:00,A60000000000000000000000,,1,-60,"865,7",Speedwayr-15-32-c2,"5,884350302329319",
2025-07-25T14:05:26.8891720+03:00,A40000000000000000000000,,1,-66,"865,7",Speedwayr-15-32-c2,"4,0558452031696355",
2025-07-25T14:05:26.9030480+03:00,A20000000000000000000000,,1,-59,"865,7",Speedwayr-15-32-c2,"0,30066023442558565",
2025-07-25T14:05:26.9057590+03:00,A30000000000000000000000,,1,"-63,5","865,7",Speedwayr-15-32-c2,"4,111068511533518",
2025-07-25T14:05:26.9083590+03:00,A60000000000000000000000,,1,"-63,5","865,7",Speedwayr-15-32-c2,"5,964117303299373",
2025-07-25T14:05:26.9098250+03:00,A70000000000000000000000,,1,"-65,5","865,7",Speedwayr-15-32-c2,"0,23316507975861744",
2025-07-25T14:05:26.9187970+03:00,A40000000000000000000000,,1,-66,"865,7",Speedwayr-15-32-c2,"3,6999616603801666",
2025-07-25T14:05:26.9404790+03:00,A80000000000000000000000,,1,-74,"865,7",Speedwayr-15-32-c2,"0,15339807878856412",
2025-07-25T14:05:26.9460060+03:00,A20000000000000000000000,,1,"-58,5","865,7",Speedwayr-15-32-c2,"0,46019423636569234",
2025-07-25T14:05:26.9473720+03:00,A70000000000000000000000,,1,-66,"865,7",Speedwayr-15-32-c2,"0,2945243112740431",
2025-07-25T14:05:26.9490220+03:00,A40000000000000000000000,,1,-67,"865,7",Speedwayr-15-32-c2,"3,9147189706841563",
2025-07-25T14:05:26.9542550+03:00,A60000000000000000000000,,1,"-63,5","865,7",Speedwayr-15-32-c2,"6,056156150572511",
2025-07-25T14:05:26.9598190+03:00,A30000000000000000000000,,1,-63,"865,7",Speedwayr-15-32-c2,"4,1417481272912315",
2025-07-25T14:05:26.9772930+03:00,A60000000000000000000000,,1,"-63,5","865,7",Speedwayr-15-32-c2,"5,780039608753096",
2025-07-25T14:05:26.9802440+03:00,A30000000000000000000000,,1,"-63,5","865,7",Speedwayr-15-32-c2,"4,1172044346850605",
2025-07-25T14:05:26.9813700+03:00,A70000000000000000000000,,1,"-62,5","865,7",Speedwayr-15-32-c2,"0,30679615757712825",
2025-07-25T14:05:26.9838940+03:00,A20000000000000000000000,,1,"-60,5","865,7",Speedwayr-15-32-c2,"0,3988350048502667",
2025-07-25T14:05:26.9884900+03:00,A40000000000000000000000,,1,"-67,5","865,7",Speedwayr-15-32-c2,"4,0987966652304335",
2025-07-25T14:05:27.0195470+03:00,A80000000000000000000000,,1,-74,"865,7",Speedwayr-15-32-c2,"6,277049384028044",
2025-07-25T14:05:27.0227200+03:00,A30000000000000000000000,,1,"-63,5","865,7",Speedwayr-15-32-c2,"4,319689898685965",
2025-07-25T14:05:27.0261540+03:00,A20000000000000000000000,,1,"-60,5","865,7",Speedwayr-15-32-c2,"0,4049709280018093",
2025-07-25T14:05:27.0286780+03:00,A40000000000000000000000,,1,"-66,5","865,7",Speedwayr-15-32-c2,"4,000621894805752",
2025-07-25T14:05:27.0298780+03:00,A60000000000000000000000,,1,-64,"865,7",Speedwayr-15-32-c2,"5,884350302329319",
2025-07-25T14:05:27.0317580+03:00,A70000000000000000000000,,1,-65,"865,7",Speedwayr-15-32-c2,"0,4111068511533518",
2025-07-25T14:05:27.0627210+03:00,A30000000000000000000000,,1,"-62,5","865,7",Speedwayr-15-32-c2,"4,031301510563465",
2025-07-25T14:05:27.0655540+03:00,A20000000000000000000000,,1,"-60,5","865,7",Speedwayr-15-32-c2,"0,521553467881118",
2025-07-25T14:05:27.0693310+03:00,A60000000000000000000000,,1,-63,"865,7",Speedwayr-15-32-c2,"5,872078456026235",
2025-07-25T14:05:27.0704710+03:00,A70000000000000000000000,,1,-66,"865,7",Speedwayr-15-32-c2,"0,2638446955163303",
2025-07-25T14:05:27.0759540+03:00,A40000000000000000000000,,1,-67,"865,7",Speedwayr-15-32-c2,"3,3440781175906977",
2025-07-25T14:05:27.0994500+03:00,A80000000000000000000000,,1,"-73,5","865,7",Speedwayr-15-32-c2,"0,07976700097005335",
2025-07-25T14:05:27.1033450+03:00,A70000000000000000000000,,1,-65,"865,7",Speedwayr-15-32-c2,"0,17794177139473438",
2025-07-25T14:05:27.1105000+03:00,A20000000000000000000000,,1,"-59,5","865,7",Speedwayr-15-32-c2,"0,5092816215780329",
2025-07-25T14:05:27.1124970+03:00,A60000000000000000000000,,1,"-61,5","865,7",Speedwayr-15-32-c2,"5,884350302329319",
2025-07-25T14:05:27.1160550+03:00,A30000000000000000000000,,1,"-63,5","865,7",Speedwayr-15-32-c2,"4,0558452031696355",
2025-07-25T14:05:27.1189090+03:00,A40000000000000000000000,,1,-65,"865,7",Speedwayr-15-32-c2,"3,9638063558964967",
2025-07-25T14:05:27.1390140+03:00,A80000000000000000000000,,1,"-73,5","865,7",Speedwayr-15-32-c2,"0,15033011721279282",
2025-07-25T14:05:27.1423170+03:00,A20000000000000000000000,,1,"-59,5","865,7",Speedwayr-15-32-c2,"0,5829126993965437",
2025-07-25T14:05:27.1455560+03:00,A30000000000000000000000,,1,"-63,5","865,7",Speedwayr-15-32-c2,"3,7429131224409646",
2025-07-25T14:05:27.1475890+03:00,A40000000000000000000000,,1,-68,"865,7",Speedwayr-15-32-c2,"3,9638063558964967",
2025-07-25T14:05:27.1486600+03:00,A70000000000000000000000,,1,"-65,5","865,7",Speedwayr-15-32-c2,"6,258641614573416",
2025-07-25T14:05:27.1498430+03:00,A60000000000000000000000,,1,-62,"865,7",Speedwayr-15-32-c2,"5,859806609723149",
2025-07-25T14:05:27.1724040+03:00,A60000000000000000000000,,1,"-62,5","865,7",Speedwayr-15-32-c2,"5,816855147662351",
2025-07-25T14:05:27.1735020+03:00,A20000000000000000000000,,1,"-60,5","865,7",Speedwayr-15-32-c2,"0,5645049299419159",
2025-07-25T14:05:27.1758620+03:00,A70000000000000000000000,,1,-65,"865,7",Speedwayr-15-32-c2,"0,28225246497095796",
2025-07-25T14:05:27.1769200+03:00,A30000000000000000000000,,1,"-63,5","865,7",Speedwayr-15-32-c2,"4,381049130201391",
2025-07-25T14:05:27.1780910+03:00,A40000000000000000000000,,1,"-67,5","865,7",Speedwayr-15-32-c2,"4,09266074207889",
2025-07-25T14:05:27.1932550+03:00,A20000000000000000000000,,1,-60,"865,7",Speedwayr-15-32-c2,"0,5154175447295755",
2025-07-25T14:05:27.1976440+03:00,A70000000000000000000000,,1,"-66,5","865,7",Speedwayr-15-32-c2,"0,12885438618239387",
2025-07-25T14:05:27.1988300+03:00,A30000000000000000000000,,1,"-63,5","865,7",Speedwayr-15-32-c2,"4,221515128261284",
2025-07-25T14:05:27.2011120+03:00,A60000000000000000000000,,1,-63,"865,7",Speedwayr-15-32-c2,"5,460971604872882",
2025-07-25T14:05:27.2072200+03:00,A40000000000000000000000,,1,"-67,5","865,7",Speedwayr-15-32-c2,"3,8840393549264434",
2025-07-25T14:05:27.2298660+03:00,A80000000000000000000000,,1,-75,"865,7",Speedwayr-15-32-c2,"0,04601942363656923",
2025-07-25T14:05:27.2383860+03:00,A60000000000000000000000,,1,"-60,5","865,7",Speedwayr-15-32-c2,"5,786175531904639",
2025-07-25T14:05:27.2400770+03:00,A20000000000000000000000,,1,"-60,5","865,7",Speedwayr-15-32-c2,"0,5460971604872883",
2025-07-25T14:05:27.2412040+03:00,A30000000000000000000000,,1,"-62,5","865,7",Speedwayr-15-32-c2,"4,049709280018092",
2025-07-25T14:05:27.2481910+03:00,A70000000000000000000000,,1,-66,"865,7",Speedwayr-15-32-c2,"0,25770877236478773",
2025-07-25T14:05:27.2500270+03:00,A40000000000000000000000,,1,"-67,5","865,7",Speedwayr-15-32-c2,"3,80427235395639",
2025-07-25T14:05:27.2869340+03:00,A30000000000000000000000,,1,-61,"865,7",Speedwayr-15-32-c2,"4,172427743048944",
2025-07-25T14:05:27.2888590+03:00,A70000000000000000000000,,1,"-64,5","865,7",Speedwayr-15-32-c2,"0,20248546400090464",
2025-07-25T14:05:27.2902060+03:00,A20000000000000000000000,,1,-60,"865,7",Speedwayr-15-32-c2,"0,607456392002714",
2025-07-25T14:05:27.2937590+03:00,A60000000000000000000000,,1,"-62,5","865,7",Speedwayr-15-32-c2,"6,062292073724054",
2025-07-25T14:05:27.2976150+03:00,A40000000000000000000000,,1,"-68,5","865,7",Speedwayr-15-32-c2,"3,9576704327449543",
2025-07-25T14:05:27.3121410+03:00,A30000000000000000000000,,1,"-63,5","865,7",Speedwayr-15-32-c2,"4,080388895775806",
2025-07-25T14:05:27.3148530+03:00,A20000000000000000000000,,1,-61,"865,7",Speedwayr-15-32-c2,"0,7363107781851077",
2025-07-25T14:05:27.3177070+03:00,A60000000000000000000000,,1,-64,"865,7",Speedwayr-15-32-c2,"5,773903685601553",
2025-07-25T14:05:27.3196060+03:00,A70000000000000000000000,,1,"-65,5","865,7",Speedwayr-15-32-c2,"0,18407769454627693",
2025-07-25T14:05:27.3207910+03:00,A40000000000000000000000,,1,-68,"865,7",Speedwayr-15-32-c2,"3,8533597391687304",
2025-07-25T14:05:27.3496570+03:00,A80000000000000000000000,,1,"-74,5","865,7",Speedwayr-15-32-c2,"0,35588354278946877",
2025-07-25T14:05:27.3545510+03:00,A40000000000000000000000,,1,"-67,5","865,7",Speedwayr-15-32-c2,"3,859495662320273",
2025-07-25T14:05:27.3558920+03:00,A30000000000000000000000,,1,"-63,5","865,7",Speedwayr-15-32-c2,"3,8410878928656453",
2025-07-25T14:05:27.3581330+03:00,A60000000000000000000000,,1,-64,"865,7",Speedwayr-15-32-c2,"5,66959299202533",
2025-07-25T14:05:27.3612460+03:00,A70000000000000000000000,,1,-64,"865,7",Speedwayr-15-32-c2,"0,1227184630308513",
2025-07-25T14:05:27.3626220+03:00,A20000000000000000000000,,1,-59,"865,7",Speedwayr-15-32-c2,"0,6994952392758523",
2025-07-25T14:05:27.3976030+03:00,A30000000000000000000000,,1,-63,"865,7",Speedwayr-15-32-c2,"4,0128937411088375",
2025-07-25T14:05:27.3997720+03:00,A20000000000000000000000,,1,-61,"865,7",Speedwayr-15-32-c2,"0,5583690067903734",
2025-07-25T14:05:27.4008400+03:00,A70000000000000000000000,,1,"-65,5","865,7",Speedwayr-15-32-c2,"0,16566992509164924",
2025-07-25T14:05:27.4021800+03:00,A60000000000000000000000,,1,"-63,5","865,7",Speedwayr-15-32-c2,"5,749359992995383",
2025-07-25T14:05:27.4059890+03:00,A40000000000000000000000,,1,"-68,5","865,7",Speedwayr-15-32-c2,"3,810408277107933",
2025-07-25T14:05:27.4203400+03:00,A20000000000000000000000,,1,"-60,5","865,7",Speedwayr-15-32-c2,"0,6135923151542565",
2025-07-25T14:05:27.4218970+03:00,A30000000000000000000000,,1,"-63,5","865,7",Speedwayr-15-32-c2,"3,7429131224409646",
2025-07-25T14:05:27.4264920+03:00,A60000000000000000000000,,1,-65,"865,7",Speedwayr-15-32-c2,"6,050020227420969",
2025-07-25T14:05:27.4292110+03:00,A40000000000000000000000,,1,"-67,5","865,7",Speedwayr-15-32-c2,"3,6201946594101133",
2025-07-25T14:05:27.4302920+03:00,A70000000000000000000000,,1,-66,"865,7",Speedwayr-15-32-c2,"0,1902136176978195",
2025-07-25T14:05:27.4505970+03:00,A80000000000000000000000,,1,-73,"865,7",Speedwayr-15-32-c2,"6,21875811408839",
2025-07-25T14:05:27.4596450+03:00,A70000000000000000000000,,1,"-65,5","865,7",Speedwayr-15-32-c2,"0,35588354278946877",
2025-07-25T14:05:27.4608270+03:00,A20000000000000000000000,,1,"-60,5","865,7",Speedwayr-15-32-c2,"0,619728238305799",
2025-07-25T14:05:27.4670290+03:00,A30000000000000000000000,,1,-63,"865,7",Speedwayr-15-32-c2,"3,9760782021995817",
2025-07-25T14:05:27.4690110+03:00,A60000000000000000000000,,1,-64,"865,7",Speedwayr-15-32-c2,"5,712544454086128",
2025-07-25T14:05:27.4700650+03:00,A40000000000000000000000,,1,"-68,5","865,7",Speedwayr-15-32-c2,"3,6570101983193686",
2025-07-25T14:05:27.5086090+03:00,A80000000000000000000000,,1,"-73,5","865,7",Speedwayr-15-32-c2,"6,19728238305799",
2025-07-25T14:05:27.5140140+03:00,A30000000000000000000000,,1,-64,"865,7",Speedwayr-15-32-c2,"3,988350048502667",
2025-07-25T14:05:27.5159410+03:00,A20000000000000000000000,,1,-60,"865,7",Speedwayr-15-32-c2,"0,705631162427395",
2025-07-25T14:05:27.5177440+03:00,A60000000000000000000000,,1,"-63,5","865,7",Speedwayr-15-32-c2,"5,706408530934585",
2025-07-25T14:05:27.5188030+03:00,A70000000000000000000000,,1,-66,"865,7",Speedwayr-15-32-c2,"0,5154175447295755",
2025-07-25T14:05:27.5202510+03:00,A40000000000000000000000,,1,"-66,5","865,7",Speedwayr-15-32-c2,"3,749049045592507",
2025-07-25T14:05:27.5400950+03:00,A80000000000000000000000,,1,-73,"865,7",Speedwayr-15-32-c2,"6,249437729846102",
2025-07-25T14:05:27.5469390+03:00,A20000000000000000000000,,1,-59,"865,7",Speedwayr-15-32-c2,"0,5583690067903734",
2025-07-25T14:05:27.5486800+03:00,A40000000000000000000000,,1,"-67,5","865,7",Speedwayr-15-32-c2,"3,54042765844006",
2025-07-25T14:05:27.5517440+03:00,A70000000000000000000000,,1,"-62,5","865,7",Speedwayr-15-32-c2,"0,2454369260617026",
2025-07-25T14:05:27.5528840+03:00,A60000000000000000000000,,1,"-60,5","865,7",Speedwayr-15-32-c2,"5,835262917116979",
2025-07-25T14:05:27.5561820+03:00,A30000000000000000000000,,1,"-62,5","865,7",Speedwayr-15-32-c2,"3,8840393549264434",
2025-07-25T14:05:27.6067930+03:00,A60000000000000000000000,,1,"-63,5","865,7",Speedwayr-15-32-c2,"5,749359992995383",
2025-07-25T14:05:27.6081360+03:00,A30000000000000000000000,,1,-64,"865,7",Speedwayr-15-32-c2,"3,8533597391687304",
2025-07-25T14:05:27.6099170+03:00,A20000000000000000000000,,1,-60,"865,7",Speedwayr-15-32-c2,"0,4970097752749477",
2025-07-25T14:05:27.6121700+03:00,A70000000000000000000000,,1,-61,"865,7",Speedwayr-15-32-c2,"0,1043106935762236",
2025-07-25T14:05:27.6271900+03:00,A20000000000000000000000,,1,-59,"865,7",Speedwayr-15-32-c2,"0,5031456984264903",
2025-07-25T14:05:27.6289740+03:00,A60000000000000000000000,,1,-63,"865,7",Speedwayr-15-32-c2,"5,859806609723149",
2025-07-25T14:05:27.6307820+03:00,A70000000000000000000000,,1,"-65,5","865,7",Speedwayr-15-32-c2,"0,1043106935762236",
2025-07-25T14:05:27.6364030+03:00,A30000000000000000000000,,1,"-63,5","865,7",Speedwayr-15-32-c2,"3,8717675086233583",
2025-07-25T14:05:27.6598460+03:00,A80000000000000000000000,,1,-74,"865,7",Speedwayr-15-32-c2,"6,10217557420908",
2025-07-25T14:05:27.6652800+03:00,A70000000000000000000000,,1,-66,"865,7",Speedwayr-15-32-c2,"0,18407769454627693",
2025-07-25T14:05:27.6670080+03:00,A30000000000000000000000,,1,"-64,5","865,7",Speedwayr-15-32-c2,"3,9760782021995817",
2025-07-25T14:05:27.6684070+03:00,A60000000000000000000000,,1,-63,"865,7",Speedwayr-15-32-c2,"5,859806609723149",
2025-07-25T14:05:27.6700170+03:00,A20000000000000000000000,,1,-60,"865,7",Speedwayr-15-32-c2,"0,39269908169872414",
2025-07-25T14:05:27.6776200+03:00,A40000000000000000000000,,1,"-66,5","865,7",Speedwayr-15-32-c2,"3,5036121195308043",
2025-07-25T14:05:27.7156370+03:00,A20000000000000000000000,,1,"-58,5","865,7",Speedwayr-15-32-c2,"0,4479223900626072",
2025-07-25T14:05:27.7178450+03:00,A60000000000000000000000,,1,-63,"865,7",Speedwayr-15-32-c2,"5,737088146692298",
2025-07-25T14:05:27.7200530+03:00,A70000000000000000000000,,1,"-64,5","865,7",Speedwayr-15-32-c2,"0,1718058482431918",
2025-07-25T14:05:27.7239130+03:00,A30000000000000000000000,,1,-62,"865,7",Speedwayr-15-32-c2,"3,724505352986337",
2025-07-25T14:05:27.7394950+03:00,A20000000000000000000000,,1,-59,"865,7",Speedwayr-15-32-c2,"0,3620194659410113",
2025-07-25T14:05:27.7446240+03:00,A60000000000000000000000,,1,-63,"865,7",Speedwayr-15-32-c2,"6,1850105367549055",
2025-07-25T14:05:27.7491190+03:00,A30000000000000000000000,,1,-63,"865,7",Speedwayr-15-32-c2,"3,80427235395639",
2025-07-25T14:05:27.7549430+03:00,A40000000000000000000000,,1,"-61,5","865,7",Speedwayr-15-32-c2,"3,7122335066832517",
2025-07-25T14:05:27.7573950+03:00,A70000000000000000000000,,1,"-65,5","865,7",Speedwayr-15-32-c2,"6,135923151542564",
2025-07-25T14:05:27.7761890+03:00,A20000000000000000000000,,1,-59,"865,7",Speedwayr-15-32-c2,"0,30066023442558565",
2025-07-25T14:05:27.7776540+03:00,A70000000000000000000000,,1,"-64,5","865,7",Speedwayr-15-32-c2,"0,07363107781851078",
2025-07-25T14:05:27.7790210+03:00,A60000000000000000000000,,1,-63,"865,7",Speedwayr-15-32-c2,"5,64504929941916",
2025-07-25T14:05:27.7826270+03:00,A30000000000000000000000,,1,"-63,5","865,7",Speedwayr-15-32-c2,"3,9208548938356986",
2025-07-25T14:05:27.8103520+03:00,A80000000000000000000000,,1,"-74,5","865,7",Speedwayr-15-32-c2,"6,0469522658451975",
2025-07-25T14:05:27.8169060+03:00,A70000000000000000000000,,1,-65,"865,7",Speedwayr-15-32-c2,"0,2270291566070749",
2025-07-25T14:05:27.8180020+03:00,A20000000000000000000000,,1,"-59,5","865,7",Speedwayr-15-32-c2,"0,2638446955163303",
2025-07-25T14:05:27.8196690+03:00,A60000000000000000000000,,1,-63,"865,7",Speedwayr-15-32-c2,"5,651185222570702",
2025-07-25T14:05:27.8215780+03:00,A40000000000000000000000,,1,-67,"865,7",Speedwayr-15-32-c2,"3,5342917352885173",
2025-07-25T14:05:27.8251270+03:00,A30000000000000000000000,,1,-62,"865,7",Speedwayr-15-32-c2,"3,718369429834794",
2025-07-25T14:05:27.8698890+03:00,A80000000000000000000000,,1,-73,"865,7",Speedwayr-15-32-c2,"2,675262494072558",
2025-07-25T14:05:27.8759760+03:00,A30000000000000000000000,,1,-64,"865,7",Speedwayr-15-32-c2,"3,6999616603801666",
2025-07-25T14:05:27.8770310+03:00,A70000000000000000000000,,1,-66,"865,7",Speedwayr-15-32-c2,0,
2025-07-25T14:05:27.8788840+03:00,A40000000000000000000000,,1,"-68,5","865,7",Speedwayr-15-32-c2,"3,4606606574700063",
2025-07-25T14:05:27.8811300+03:00,A60000000000000000000000,,1,-61,"865,7",Speedwayr-15-32-c2,"5,620505606812989",
2025-07-25T14:05:27.8826660+03:00,A20000000000000000000000,,1,"-59,5","865,7",Speedwayr-15-32-c2,"0,23316507975861744",
2025-07-25T14:05:27.9160310+03:00,A60000000000000000000000,,1,-63,"865,7",Speedwayr-15-32-c2,"5,66959299202533",
2025-07-25T14:05:27.9174830+03:00,A40000000000000000000000,,1,"-68,5","865,7",Speedwayr-15-32-c2,"3,693825737228624",
2025-07-25T14:05:27.9185590+03:00,A20000000000000000000000,,1,"-59,5","865,7",Speedwayr-15-32-c2,"0,14112623248547898",
2025-07-25T14:05:27.9198570+03:00,A70000000000000000000000,,1,"-65,5","865,7",Speedwayr-15-32-c2,"6,2463697682703305",
2025-07-25T14:05:27.9223680+03:00,A30000000000000000000000,,1,"-63,5","865,7",Speedwayr-15-32-c2,"3,9147189706841563",
2025-07-25T14:05:27.9405570+03:00,A70000000000000000000000,,1,"-66,5","865,7",Speedwayr-15-32-c2,"6,2463697682703305",
2025-07-25T14:05:27.9444990+03:00,A20000000000000000000000,,1,-60,"865,7",Speedwayr-15-32-c2,"0,11044661672776616",
2025-07-25T14:05:27.9456100+03:00,A60000000000000000000000,,1,"-59,5","865,7",Speedwayr-15-32-c2,"5,565282298449106",
2025-07-25T14:05:27.9475100+03:00,A30000000000000000000000,,1,"-63,5","865,7",Speedwayr-15-32-c2,"3,706097583531709",
2025-07-25T14:05:27.9487210+03:00,A40000000000000000000000,,1,-67,"865,7",Speedwayr-15-32-c2,"3,466796580621549",
2025-07-25T14:05:27.9740560+03:00,A70000000000000000000000,,1,"-65,5","865,7",Speedwayr-15-32-c2,"6,007068765360171",
2025-07-25T14:05:27.9776490+03:00,A30000000000000000000000,,1,"-64,5","865,7",Speedwayr-15-32-c2,"3,767456815047135",
2025-07-25T14:05:27.9787280+03:00,A20000000000000000000000,,1,-59,"865,7",Speedwayr-15-32-c2,"0,006135923151542565",
2025-07-25T14:05:27.9808180+03:00,A60000000000000000000000,,1,-63,"865,7",Speedwayr-15-32-c2,"5,64504929941916",
2025-07-25T14:05:27.9882520+03:00,A40000000000000000000000,,1,-66,"865,7",Speedwayr-15-32-c2,"3,4913402732277192",
2025-07-25T14:05:28.0204780+03:00,A80000000000000000000000,,1,"-73,5","865,7",Speedwayr-15-32-c2,"5,862874571298921",
2025-07-25T14:05:28.0259800+03:00,A20000000000000000000000,,1,"-59,5","865,7",Speedwayr-15-32-c2,"6,22182607566416",
2025-07-25T14:05:28.0290780+03:00,A30000000000000000000000,,1,-65,"865,7",Speedwayr-15-32-c2,"3,724505352986337",
2025-07-25T14:05:28.0325590+03:00,A60000000000000000000000,,1,"-60,5","865,7",Speedwayr-15-32-c2,"5,688000761479957",
2025-07-25T14:05:28.0362440+03:00,A40000000000000000000000,,1,-65,"865,7",Speedwayr-15-32-c2,"3,552699504743145",
2025-07-25T14:05:28.0373260+03:00,A70000000000000000000000,,1,-65,"865,7",Speedwayr-15-32-c2,"6,2463697682703305",
2025-07-25T14:05:28.0602040+03:00,A80000000000000000000000,,1,"-73,5","865,7",Speedwayr-15-32-c2,"5,688000761479957",
2025-07-25T14:05:28.0656190+03:00,A30000000000000000000000,,1,"-63,5","865,7",Speedwayr-15-32-c2,"3,429981041712294",
2025-07-25T14:05:28.0671110+03:00,A20000000000000000000000,,1,"-59,5","865,7",Speedwayr-15-32-c2,"6,209554229361076",
2025-07-25T14:05:28.0682080+03:00,A40000000000000000000000,,1,"-67,5","865,7",Speedwayr-15-32-c2,"3,6079228131070282",
2025-07-25T14:05:28.0722410+03:00,A70000000000000000000000,,1,"-64,5","865,7",Speedwayr-15-32-c2,"6,209554229361076",
2025-07-25T14:05:28.0762900+03:00,A60000000000000000000000,,1,"-63,5","865,7",Speedwayr-15-32-c2,"5,5284667595398505",
2025-07-25T14:05:28.0988430+03:00,A80000000000000000000000,,1,"-72,5","865,7",Speedwayr-15-32-c2,"2,531068300011308",
2025-07-25T14:05:28.1021960+03:00,A20000000000000000000000,,1,-59,"865,7",Speedwayr-15-32-c2,"6,22182607566416",
2025-07-25T14:05:28.1051000+03:00,A60000000000000000000000,,1,"-62,5","865,7",Speedwayr-15-32-c2,"5,516194913236766",
2025-07-25T14:05:28.1071080+03:00,A70000000000000000000000,,1,-65,"865,7",Speedwayr-15-32-c2,"0,018407769454627694",
2025-07-25T14:05:28.1101590+03:00,A40000000000000000000000,,1,"-67,5","865,7",Speedwayr-15-32-c2,"3,429981041712294",
2025-07-25T14:05:28.1165780+03:00,A30000000000000000000000,,1,-61,"865,7",Speedwayr-15-32-c2,"3,6692820446224537",
2025-07-25T14:05:28.1448510+03:00,A30000000000000000000000,,1,"-64,5","865,7",Speedwayr-15-32-c2,"3,7981364308048478",
2025-07-25T14:05:28.1482130+03:00,A60000000000000000000000,,1,"-63,5","865,7",Speedwayr-15-32-c2,"5,589825991055276",
2025-07-25T14:05:28.1499740+03:00,A40000000000000000000000,,1,"-68,5","865,7",Speedwayr-15-32-c2,"3,497476196379262",
2025-07-25T14:05:28.1513270+03:00,A20000000000000000000000,,1,"-58,5","865,7",Speedwayr-15-32-c2,"6,160466844148735",
2025-07-25T14:05:28.1539550+03:00,A70000000000000000000000,,1,-64,"865,7",Speedwayr-15-32-c2,"6,080699843178682",
2025-07-25T14:05:28.1669120+03:00,A60000000000000000000000,,1,"-64,5","865,7",Speedwayr-15-32-c2,"5,743224069843841",
2025-07-25T14:05:28.1695040+03:00,A30000000000000000000000,,1,"-63,5","865,7",Speedwayr-15-32-c2,"3,7122335066832517",
2025-07-25T14:05:28.1717100+03:00,A20000000000000000000000,,1,"-59,5","865,7",Speedwayr-15-32-c2,"6,14819499784565",
2025-07-25T14:05:28.1769430+03:00,A70000000000000000000000,,1,"-64,5","865,7",Speedwayr-15-32-c2,"6,2034183062095325",
2025-07-25T14:05:28.1780800+03:00,A40000000000000000000000,,1,-68,"865,7",Speedwayr-15-32-c2,"3,5158839658338894",
2025-07-25T14:05:28.1966740+03:00,A20000000000000000000000,,1,"-59,5","865,7",Speedwayr-15-32-c2,"6,135923151542564",
2025-07-25T14:05:28.1990150+03:00,A60000000000000000000000,,1,"-62,5","865,7",Speedwayr-15-32-c2,"5,724816300389213",
2025-07-25T14:05:28.2001010+03:00,A70000000000000000000000,,1,"-65,5","865,7",Speedwayr-15-32-c2,"0,018407769454627694",
2025-07-25T14:05:28.2032030+03:00,A30000000000000000000000,,1,"-64,5","865,7",Speedwayr-15-32-c2,"3,8533597391687304",
2025-07-25T14:05:28.2080580+03:00,A40000000000000000000000,,1,"-67,5","865,7",Speedwayr-15-32-c2,"3,485204350076177",
2025-07-25T14:05:28.2203620+03:00,A60000000000000000000000,,1,"-63,5","865,7",Speedwayr-15-32-c2,"5,767767762450011",
2025-07-25T14:05:28.2259310+03:00,A20000000000000000000000,,1,"-59,5","865,7",Speedwayr-15-32-c2,"6,14819499784565",
2025-07-25T14:05:28.2276340+03:00,A40000000000000000000000,,1,-68,"865,7",Speedwayr-15-32-c2,"3,423845118560751",
2025-07-25T14:05:28.2354600+03:00,A30000000000000000000000,,1,"-64,5","865,7",Speedwayr-15-32-c2,"3,718369429834794",
2025-07-25T14:05:28.2376210+03:00,A70000000000000000000000,,1,-66,"865,7",Speedwayr-15-32-c2,"6,191146459906448",
2025-07-25T14:05:28.2786410+03:00,A20000000000000000000000,,1,"-59,5","865,7",Speedwayr-15-32-c2,"6,154330920997192",
2025-07-25T14:05:28.2799390+03:00,A70000000000000000000000,,1,-65,"865,7",Speedwayr-15-32-c2,"6,166602767300278",
2025-07-25T14:05:28.2815080+03:00,A30000000000000000000000,,1,"-64,5","865,7",Speedwayr-15-32-c2,"3,6201946594101133",
2025-07-25T14:05:28.2887850+03:00,A40000000000000000000000,,1,"-67,5","865,7",Speedwayr-15-32-c2,"3,5895150436524004",
2025-07-25T14:05:28.2901210+03:00,A60000000000000000000000,,1,"-63,5","865,7",Speedwayr-15-32-c2,"5,620505606812989",
2025-07-25T14:05:28.3068820+03:00,A60000000000000000000000,,1,-63,"865,7",Speedwayr-15-32-c2,"5,651185222570702",
2025-07-25T14:05:28.3082380+03:00,A40000000000000000000000,,1,"-67,5","865,7",Speedwayr-15-32-c2,"3,5895150436524004",
2025-07-25T14:05:28.3105430+03:00,A30000000000000000000000,,1,"-64,5","865,7",Speedwayr-15-32-c2,"3,7122335066832517",
2025-07-25T14:05:28.3127010+03:00,A20000000000000000000000,,1,"-58,5","865,7",Speedwayr-15-32-c2,"6,050020227420969",
2025-07-25T14:05:28.3145540+03:00,A70000000000000000000000,,1,-63,"865,7",Speedwayr-15-32-c2,"6,2034183062095325",
2025-07-25T14:05:28.3392880+03:00,A80000000000000000000000,,1,"-73,5","865,7",Speedwayr-15-32-c2,"5,721748338813441",
2025-07-25T14:05:28.3446970+03:00,A20000000000000000000000,,1,"-58,5","865,7",Speedwayr-15-32-c2,"6,050020227420969",
2025-07-25T14:05:28.3464830+03:00,A60000000000000000000000,,1,"-63,5","865,7",Speedwayr-15-32-c2,"5,3198453723874035",
2025-07-25T14:05:28.3475820+03:00,A70000000000000000000000,,1,-66,"865,7",Speedwayr-15-32-c2,"0,0859029241215959",
2025-07-25T14:05:28.3486800+03:00,A30000000000000000000000,,1,"-64,5","865,7",Speedwayr-15-32-c2,"3,718369429834794",
2025-07-25T14:05:28.3505310+03:00,A40000000000000000000000,,1,-68,"865,7",Speedwayr-15-32-c2,"3,479068426924634",
2025-07-25T14:05:28.3893970+03:00,A30000000000000000000000,,1,-65,"865,7",Speedwayr-15-32-c2,"3,749049045592507",
2025-07-25T14:05:28.3904810+03:00,A20000000000000000000000,,1,-59,"865,7",Speedwayr-15-32-c2,"6,019340611663256",
2025-07-25T14:05:28.3935520+03:00,A60000000000000000000000,,1,-63,"865,7",Speedwayr-15-32-c2,"5,4671075280244255",
2025-07-25T14:05:28.3963130+03:00,A40000000000000000000000,,1,"-66,5","865,7",Speedwayr-15-32-c2,"3,6999616603801666",
2025-07-25T14:05:28.3989680+03:00,A70000000000000000000000,,1,"-65,5","865,7",Speedwayr-15-32-c2,"6,19728238305799",
2025-07-25T14:05:28.4128620+03:00,A20000000000000000000000,,1,"-58,5","865,7",Speedwayr-15-32-c2,"5,976389149602458",
2025-07-25T14:05:28.4159140+03:00,A60000000000000000000000,,1,-63,"865,7",Speedwayr-15-32-c2,"5,6941366846315",
2025-07-25T14:05:28.4179780+03:00,A30000000000000000000000,,1,"-64,5","865,7",Speedwayr-15-32-c2,"4,006757817957295",
2025-07-25T14:05:28.4194680+03:00,A70000000000000000000000,,1,-64,"865,7",Speedwayr-15-32-c2,"6,154330920997192",
2025-07-25T14:05:28.4315130+03:00,A40000000000000000000000,,1,"-67,5","865,7",Speedwayr-15-32-c2,"3,3502140407422405",
2025-07-25T14:05:28.4494350+03:00,A30000000000000000000000,,1,"-65,5","865,7",Speedwayr-15-32-c2,"3,6692820446224537",
2025-07-25T14:05:28.4515280+03:00,A70000000000000000000000,,1,-65,"865,7",Speedwayr-15-32-c2,"0,39269908169872414",
2025-07-25T14:05:28.4582000+03:00,A20000000000000000000000,,1,"-58,5","865,7",Speedwayr-15-32-c2,"5,970253226450915",
2025-07-25T14:05:28.4593290+03:00,A60000000000000000000000,,1,-63,"865,7",Speedwayr-15-32-c2,"5,663457068873787",
2025-07-25T14:05:28.4605550+03:00,A40000000000000000000000,,1,"-67,5","865,7",Speedwayr-15-32-c2,"3,6201946594101133",
2025-07-25T14:05:28.4760180+03:00,A70000000000000000000000,,1,-65,"865,7",Speedwayr-15-32-c2,"0,018407769454627694",
2025-07-25T14:05:28.4776120+03:00,A30000000000000000000000,,1,-64,"865,7",Speedwayr-15-32-c2,"3,706097583531709",
2025-07-25T14:05:28.4797950+03:00,A20000000000000000000000,,1,-59,"865,7",Speedwayr-15-32-c2,"5,939573610693203",
2025-07-25T14:05:28.4809240+03:00,A60000000000000000000000,,1,-62,"865,7",Speedwayr-15-32-c2,"5,66959299202533",
2025-07-25T14:05:28.4875420+03:00,A40000000000000000000000,,1,"-66,5","865,7",Speedwayr-15-32-c2,"3,485204350076177",
2025-07-25T14:05:28.4998990+03:00,A20000000000000000000000,,1,-59,"865,7",Speedwayr-15-32-c2,"5,9088939949354895",
2025-07-25T14:05:28.5047870+03:00,A30000000000000000000000,,1,-65,"865,7",Speedwayr-15-32-c2,"3,7429131224409646",
2025-07-25T14:05:28.5073370+03:00,A60000000000000000000000,,1,-63,"865,7",Speedwayr-15-32-c2,"5,608233760509904",
2025-07-25T14:05:28.5087900+03:00,A40000000000000000000000,,1,"-66,5","865,7",Speedwayr-15-32-c2,"3,650874275167826",
2025-07-25T14:05:28.5098890+03:00,A70000000000000000000000,,1,-66,"865,7",Speedwayr-15-32-c2,"6,258641614573416",
2025-07-25T14:05:28.5199100+03:00,A80000000000000000000000,,1,-74,"865,7",Speedwayr-15-32-c2,"5,9088939949354895",
2025-07-25T14:05:28.5277490+03:00,A20000000000000000000000,,1,"-59,5","865,7",Speedwayr-15-32-c2,"5,945709533844745",
2025-07-25T14:05:28.5317080+03:00,A30000000000000000000000,,1,-64,"865,7",Speedwayr-15-32-c2,"3,749049045592507",
2025-07-25T14:05:28.5338430+03:00,A60000000000000000000000,,1,"-61,5","865,7",Speedwayr-15-32-c2,"5,620505606812989",
2025-07-25T14:05:28.5376590+03:00,A70000000000000000000000,,1,-64,"865,7",Speedwayr-15-32-c2,"6,1850105367549055",
2025-07-25T14:05:28.5396930+03:00,A40000000000000000000000,,1,"-67,5","865,7",Speedwayr-15-32-c2,"3,54042765844006",
2025-07-25T14:05:28.5849780+03:00,A20000000000000000000000,,1,"-58,5","865,7",Speedwayr-15-32-c2,"5,872078456026235",
2025-07-25T14:05:28.5904210+03:00,A30000000000000000000000,,1,"-64,5","865,7",Speedwayr-15-32-c2,"3,6447383520162835",
2025-07-25T14:05:28.5916330+03:00,A60000000000000000000000,,1,-63,"865,7",Speedwayr-15-32-c2,"5,853670686571607",
2025-07-25T14:05:28.6004860+03:00,A70000000000000000000000,,1,"-65,5","865,7",Speedwayr-15-32-c2,0,
2025-07-25T14:05:28.6160700+03:00,A70000000000000000000000,,1,-64,"865,7",Speedwayr-15-32-c2,"6,209554229361076",
2025-07-25T14:05:28.6199620+03:00,A60000000000000000000000,,1,-62,"865,7",Speedwayr-15-32-c2,"5,589825991055276",
2025-07-25T14:05:28.6210460+03:00,A30000000000000000000000,,1,"-61,5","865,7",Speedwayr-15-32-c2,"3,6386024288647407",
2025-07-25T14:05:28.6222260+03:00,A20000000000000000000000,,1,"-57,5","865,7",Speedwayr-15-32-c2,"5,939573610693203",
2025-07-25T14:05:28.6521390+03:00,A60000000000000000000000,,1,"-62,5","865,7",Speedwayr-15-32-c2,"5,473243451175968",
2025-07-25T14:05:28.6562160+03:00,A20000000000000000000000,,1,-58,"865,7",Speedwayr-15-32-c2,"5,915029918087033",
2025-07-25T14:05:28.6596710+03:00,A70000000000000000000000,,1,"-65,5","865,7",Speedwayr-15-32-c2,"5,9518454569962875",
2025-07-25T14:05:28.6644440+03:00,A30000000000000000000000,,1,-63,"865,7",Speedwayr-15-32-c2,"3,6815538909255388",
2025-07-25T14:05:28.6674290+03:00,A40000000000000000000000,,1,"-67,5","865,7",Speedwayr-15-32-c2,"3,5833791205008576",
2025-07-25T14:05:28.6849370+03:00,A30000000000000000000000,,1,"-62,5","865,7",Speedwayr-15-32-c2,"3,718369429834794",
2025-07-25T14:05:28.6883030+03:00,A60000000000000000000000,,1,-63,"865,7",Speedwayr-15-32-c2,"5,5714182216006485",
2025-07-25T14:05:28.6893420+03:00,A70000000000000000000000,,1,-65,"865,7",Speedwayr-15-32-c2,"6,160466844148735",
2025-07-25T14:05:28.6904120+03:00,A40000000000000000000000,,1,-68,"865,7",Speedwayr-15-32-c2,"3,4606606574700063",
2025-07-25T14:05:28.6917910+03:00,A20000000000000000000000,,1,-58,"865,7",Speedwayr-15-32-c2,"5,620505606812989",
2025-07-25T14:05:28.7166580+03:00,A60000000000000000000000,,1,"-62,5","865,7",Speedwayr-15-32-c2,"5,540738605842936",
2025-07-25T14:05:28.7180560+03:00,A30000000000000000000000,,1,-65,"865,7",Speedwayr-15-32-c2,"3,6324665057131984",
2025-07-25T14:05:28.7191240+03:00,A20000000000000000000000,,1,-59,"865,7",Speedwayr-15-32-c2,"5,859806609723149",
2025-07-25T14:05:28.7274960+03:00,A70000000000000000000000,,1,"-65,5","865,7",Speedwayr-15-32-c2,"6,12365130523948",
2025-07-25T14:05:28.7285680+03:00,A40000000000000000000000,,1,"-66,5","865,7",Speedwayr-15-32-c2,"3,5036121195308043",
2025-07-25T14:05:28.7593630+03:00,A80000000000000000000000,,1,"-73,5","865,7",Speedwayr-15-32-c2,"5,50392306693368",
2025-07-25T14:05:28.7656970+03:00,A60000000000000000000000,,1,-61,"865,7",Speedwayr-15-32-c2,"5,485515297479052",
2025-07-25T14:05:28.7668090+03:00,A20000000000000000000000,,1,"-59,5","865,7",Speedwayr-15-32-c2,"5,767767762450011",
2025-07-25T14:05:28.7683920+03:00,A30000000000000000000000,,1,"-63,5","865,7",Speedwayr-15-32-c2,"3,6815538909255388",
2025-07-25T14:05:28.7700750+03:00,A40000000000000000000000,,1,"-67,5","865,7",Speedwayr-15-32-c2,"3,6324665057131984",
2025-07-25T14:05:28.7721440+03:00,A70000000000000000000000,,1,"-64,5","865,7",Speedwayr-15-32-c2,"6,14819499784565",
2025-07-25T14:05:28.7973210+03:00,A70000000000000000000000,,1,"-64,5","865,7",Speedwayr-15-32-c2,"6,1420590746941075",
2025-07-25T14:05:28.7984150+03:00,A20000000000000000000000,,1,"-58,5","865,7",Speedwayr-15-32-c2,"6,043884304269426",
2025-07-25T14:05:28.8008870+03:00,A60000000000000000000000,,1,-63,"865,7",Speedwayr-15-32-c2,"5,301437602932776",
2025-07-25T14:05:28.8022280+03:00,A30000000000000000000000,,1,-64,"865,7",Speedwayr-15-32-c2,"3,6386024288647407",
2025-07-25T14:05:28.8073430+03:00,A40000000000000000000000,,1,-67,"865,7",Speedwayr-15-32-c2,"3,522019888985432",
2025-07-25T14:05:28.8242240+03:00,A60000000000000000000000,,1,-63,"865,7",Speedwayr-15-32-c2,"5,436427912266712",
2025-07-25T14:05:28.8254040+03:00,A20000000000000000000000,,1,"-58,5","865,7",Speedwayr-15-32-c2,"5,8659425328746915",
2025-07-25T14:05:28.8267720+03:00,A30000000000000000000000,,1,-65,"865,7",Speedwayr-15-32-c2,"3,9085830475326135",
2025-07-25T14:05:28.8281270+03:00,A40000000000000000000000,,1,"-67,5","865,7",Speedwayr-15-32-c2,"3,6140587362585705",
2025-07-25T14:05:28.8294090+03:00,A70000000000000000000000,,1,"-62,5","865,7",Speedwayr-15-32-c2,"6,056156150572511",
2025-07-25T14:05:28.8458450+03:00,A30000000000000000000000,,1,"-62,5","865,7",Speedwayr-15-32-c2,"3,767456815047135",
2025-07-25T14:05:28.8470970+03:00,A60000000000000000000000,,1,-63,"865,7",Speedwayr-15-32-c2,"5,368932757599744",
2025-07-25T14:05:28.8482530+03:00,A20000000000000000000000,,1,"-58,5","865,7",Speedwayr-15-32-c2,"5,859806609723149",
2025-07-25T14:05:28.8493220+03:00,A40000000000000000000000,,1,-66,"865,7",Speedwayr-15-32-c2,"3,9760782021995817",
2025-07-25T14:05:28.8561720+03:00,A70000000000000000000000,,1,-66,"865,7",Speedwayr-15-32-c2,"5,9518454569962875",
2025-07-25T14:05:28.8731530+03:00,A60000000000000000000000,,1,"-62,5","865,7",Speedwayr-15-32-c2,"5,338253141842031",
2025-07-25T14:05:28.8760080+03:00,A20000000000000000000000,,1,-58,"865,7",Speedwayr-15-32-c2,"5,829126993965437",
2025-07-25T14:05:28.8777980+03:00,A30000000000000000000000,,1,-65,"865,7",Speedwayr-15-32-c2,"3,8533597391687304",
2025-07-25T14:05:28.8877450+03:00,A70000000000000000000000,,1,-66,"865,7",Speedwayr-15-32-c2,"5,712544454086128",
2025-07-25T14:05:28.9215740+03:00,A40000000000000000000000,,1,"-67,5","865,7",Speedwayr-15-32-c2,"3,6754179677739964",
2025-07-25T14:05:28.9227820+03:00,A20000000000000000000000,,1,"-58,5","865,7",Speedwayr-15-32-c2,"5,64504929941916",
2025-07-25T14:05:28.9256450+03:00,A60000000000000000000000,,1,"-63,5","865,7",Speedwayr-15-32-c2,"5,252350217720435",
2025-07-25T14:05:28.9280880+03:00,A30000000000000000000000,,1,-65,"865,7",Speedwayr-15-32-c2,"3,9638063558964967",
2025-07-25T14:05:28.9295560+03:00,A70000000000000000000000,,1,"-65,5","865,7",Speedwayr-15-32-c2,"5,700272607783043",
2025-07-25T14:05:28.9489880+03:00,A80000000000000000000000,,1,"-73,5","865,7",Speedwayr-15-32-c2,"1,923611908008594",
2025-07-25T14:05:28.9542760+03:00,A40000000000000000000000,,1,-68,"865,7",Speedwayr-15-32-c2,"3,7122335066832517",
2025-07-25T14:05:28.9578140+03:00,A70000000000000000000000,,1,"-65,5","865,7",Speedwayr-15-32-c2,"5,681864838328415",
2025-07-25T14:05:28.9599520+03:00,A30000000000000000000000,,1,-64,"865,7",Speedwayr-15-32-c2,"4,000621894805752",
2025-07-25T14:05:28.9611080+03:00,A60000000000000000000000,,1,-63,"865,7",Speedwayr-15-32-c2,"5,485515297479052",
2025-07-25T14:05:28.9622830+03:00,A20000000000000000000000,,1,-58,"865,7",Speedwayr-15-32-c2,"5,872078456026235",
2025-07-25T14:05:28.9769290+03:00,A60000000000000000000000,,1,-63,"865,7",Speedwayr-15-32-c2,"5,301437602932776",
2025-07-25T14:05:28.9796290+03:00,A70000000000000000000000,,1,-66,"865,7",Speedwayr-15-32-c2,"5,700272607783043",
2025-07-25T14:05:28.9851490+03:00,A20000000000000000000000,,1,"-58,5","865,7",Speedwayr-15-32-c2,"5,853670686571607",
2025-07-25T14:05:28.9862340+03:00,A30000000000000000000000,,1,"-64,5","865,7",Speedwayr-15-32-c2,"4,196971435655114",
2025-07-25T14:05:28.9904410+03:00,A40000000000000000000000,,1,-68,"865,7",Speedwayr-15-32-c2,"4,252194744018997",
2025-07-25T14:05:29.0203890+03:00,A80000000000000000000000,,1,"-73,5","865,7",Speedwayr-15-32-c2,"1,6505633277649499",
2025-07-25T14:05:29.0275960+03:00,A20000000000000000000000,,1,"-59,5","865,7",Speedwayr-15-32-c2,"5,859806609723149",
2025-07-25T14:05:29.0287240+03:00,A60000000000000000000000,,1,"-63,5","865,7",Speedwayr-15-32-c2,"5,240078371417351",
2025-07-25T14:05:29.0300450+03:00,A30000000000000000000000,,1,-65,"865,7",Speedwayr-15-32-c2,"4,2092432819582",
2025-07-25T14:05:29.0322960+03:00,A70000000000000000000000,,1,-66,"865,7",Speedwayr-15-32-c2,"5,681864838328415",
2025-07-25T14:05:29.0365490+03:00,A40000000000000000000000,,1,"-66,5","865,7",Speedwayr-15-32-c2,"3,9392626632903265",
2025-07-25T14:05:29.0624980+03:00,A80000000000000000000000,,1,"-71,5","865,7",Speedwayr-15-32-c2,"1,3008157081270237",
2025-07-25T14:05:29.0675410+03:00,A30000000000000000000000,,1,-65,"865,7",Speedwayr-15-32-c2,"4,1172044346850605",
2025-07-25T14:05:29.0688680+03:00,A70000000000000000000000,,1,-66,"865,7",Speedwayr-15-32-c2,"5,387340527054372",
2025-07-25T14:05:29.0699820+03:00,A80000000000000000000000,,1,-70,"865,7",Speedwayr-15-32-c2,"4,816699673960914",
2025-07-25T14:05:29.0725410+03:00,A60000000000000000000000,,1,-61,"865,7",Speedwayr-15-32-c2,"5,092816215780329",
2025-07-25T14:05:29.0741110+03:00,A20000000000000000000000,,1,"-59,5","865,7",Speedwayr-15-32-c2,"5,859806609723149",
2025-07-25T14:05:29.0767340+03:00,A40000000000000000000000,,1,-67,"865,7",Speedwayr-15-32-c2,"3,8840393549264434",
2025-07-25T14:05:29.0922160+03:00,A30000000000000000000000,,1,-65,"865,7",Speedwayr-15-32-c2,"4,227651051412827",
2025-07-25T14:05:29.0947980+03:00,A20000000000000000000000,,1,"-58,5","865,7",Speedwayr-15-32-c2,"5,859806609723149",
2025-07-25T14:05:29.0958300+03:00,A70000000000000000000000,,1,-66,"865,7",Speedwayr-15-32-c2,"5,411884219660542",
2025-07-25T14:05:29.0972130+03:00,A60000000000000000000000,,1,"-62,5","865,7",Speedwayr-15-32-c2,"4,994641445355648",
2025-07-25T14:05:29.0999170+03:00,A40000000000000000000000,,1,"-68,5","865,7",Speedwayr-15-32-c2,"3,8410878928656453",
2025-07-25T14:05:29.1206520+03:00,A80000000000000000000000,,1,-73,"865,7",Speedwayr-15-32-c2,"1,3560390164909069",
2025-07-25T14:05:29.1244300+03:00,A60000000000000000000000,,1,"-61,5","865,7",Speedwayr-15-32-c2,"5,056000676871073",
2025-07-25T14:05:29.1288050+03:00,A70000000000000000000000,,1,"-64,5","865,7",Speedwayr-15-32-c2,"5,540738605842936",
2025-07-25T14:05:29.1303060+03:00,A30000000000000000000000,,1,-65,"865,7",Speedwayr-15-32-c2,"4,074252972624263",
2025-07-25T14:05:29.1317230+03:00,A20000000000000000000000,,1,"-58,5","865,7",Speedwayr-15-32-c2,"5,878214379177777",
2025-07-25T14:05:29.1381700+03:00,A40000000000000000000000,,1,"-67,5","865,7",Speedwayr-15-32-c2,"3,7981364308048478",
2025-07-25T14:05:29.1694380+03:00,A20000000000000000000000,,1,-59,"865,7",Speedwayr-15-32-c2,"5,872078456026235",
2025-07-25T14:05:29.1739810+03:00,A60000000000000000000000,,1,-63,"865,7",Speedwayr-15-32-c2,"4,773748211900116",
2025-07-25T14:05:29.1753460+03:00,A70000000000000000000000,,1,-65,"865,7",Speedwayr-15-32-c2,"5,197126909356553",
2025-07-25T14:05:29.1767450+03:00,A30000000000000000000000,,1,"-64,5","865,7",Speedwayr-15-32-c2,"4,000621894805752",
2025-07-25T14:05:29.1902420+03:00,A30000000000000000000000,,1,"-64,5","865,7",Speedwayr-15-32-c2,"4,147884050442774",
2025-07-25T14:05:29.1957640+03:00,A60000000000000000000000,,1,"-63,5","865,7",Speedwayr-15-32-c2,"4,859651136021712",
2025-07-25T14:05:29.1968330+03:00,A20000000000000000000000,,1,"-59,5","865,7",Speedwayr-15-32-c2,"5,872078456026235",
2025-07-25T14:05:29.1988910+03:00,A70000000000000000000000,,1,"-66,5","865,7",Speedwayr-15-32-c2,"5,522330836388308",
2025-07-25T14:05:29.2048490+03:00,A40000000000000000000000,,1,"-68,5","865,7",Speedwayr-15-32-c2,"3,8840393549264434",
2025-07-25T14:05:29.2193400+03:00,A80000000000000000000000,,1,"-73,5","865,7",Speedwayr-15-32-c2,"4,470020015898759",
2025-07-25T14:05:29.2255420+03:00,A20000000000000000000000,,1,"-59,5","865,7",Speedwayr-15-32-c2,"5,884350302329319",
2025-07-25T14:05:29.2275230+03:00,A30000000000000000000000,,1,-65,"865,7",Speedwayr-15-32-c2,"4,049709280018092",
2025-07-25T14:05:29.2286610+03:00,A60000000000000000000000,,1,-63,"865,7",Speedwayr-15-32-c2,"4,970097752749477",
2025-07-25T14:05:29.2300610+03:00,A40000000000000000000000,,1,"-68,5","865,7",Speedwayr-15-32-c2,"3,933126740138784",
2025-07-25T14:05:29.2311310+03:00,A70000000000000000000000,,1,"-64,5","865,7",Speedwayr-15-32-c2,"5,3627968344482015",
2025-07-25T14:05:29.2463090+03:00,A80000000000000000000000,,1,"-71,5","865,7",Speedwayr-15-32-c2,"1,184233168247715",
2025-07-25T14:05:29.2515190+03:00,A70000000000000000000000,,1,"-64,5","865,7",Speedwayr-15-32-c2,"5,565282298449106",
2025-07-25T14:05:29.2537250+03:00,A20000000000000000000000,,1,-58,"865,7",Speedwayr-15-32-c2,"5,976389149602458",
2025-07-25T14:05:29.2556480+03:00,A60000000000000000000000,,1,"-63,5","865,7",Speedwayr-15-32-c2,"4,970097752749477",
2025-07-25T14:05:29.2576790+03:00,A30000000000000000000000,,1,-66,"865,7",Speedwayr-15-32-c2,"4,2031073588066565",
2025-07-25T14:05:29.2595740+03:00,A40000000000000000000000,,1,-68,"865,7",Speedwayr-15-32-c2,"4,0558452031696355",
2025-07-25T14:05:29.2701980+03:00,A80000000000000000000000,,1,-73,"865,7",Speedwayr-15-32-c2,"1,3314953238847365",
2025-07-25T14:05:29.2750580+03:00,A60000000000000000000000,,1,"-63,5","865,7",Speedwayr-15-32-c2,"5,184855063053467",
2025-07-25T14:05:29.2777580+03:00,A40000000000000000000000,,1,-67,"865,7",Speedwayr-15-32-c2,"3,792000507653305",
2025-07-25T14:05:29.2793550+03:00,A30000000000000000000000,,1,"-64,5","865,7",Speedwayr-15-32-c2,"4,104932588381976",
2025-07-25T14:05:29.2832570+03:00,A20000000000000000000000,,1,"-59,5","865,7",Speedwayr-15-32-c2,"5,9088939949354895",
2025-07-25T14:05:29.2860390+03:00,A70000000000000000000000,,1,"-66,5","865,7",Speedwayr-15-32-c2,"5,491651220630596",
2025-07-25T14:05:29.3173830+03:00,A30000000000000000000000,,1,-64,"865,7",Speedwayr-15-32-c2,"3,988350048502667",
2025-07-25T14:05:29.3185380+03:00,A60000000000000000000000,,1,-63,"865,7",Speedwayr-15-32-c2,"5,111223985234957",
2025-07-25T14:05:29.3196070+03:00,A40000000000000000000000,,1,-69,"865,7",Speedwayr-15-32-c2,"3,7429131224409646",
2025-07-25T14:05:29.3220020+03:00,A20000000000000000000000,,1,"-59,5","865,7",Speedwayr-15-32-c2,"5,872078456026235",
2025-07-25T14:05:29.3269530+03:00,A70000000000000000000000,,1,"-66,5","865,7",Speedwayr-15-32-c2,"5,638913376267617",
2025-07-25T14:05:29.3398230+03:00,A70000000000000000000000,,1,-66,"865,7",Speedwayr-15-32-c2,"5,577554144752192",
2025-07-25T14:05:29.3434160+03:00,A60000000000000000000000,,1,-63,"865,7",Speedwayr-15-32-c2,"6,013204688511713",
2025-07-25T14:05:29.3448690+03:00,A20000000000000000000000,,1,-60,"865,7",Speedwayr-15-32-c2,"5,890486225480862",
2025-07-25T14:05:29.3470720+03:00,A40000000000000000000000,,1,-68,"865,7",Speedwayr-15-32-c2,"3,3072625786814425",
2025-07-25T14:05:29.3516460+03:00,A30000000000000000000000,,1,"-64,5","865,7",Speedwayr-15-32-c2,"3,5281558121369745",
2025-07-25T14:05:29.3794580+03:00,A70000000000000000000000,,1,-66,"865,7",Speedwayr-15-32-c2,"5,878214379177777",
2025-07-25T14:05:29.3807760+03:00,A20000000000000000000000,,1,-60,"865,7",Speedwayr-15-32-c2,"5,878214379177777",
2025-07-25T14:05:29.3825900+03:00,A60000000000000000000000,,1,"-64,5","865,7",Speedwayr-15-32-c2,"5,049864753719531",
2025-07-25T14:05:29.3839880+03:00,A30000000000000000000000,,1,-65,"865,7",Speedwayr-15-32-c2,"4,1172044346850605",
2025-07-25T14:05:29.3872900+03:00,A40000000000000000000000,,1,"-67,5","865,7",Speedwayr-15-32-c2,"3,767456815047135",
2025-07-25T14:05:29.4052930+03:00,A30000000000000000000000,,1,-65,"865,7",Speedwayr-15-32-c2,"4,473087977474529",
2025-07-25T14:05:29.4066700+03:00,A60000000000000000000000,,1,-63,"865,7",Speedwayr-15-32-c2,"5,307573526084319",
2025-07-25T14:05:29.4077700+03:00,A20000000000000000000000,,1,-60,"865,7",Speedwayr-15-32-c2,"5,915029918087033",
2025-07-25T14:05:29.4092220+03:00,A70000000000000000000000,,1,"-65,5","865,7",Speedwayr-15-32-c2,"5,749359992995383",
2025-07-25T14:05:29.4153120+03:00,A40000000000000000000000,,1,"-67,5","865,7",Speedwayr-15-32-c2,"3,877903431774901",
2025-07-25T14:05:29.4274530+03:00,A80000000000000000000000,,1,"-72,5","865,7",Speedwayr-15-32-c2,"1,7333982903107745",
2025-07-25T14:05:29.4371810+03:00,A30000000000000000000000,,1,"-64,5","865,7",Speedwayr-15-32-c2,"3,902447124381071",
2025-07-25T14:05:29.4383490+03:00,A70000000000000000000000,,1,-66,"865,7",Speedwayr-15-32-c2,"5,638913376267617",
2025-07-25T14:05:29.4397110+03:00,A40000000000000000000000,,1,"-67,5","865,7",Speedwayr-15-32-c2,"3,5956509668039427",
2025-07-25T14:05:29.4419230+03:00,A60000000000000000000000,,1,-62,"865,7",Speedwayr-15-32-c2,"5,148039524144211",
2025-07-25T14:05:29.4430220+03:00,A20000000000000000000000,,1,"-59,5","865,7",Speedwayr-15-32-c2,"5,853670686571607",
2025-07-25T14:05:29.4729530+03:00,A80000000000000000000000,,1,"-70,5","865,7",Speedwayr-15-32-c2,"1,7886215986746576",
2025-07-25T14:05:29.4759510+03:00,A20000000000000000000000,,1,-59,"865,7",Speedwayr-15-32-c2,"5,890486225480862",
2025-07-25T14:05:29.4780690+03:00,A60000000000000000000000,,1,-64,"865,7",Speedwayr-15-32-c2,"5,559146375297564",
2025-07-25T14:05:29.4813990+03:00,A70000000000000000000000,,1,"-61,5","865,7",Speedwayr-15-32-c2,"5,681864838328415",
2025-07-25T14:05:29.4825250+03:00,A30000000000000000000000,,1,-65,"865,7",Speedwayr-15-32-c2,"3,77972866135022",
2025-07-25T14:05:29.4871180+03:00,A40000000000000000000000,,1,"-67,5","865,7",Speedwayr-15-32-c2,"3,552699504743145",
2025-07-25T14:05:29.5181500+03:00,A30000000000000000000000,,1,"-63,5","865,7",Speedwayr-15-32-c2,"3,80427235395639",
2025-07-25T14:05:29.5200750+03:00,A40000000000000000000000,,1,"-66,5","865,7",Speedwayr-15-32-c2,"3,32567034813607",
2025-07-25T14:05:29.5242740+03:00,A20000000000000000000000,,1,"-58,5","865,7",Speedwayr-15-32-c2,"5,829126993965437",
2025-07-25T14:05:29.5275060+03:00,A70000000000000000000000,,1,"-66,5","865,7",Speedwayr-15-32-c2,"5,859806609723149",
2025-07-25T14:05:29.5286740+03:00,A60000000000000000000000,,1,-64,"865,7",Speedwayr-15-32-c2,"5,178719139901925",
2025-07-25T14:05:29.5420060+03:00,A60000000000000000000000,,1,-64,"865,7",Speedwayr-15-32-c2,"5,301437602932776",
2025-07-25T14:05:29.5454880+03:00,A70000000000000000000000,,1,-65,"865,7",Speedwayr-15-32-c2,"5,66959299202533",
2025-07-25T14:05:29.5469540+03:00,A20000000000000000000000,,1,-59,"865,7",Speedwayr-15-32-c2,"5,810719224510809",
2025-07-25T14:05:29.5480370+03:00,A40000000000000000000000,,1,"-66,5","865,7",Speedwayr-15-32-c2,"3,6140587362585705",
2025-07-25T14:05:29.5491060+03:00,A30000000000000000000000,,1,-65,"865,7",Speedwayr-15-32-c2,"3,767456815047135",
2025-07-25T14:05:29.5798500+03:00,A80000000000000000000000,,1,"-72,5","865,7",Speedwayr-15-32-c2,"2,0708740636456158",
2025-07-25T14:05:29.5862470+03:00,A70000000000000000000000,,1,"-65,5","865,7",Speedwayr-15-32-c2,"5,902758071783947",
2025-07-25T14:05:29.5882680+03:00,A20000000000000000000000,,1,"-59,5","865,7",Speedwayr-15-32-c2,"5,8475347634200645",
2025-07-25T14:05:29.5923390+03:00,A60000000000000000000000,,1,"-62,5","865,7",Speedwayr-15-32-c2,"5,2339424482658075",
2025-07-25T14:05:29.5952770+03:00,A40000000000000000000000,,1,-61,"865,7",Speedwayr-15-32-c2,"3,380893656499953",
2025-07-25T14:05:29.5964200+03:00,A30000000000000000000000,,1,-64,"865,7",Speedwayr-15-32-c2,"3,724505352986337",
2025-07-25T14:05:29.6341330+03:00,A70000000000000000000000,,1,-61,"865,7",Speedwayr-15-32-c2,"5,939573610693203",
2025-07-25T14:05:29.6365840+03:00,A20000000000000000000000,,1,"-59,5","865,7",Speedwayr-15-32-c2,"5,841398840268521",
2025-07-25T14:05:29.6382820+03:00,A30000000000000000000000,,1,-65,"865,7",Speedwayr-15-32-c2,"3,6999616603801666",
2025-07-25T14:05:29.6402610+03:00,A60000000000000000000000,,1,"-63,5","865,7",Speedwayr-15-32-c2,"5,240078371417351",
2025-07-25T14:05:29.6480760+03:00,A40000000000000000000000,,1,"-66,5","865,7",Speedwayr-15-32-c2,"3,5036121195308043",
2025-07-25T14:05:29.6638330+03:00,A60000000000000000000000,,1,"-62,5","865,7",Speedwayr-15-32-c2,"5,1725832167503825",
2025-07-25T14:05:29.6677770+03:00,A30000000000000000000000,,1,-65,"865,7",Speedwayr-15-32-c2,"3,706097583531709",
2025-07-25T14:05:29.6688840+03:00,A20000000000000000000000,,1,"-58,5","865,7",Speedwayr-15-32-c2,"5,737088146692298",
2025-07-25T14:05:29.6712320+03:00,A70000000000000000000000,,1,-65,"865,7",Speedwayr-15-32-c2,"5,921165841238575",
2025-07-25T14:05:29.6772360+03:00,A40000000000000000000000,,1,"-67,5","865,7",Speedwayr-15-32-c2,"3,399301425954581",
2025-07-25T14:05:29.7038350+03:00,A60000000000000000000000,,1,"-63,5","865,7",Speedwayr-15-32-c2,"5,387340527054372",
2025-07-25T14:05:29.7074820+03:00,A20000000000000000000000,,1,-59,"865,7",Speedwayr-15-32-c2,"5,890486225480862",
2025-07-25T14:05:29.7086320+03:00,A40000000000000000000000,,1,"-67,5","865,7",Speedwayr-15-32-c2,"3,472932503773092",
2025-07-25T14:05:29.7097500+03:00,A30000000000000000000000,,1,-65,"865,7",Speedwayr-15-32-c2,"3,761320891895592",
2025-07-25T14:05:29.7116580+03:00,A70000000000000000000000,,1,"-63,5","865,7",Speedwayr-15-32-c2,"5,896622148632405",
2025-07-25T14:05:29.7294300+03:00,A80000000000000000000000,,1,"-73,5","865,7",Speedwayr-15-32-c2,"2,0800779483729293",
2025-07-25T14:05:29.7327590+03:00,A60000000000000000000000,,1,"-63,5","865,7",Speedwayr-15-32-c2,"5,2339424482658075",
2025-07-25T14:05:29.7371830+03:00,A40000000000000000000000,,1,"-67,5","865,7",Speedwayr-15-32-c2,"3,5772431973493153",
2025-07-25T14:05:29.7385080+03:00,A70000000000000000000000,,1,-66,"865,7",Speedwayr-15-32-c2,"5,921165841238575",
2025-07-25T14:05:29.7412470+03:00,A20000000000000000000000,,1,-60,"865,7",Speedwayr-15-32-c2,"5,896622148632405",
2025-07-25T14:05:29.7439820+03:00,A30000000000000000000000,,1,-64,"865,7",Speedwayr-15-32-c2,"3,933126740138784",
2025-07-25T14:05:29.7804190+03:00,A30000000000000000000000,,1,-64,"865,7",Speedwayr-15-32-c2,"3,6324665057131984",
2025-07-25T14:05:29.7823270+03:00,A20000000000000000000000,,1,-60,"865,7",Speedwayr-15-32-c2,"5,878214379177777",
2025-07-25T14:05:29.7848190+03:00,A60000000000000000000000,,1,"-64,5","865,7",Speedwayr-15-32-c2,"5,264622064023521",
2025-07-25T14:05:29.7858730+03:00,A70000000000000000000000,,1,"-63,5","865,7",Speedwayr-15-32-c2,"5,8659425328746915",
2025-07-25T14:05:29.7881710+03:00,A40000000000000000000000,,1,-68,"865,7",Speedwayr-15-32-c2,"3,472932503773092",
2025-07-25T14:05:29.7998700+03:00,A80000000000000000000000,,1,"-72,5","865,7",Speedwayr-15-32-c2,"2,110757564130642",
2025-07-25T14:05:29.8081950+03:00,A60000000000000000000000,,1,-64,"865,7",Speedwayr-15-32-c2,"5,166447293598839",
2025-07-25T14:05:29.8097980+03:00,A30000000000000000000000,,1,-65,"865,7",Speedwayr-15-32-c2,"3,8288160465625602",
2025-07-25T14:05:29.8108680+03:00,A20000000000000000000000,,1,-60,"865,7",Speedwayr-15-32-c2,"5,945709533844745",
2025-07-25T14:05:29.8153020+03:00,A70000000000000000000000,,1,"-66,5","865,7",Speedwayr-15-32-c2,"6,043884304269426",
2025-07-25T14:05:29.8183420+03:00,A40000000000000000000000,,1,"-67,5","865,7",Speedwayr-15-32-c2,"3,497476196379262",
2025-07-25T14:05:29.8745210+03:00,A70000000000000000000000,,1,-66,"865,7",Speedwayr-15-32-c2,"5,884350302329319",
2025-07-25T14:05:29.8771860+03:00,A20000000000000000000000,,1,"-59,5","865,7",Speedwayr-15-32-c2,"5,964117303299373",
2025-07-25T14:05:29.8782530+03:00,A40000000000000000000000,,1,-68,"865,7",Speedwayr-15-32-c2,"3,6324665057131984",
2025-07-25T14:05:29.8803200+03:00,A60000000000000000000000,,1,"-63,5","865,7",Speedwayr-15-32-c2,"5,227806525114265",
2025-07-25T14:05:29.8829840+03:00,A30000000000000000000000,,1,-64,"865,7",Speedwayr-15-32-c2,"3,822680123411018",
2025-07-25T14:05:29.8972220+03:00,A30000000000000000000000,,1,-64,"865,7",Speedwayr-15-32-c2,"3,847223816017188",
2025-07-25T14:05:29.8989470+03:00,A70000000000000000000000,,1,"-65,5","865,7",Speedwayr-15-32-c2,"5,884350302329319",
2025-07-25T14:05:29.9019920+03:00,A60000000000000000000000,,1,-63,"865,7",Speedwayr-15-32-c2,"5,184855063053467",
2025-07-25T14:05:29.9034570+03:00,A20000000000000000000000,,1,"-59,5","865,7",Speedwayr-15-32-c2,"6,17273869045182",
2025-07-25T14:05:29.9086960+03:00,A40000000000000000000000,,1,-67,"865,7",Speedwayr-15-32-c2,"3,6447383520162835",
2025-07-25T14:05:29.9378680+03:00,A60000000000000000000000,,1,-64,"865,7",Speedwayr-15-32-c2,"5,21553467881118",
2025-07-25T14:05:29.9389540+03:00,A30000000000000000000000,,1,"-64,5","865,7",Speedwayr-15-32-c2,"3,9269908169872414",
2025-07-25T14:05:29.9400240+03:00,A20000000000000000000000,,1,-60,"865,7",Speedwayr-15-32-c2,"6,013204688511713",
2025-07-25T14:05:29.9413490+03:00,A70000000000000000000000,,1,-66,"865,7",Speedwayr-15-32-c2,"5,915029918087033",
2025-07-25T14:05:29.9475260+03:00,A40000000000000000000000,,1,-68,"865,7",Speedwayr-15-32-c2,"3,6815538909255388",
2025-07-25T14:05:29.9850520+03:00,A80000000000000000000000,,1,"-72,5","865,7",Speedwayr-15-32-c2,"2,150641064615669",
2025-07-25T14:05:29.9919810+03:00,A30000000000000000000000,,1,-64,"865,7",Speedwayr-15-32-c2,"3,9638063558964967",
2025-07-25T14:05:29.9953620+03:00,A20000000000000000000000,,1,-60,"865,7",Speedwayr-15-32-c2,"6,007068765360171",
2025-07-25T14:05:29.9967300+03:00,A70000000000000000000000,,1,-66,"865,7",Speedwayr-15-32-c2,"5,773903685601553",
2025-07-25T14:05:29.9981670+03:00,A40000000000000000000000,,1,"-67,5","865,7",Speedwayr-15-32-c2,"3,718369429834794",
2025-07-25T14:05:29.9998750+03:00,A60000000000000000000000,,1,"-64,5","865,7",Speedwayr-15-32-c2,"5,21553467881118",
2025-07-25T14:05:30.0226390+03:00,A20000000000000000000000,,1,"-59,5","865,7",Speedwayr-15-32-c2,"6,062292073724054",
2025-07-25T14:05:30.0282950+03:00,A30000000000000000000000,,1,"-64,5","865,7",Speedwayr-15-32-c2,"3,9392626632903265",
2025-07-25T14:05:30.0305750+03:00,A60000000000000000000000,,1,"-62,5","865,7",Speedwayr-15-32-c2,"5,387340527054372",
2025-07-25T14:05:30.0355920+03:00,A70000000000000000000000,,1,-65,"865,7",Speedwayr-15-32-c2,"5,829126993965437",
2025-07-25T14:05:30.0382660+03:00,A40000000000000000000000,,1,"-68,5","865,7",Speedwayr-15-32-c2,"3,8288160465625602",
2025-07-25T14:05:30.0482030+03:00,A80000000000000000000000,,1,"-73,5","865,7",Speedwayr-15-32-c2,"1,9634954084936207",
2025-07-25T14:05:30.0592580+03:00,A30000000000000000000000,,1,-65,"865,7",Speedwayr-15-32-c2,"3,9392626632903265",
2025-07-25T14:05:30.0637770+03:00,A70000000000000000000000,,1,"-66,5","865,7",Speedwayr-15-32-c2,"5,792311455056181",
2025-07-25T14:05:30.0648600+03:00,A20000000000000000000000,,1,-60,"865,7",Speedwayr-15-32-c2,"5,970253226450915",
2025-07-25T14:05:30.0659610+03:00,A60000000000000000000000,,1,-63,"865,7",Speedwayr-15-32-c2,"5,50392306693368",
2025-07-25T14:05:30.0670750+03:00,A40000000000000000000000,,1,-68,"865,7",Speedwayr-15-32-c2,"3,718369429834794",
2025-07-25T14:05:30.0949060+03:00,A60000000000000000000000,,1,-64,"865,7",Speedwayr-15-32-c2,"5,522330836388308",
2025-07-25T14:05:30.0982110+03:00,A30000000000000000000000,,1,"-64,5","865,7",Speedwayr-15-32-c2,"4,031301510563465",
2025-07-25T14:05:30.0999940+03:00,A20000000000000000000000,,1,"-59,5","865,7",Speedwayr-15-32-c2,"6,050020227420969",
2025-07-25T14:05:30.1039090+03:00,A70000000000000000000000,,1,"-63,5","865,7",Speedwayr-15-32-c2,"5,786175531904639",
2025-07-25T14:05:30.1069890+03:00,A40000000000000000000000,,1,-69,"865,7",Speedwayr-15-32-c2,"3,736777199289422",
2025-07-25T14:05:30.1207610+03:00,A30000000000000000000000,,1,"-63,5","865,7",Speedwayr-15-32-c2,"4,147884050442774",
2025-07-25T14:05:30.1232730+03:00,A60000000000000000000000,,1,-62,"865,7",Speedwayr-15-32-c2,"5,227806525114265",
2025-07-25T14:05:30.1257020+03:00,A20000000000000000000000,,1,"-58,5","865,7",Speedwayr-15-32-c2,"6,043884304269426",
2025-07-25T14:05:30.1294360+03:00,A70000000000000000000000,,1,"-66,5","865,7",Speedwayr-15-32-c2,"5,773903685601553",
2025-07-25T14:05:30.1354150+03:00,A40000000000000000000000,,1,-68,"865,7",Speedwayr-15-32-c2,"4,0987966652304335",
2025-07-25T14:05:30.1755830+03:00,A20000000000000000000000,,1,"-58,5","865,7",Speedwayr-15-32-c2,"6,12365130523948",
2025-07-25T14:05:30.1767240+03:00,A60000000000000000000000,,1,-62,"865,7",Speedwayr-15-32-c2,"5,209398755659637",
2025-07-25T14:05:30.1794300+03:00,A40000000000000000000000,,1,-68,"865,7",Speedwayr-15-32-c2,"3,8533597391687304",
2025-07-25T14:05:30.1827240+03:00,A30000000000000000000000,,1,-62,"865,7",Speedwayr-15-32-c2,"4,006757817957295",
2025-07-25T14:05:30.1855020+03:00,A70000000000000000000000,,1,"-65,5","865,7",Speedwayr-15-32-c2,"5,730952223540755",
2025-07-25T14:05:30.1996330+03:00,A20000000000000000000000,,1,"-60,5","865,7",Speedwayr-15-32-c2,"6,0991076126333095",
2025-07-25T14:05:30.2018180+03:00,A30000000000000000000000,,1,-64,"865,7",Speedwayr-15-32-c2,"3,834951969714103",
2025-07-25T14:05:30.2066380+03:00,A60000000000000000000000,,1,-63,"865,7",Speedwayr-15-32-c2,"5,166447293598839",
2025-07-25T14:05:30.2112100+03:00,A70000000000000000000000,,1,-63,"865,7",Speedwayr-15-32-c2,"5,688000761479957",
2025-07-25T14:05:30.2369800+03:00,A20000000000000000000000,,1,"-60,5","865,7",Speedwayr-15-32-c2,"6,086835766330224",
2025-07-25T14:05:30.2380810+03:00,A30000000000000000000000,,1,-65,"865,7",Speedwayr-15-32-c2,"3,847223816017188",
2025-07-25T14:05:30.2400470+03:00,A60000000000000000000000,,1,-64,"865,7",Speedwayr-15-32-c2,"5,135767677841127",
2025-07-25T14:05:30.2425210+03:00,A70000000000000000000000,,1,"-65,5","865,7",Speedwayr-15-32-c2,"5,8659425328746915",
2025-07-25T14:05:30.2445720+03:00,A40000000000000000000000,,1,-68,"865,7",Speedwayr-15-32-c2,"3,834951969714103",
2025-07-25T14:05:30.2821070+03:00,A40000000000000000000000,,1,-66,"865,7",Speedwayr-15-32-c2,"3,9392626632903265",
2025-07-25T14:05:30.2831610+03:00,A70000000000000000000000,,1,"-65,5","865,7",Speedwayr-15-32-c2,"5,755495916146925",
2025-07-25T14:05:30.2860970+03:00,A60000000000000000000000,,1,"-62,5","865,7",Speedwayr-15-32-c2,"5,154175447295755",
2025-07-25T14:05:30.2878080+03:00,A20000000000000000000000,,1,-60,"865,7",Speedwayr-15-32-c2,"6,2034183062095325",
2025-07-25T14:05:30.2924960+03:00,A30000000000000000000000,,1,-62,"865,7",Speedwayr-15-32-c2,"4,080388895775806",
2025-07-25T14:05:30.3095550+03:00,A70000000000000000000000,,1,"-65,5","865,7",Speedwayr-15-32-c2,"5,902758071783947",
2025-07-25T14:05:30.3115200+03:00,A20000000000000000000000,,1,"-59,5","865,7",Speedwayr-15-32-c2,"6,0991076126333095",
2025-07-25T14:05:30.3129110+03:00,A60000000000000000000000,,1,"-61,5","865,7",Speedwayr-15-32-c2,"5,117359908386499",
2025-07-25T14:05:30.3139800+03:00,A30000000000000000000000,,1,-62,"865,7",Speedwayr-15-32-c2,"4,276738436625168",
2025-07-25T14:05:30.3164130+03:00,A40000000000000000000000,,1,-68,"865,7",Speedwayr-15-32-c2,"4,06811704947272",
2025-07-25T14:05:30.3389850+03:00,A40000000000000000000000,,1,-68,"865,7",Speedwayr-15-32-c2,"3,9147189706841563",
2025-07-25T14:05:30.3423180+03:00,A60000000000000000000000,,1,-61,"865,7",Speedwayr-15-32-c2,"5,270757987175063",
2025-07-25T14:05:30.3457870+03:00,A20000000000000000000000,,1,-60,"865,7",Speedwayr-15-32-c2,"6,178874613603362",
2025-07-25T14:05:30.3489010+03:00,A30000000000000000000000,,1,"-64,5","865,7",Speedwayr-15-32-c2,"4,25833066717054",
2025-07-25T14:05:30.3511240+03:00,A70000000000000000000000,,1,"-61,5","865,7",Speedwayr-15-32-c2,"5,816855147662351",
2025-07-25T14:05:30.3672470+03:00,A40000000000000000000000,,1,-67,"865,7",Speedwayr-15-32-c2,"4,086524818927348",
2025-07-25T14:05:30.3685740+03:00,A20000000000000000000000,,1,-61,"865,7",Speedwayr-15-32-c2,"0,07976700097005335",
2025-07-25T14:05:30.3703410+03:00,A60000000000000000000000,,1,"-63,5","865,7",Speedwayr-15-32-c2,"5,307573526084319",
2025-07-25T14:05:30.3763180+03:00,A70000000000000000000000,,1,-66,"865,7",Speedwayr-15-32-c2,"5,994796919057086",
2025-07-25T14:05:30.3786990+03:00,A30000000000000000000000,,1,"-64,5","865,7",Speedwayr-15-32-c2,"4,196971435655114",
2025-07-25T14:05:30.4035320+03:00,A20000000000000000000000,,1,-60,"865,7",Speedwayr-15-32-c2,"6,092971689481767",
2025-07-25T14:05:30.4047720+03:00,A60000000000000000000000,,1,-62,"865,7",Speedwayr-15-32-c2,"5,270757987175063",
2025-07-25T14:05:30.4061220+03:00,A30000000000000000000000,,1,"-64,5","865,7",Speedwayr-15-32-c2,"4,902602598082509",
2025-07-25T14:05:30.4084090+03:00,A70000000000000000000000,,1,-66,"865,7",Speedwayr-15-32-c2,"5,651185222570702",
2025-07-25T14:05:30.4101450+03:00,A40000000000000000000000,,1,"-68,5","865,7",Speedwayr-15-32-c2,"3,9515345095934116",
2025-07-25T14:05:30.4274150+03:00,A60000000000000000000000,,1,"-63,5","865,7",Speedwayr-15-32-c2,"5,246214294568893",
2025-07-25T14:05:30.4287280+03:00,A20000000000000000000000,,1,"-60,5","865,7",Speedwayr-15-32-c2,"6,209554229361076",
2025-07-25T14:05:30.4298720+03:00,A70000000000000000000000,,1,"-66,5","865,7",Speedwayr-15-32-c2,"5,890486225480862",
2025-07-25T14:05:30.4322270+03:00,A30000000000000000000000,,1,-65,"865,7",Speedwayr-15-32-c2,"4,074252972624263",
2025-07-25T14:05:30.4358710+03:00,A40000000000000000000000,,1,-67,"865,7",Speedwayr-15-32-c2,"4,049709280018092",
2025-07-25T14:05:30.5651520+03:00,A60000000000000000000000,,1,"-63,5","865,7",Speedwayr-15-32-c2,"5,350524988145116",
2025-07-25T14:05:30.5675360+03:00,A70000000000000000000000,,1,"-65,5","865,7",Speedwayr-15-32-c2,"5,835262917116979",
2025-07-25T14:05:30.5691470+03:00,A30000000000000000000000,,1,-64,"865,7",Speedwayr-15-32-c2,"4,270602513473625",
2025-07-25T14:05:30.5707840+03:00,A20000000000000000000000,,1,"-59,5","865,7",Speedwayr-15-32-c2,"0,05522330836388308",
2025-07-25T14:05:30.5783770+03:00,A40000000000000000000000,,1,"-68,5","865,7",Speedwayr-15-32-c2,"4,270602513473625",
2025-07-25T14:05:30.5971020+03:00,A70000000000000000000000,,1,-65,"865,7",Speedwayr-15-32-c2,"5,915029918087033",
2025-07-25T14:05:30.5985860+03:00,A60000000000000000000000,,1,"-63,5","865,7",Speedwayr-15-32-c2,"5,344389064993574",
2025-07-25T14:05:30.6001930+03:00,A20000000000000000000000,,1,"-60,5","865,7",Speedwayr-15-32-c2,"6,2463697682703305",
2025-07-25T14:05:30.6040250+03:00,A30000000000000000000000,,1,"-64,5","865,7",Speedwayr-15-32-c2,"4,417864669110647",
2025-07-25T14:05:30.6085400+03:00,A40000000000000000000000,,1,-68,"865,7",Speedwayr-15-32-c2,"4,111068511533518",
2025-07-25T14:05:30.6274770+03:00,A70000000000000000000000,,1,-66,"865,7",Speedwayr-15-32-c2,"5,841398840268521",
2025-07-25T14:05:30.6293510+03:00,A60000000000000000000000,,1,-63,"865,7",Speedwayr-15-32-c2,"5,350524988145116",
2025-07-25T14:05:30.6324460+03:00,A30000000000000000000000,,1,"-63,5","865,7",Speedwayr-15-32-c2,"4,546719055293041",
2025-07-25T14:05:30.6359540+03:00,A20000000000000000000000,,1,"-59,5","865,7",Speedwayr-15-32-c2,"0,02454369260617026",
2025-07-25T14:05:30.6563020+03:00,A60000000000000000000000,,1,"-63,5","865,7",Speedwayr-15-32-c2,"5,344389064993574",
2025-07-25T14:05:30.6578570+03:00,A30000000000000000000000,,1,-64,"865,7",Speedwayr-15-32-c2,"4,319689898685965",
2025-07-25T14:05:30.6589390+03:00,A70000000000000000000000,,1,-65,"865,7",Speedwayr-15-32-c2,"5,939573610693203",
2025-07-25T14:05:30.6653620+03:00,A40000000000000000000000,,1,"-63,5","865,7",Speedwayr-15-32-c2,"4,190835512503572",
2025-07-25T14:05:30.6667240+03:00,A20000000000000000000000,,1,-60,"865,7",Speedwayr-15-32-c2,"6,264777537724958",
2025-07-25T14:05:30.6691230+03:00,A80000000000000000000000,,1,"-73,5","865,7",Speedwayr-15-32-c2,"5,295301679781233",
2025-07-25T14:05:30.6846950+03:00,A30000000000000000000000,,1,-64,"865,7",Speedwayr-15-32-c2,"4,319689898685965",
2025-07-25T14:05:30.6871850+03:00,A20000000000000000000000,,1,"-60,5","865,7",Speedwayr-15-32-c2,"0,030679615757712823",
2025-07-25T14:05:30.6891250+03:00,A70000000000000000000000,,1,"-66,5","865,7",Speedwayr-15-32-c2,"5,994796919057086",
2025-07-25T14:05:30.6904540+03:00,A60000000000000000000000,,1,"-63,5","865,7",Speedwayr-15-32-c2,"5,4671075280244255",
2025-07-25T14:05:30.7161700+03:00,A30000000000000000000000,,1,-65,"865,7",Speedwayr-15-32-c2,"4,374913207049849",
2025-07-25T14:05:30.7172650+03:00,A40000000000000000000000,,1,"-67,5","865,7",Speedwayr-15-32-c2,"4,276738436625168",
2025-07-25T14:05:30.7186180+03:00,A60000000000000000000000,,1,-63,"865,7",Speedwayr-15-32-c2,"5,344389064993574",
2025-07-25T14:05:30.7221400+03:00,A70000000000000000000000,,1,-66,"865,7",Speedwayr-15-32-c2,"5,724816300389213",
2025-07-25T14:05:30.7238500+03:00,A20000000000000000000000,,1,"-61,5","865,7",Speedwayr-15-32-c2,"0,04295146206079795",
2025-07-25T14:05:30.7372550+03:00,A20000000000000000000000,,1,"-58,5","865,7",Speedwayr-15-32-c2,"0,04295146206079795",
2025-07-25T14:05:30.7405870+03:00,A60000000000000000000000,,1,-62,"865,7",Speedwayr-15-32-c2,"5,485515297479052",
2025-07-25T14:05:30.7472690+03:00,A70000000000000000000000,,1,-66,"865,7",Speedwayr-15-32-c2,"6,1850105367549055",
2025-07-25T14:05:30.7492940+03:00,A30000000000000000000000,,1,-65,"865,7",Speedwayr-15-32-c2,"4,325825821837508",
2025-07-25T14:05:30.7511470+03:00,A40000000000000000000000,,1,"-65,5","865,7",Speedwayr-15-32-c2,"4,154019973594316",
2025-07-25T14:05:30.7685130+03:00,A40000000000000000000000,,1,-68,"865,7",Speedwayr-15-32-c2,"4,601942363656923",
2025-07-25T14:05:30.7698800+03:00,A60000000000000000000000,,1,-63,"865,7",Speedwayr-15-32-c2,"5,411884219660542",
2025-07-25T14:05:30.7756390+03:00,A20000000000000000000000,,1,"-61,5","865,7",Speedwayr-15-32-c2,"6,2463697682703305",
2025-07-25T14:05:30.7784040+03:00,A30000000000000000000000,,1,"-65,5","865,7",Speedwayr-15-32-c2,"4,387185053352934",
2025-07-25T14:05:30.7798780+03:00,A70000000000000000000000,,1,-66,"865,7",Speedwayr-15-32-c2,"6,111379458936394",
2025-07-25T14:05:30.7970970+03:00,A20000000000000000000000,,1,-61,"865,7",Speedwayr-15-32-c2,"0,1043106935762236",
2025-07-25T14:05:30.8030740+03:00,A40000000000000000000000,,1,"-68,5","865,7",Speedwayr-15-32-c2,"4,430136515413731",
2025-07-25T14:05:30.8101520+03:00,A60000000000000000000000,,1,"-64,5","865,7",Speedwayr-15-32-c2,"2,1230294104337273",
2025-07-25T14:05:30.8131900+03:00,A30000000000000000000000,,1,-64,"865,7",Speedwayr-15-32-c2,"1,260932207641997",
2025-07-25T14:05:30.8154090+03:00,A70000000000000000000000,,1,"-65,5","865,7",Speedwayr-15-32-c2,"2,709010071406042",
2025-07-25T14:05:30.8437110+03:00,A60000000000000000000000,,1,"-60,5","865,7",Speedwayr-15-32-c2,"5,3627968344482015",
2025-07-25T14:05:30.8472360+03:00,A30000000000000000000000,,1,-65,"865,7",Speedwayr-15-32-c2,"4,442408361716817",
2025-07-25T14:05:30.8492700+03:00,A20000000000000000000000,,1,"-60,5","865,7",Speedwayr-15-32-c2,"0,09203884727313846",
2025-07-25T14:05:30.8537290+03:00,A70000000000000000000000,,1,-66,"865,7",Speedwayr-15-32-c2,"5,921165841238575",
2025-07-25T14:05:30.8556380+03:00,A40000000000000000000000,,1,-67,"865,7",Speedwayr-15-32-c2,"4,239922897715912",
2025-07-25T14:05:30.8694120+03:00,A30000000000000000000000,,1,-64,"865,7",Speedwayr-15-32-c2,"4,4362724385652745",
2025-07-25T14:05:30.8757420+03:00,A20000000000000000000000,,1,"-61,5","865,7",Speedwayr-15-32-c2,"0,14112623248547898",
2025-07-25T14:05:30.8768520+03:00,A40000000000000000000000,,1,-67,"865,7",Speedwayr-15-32-c2,"4,3933209765044765",
2025-07-25T14:05:30.8780530+03:00,A60000000000000000000000,,1,-63,"865,7",Speedwayr-15-32-c2,"5,485515297479052",
2025-07-25T14:05:30.8818830+03:00,A70000000000000000000000,,1,-65,"865,7",Speedwayr-15-32-c2,"6,166602767300278",
2025-07-25T14:05:30.8974120+03:00,A30000000000000000000000,,1,"-63,5","865,7",Speedwayr-15-32-c2,"4,546719055293041",
2025-07-25T14:05:30.9002590+03:00,A20000000000000000000000,,1,-60,"865,7",Speedwayr-15-32-c2,"0,09203884727313846",
2025-07-25T14:05:30.9040520+03:00,A60000000000000000000000,,1,-63,"865,7",Speedwayr-15-32-c2,"5,221670601962723",
2025-07-25T14:05:30.9113510+03:00,A40000000000000000000000,,1,-67,"865,7",Speedwayr-15-32-c2,"4,252194744018997",
2025-07-25T14:05:30.9168970+03:00,A70000000000000000000000,,1,-65,"865,7",Speedwayr-15-32-c2,"5,767767762450011",
2025-07-25T14:05:30.9300530+03:00,A60000000000000000000000,,1,-64,"865,7",Speedwayr-15-32-c2,"5,086680292628786",
2025-07-25T14:05:30.9358630+03:00,A70000000000000000000000,,1,"-63,5","865,7",Speedwayr-15-32-c2,"5,810719224510809",
2025-07-25T14:05:30.9387850+03:00,A20000000000000000000000,,1,-61,"865,7",Speedwayr-15-32-c2,"0,09817477042468103",
2025-07-25T14:05:30.9400830+03:00,A40000000000000000000000,,1,-68,"865,7",Speedwayr-15-32-c2,"4,571262747899211",
2025-07-25T14:05:30.9415620+03:00,A30000000000000000000000,,1,-65,"865,7",Speedwayr-15-32-c2,"4,430136515413731",
2025-07-25T14:05:30.9593020+03:00,A40000000000000000000000,,1,-68,"865,7",Speedwayr-15-32-c2,"4,479223900626073",
2025-07-25T14:05:30.9644680+03:00,A70000000000000000000000,,1,"-65,5","865,7",Speedwayr-15-32-c2,"5,792311455056181",
2025-07-25T14:05:30.9658470+03:00,A60000000000000000000000,,1,"-63,5","865,7",Speedwayr-15-32-c2,"5,252350217720435",
2025-07-25T14:05:30.9670730+03:00,A20000000000000000000000,,1,"-61,5","865,7",Speedwayr-15-32-c2,"0,11044661672776616",
2025-07-25T14:05:30.9685130+03:00,A30000000000000000000000,,1,"-65,5","865,7",Speedwayr-15-32-c2,"4,608078286808466",
2025-07-25T14:05:30.9824580+03:00,A60000000000000000000000,,1,-62,"865,7",Speedwayr-15-32-c2,"5,154175447295755",
2025-07-25T14:05:30.9841570+03:00,A30000000000000000000000,,1,"-65,5","865,7",Speedwayr-15-32-c2,"4,6878452877785195",
2025-07-25T14:05:30.9871200+03:00,A20000000000000000000000,,1,"-61,5","865,7",Speedwayr-15-32-c2,"0,04908738521234052",
2025-07-25T14:05:30.9903890+03:00,A40000000000000000000000,,1,"-62,5","865,7",Speedwayr-15-32-c2,"4,718524903536232",
2025-07-25T14:05:30.9970110+03:00,A70000000000000000000000,,1,-67,"865,7",Speedwayr-15-32-c2,"5,835262917116979",
2025-07-25T14:05:31.0176120+03:00,A70000000000000000000000,,1,-66,"865,7",Speedwayr-15-32-c2,"5,565282298449106",
2025-07-25T14:05:31.0192240+03:00,A60000000000000000000000,,1,"-63,5","865,7",Speedwayr-15-32-c2,"5,135767677841127",
2025-07-25T14:05:31.0216430+03:00,A40000000000000000000000,,1,-68,"865,7",Speedwayr-15-32-c2,"4,601942363656923",
2025-07-25T14:05:31.0233780+03:00,A20000000000000000000000,,1,-61,"865,7",Speedwayr-15-32-c2,"0,1227184630308513",
2025-07-25T14:05:31.0244620+03:00,A30000000000000000000000,,1,-65,"865,7",Speedwayr-15-32-c2,"4,632621979414636",
2025-07-25T14:05:31.0373480+03:00,A70000000000000000000000,,1,-66,"865,7",Speedwayr-15-32-c2,"5,534602682691394",
2025-07-25T14:05:31.0402560+03:00,A30000000000000000000000,,1,"-64,5","865,7",Speedwayr-15-32-c2,"4,71238898038469",
2025-07-25T14:05:31.0433840+03:00,A20000000000000000000000,,1,"-61,5","865,7",Speedwayr-15-32-c2,"0,04295146206079795",
2025-07-25T14:05:31.0466410+03:00,A60000000000000000000000,,1,-63,"865,7",Speedwayr-15-32-c2,"4,933282213840222",
2025-07-25T14:05:31.0497300+03:00,A40000000000000000000000,,1,-68,"865,7",Speedwayr-15-32-c2,"4,601942363656923",
2025-07-25T14:05:31.0711710+03:00,A30000000000000000000000,,1,"-65,5","865,7",Speedwayr-15-32-c2,"4,792155981354743",
2025-07-25T14:05:31.0744710+03:00,A60000000000000000000000,,1,-62,"865,7",Speedwayr-15-32-c2,"5,019185137961818",
2025-07-25T14:05:31.0756860+03:00,A20000000000000000000000,,1,"-61,5","865,7",Speedwayr-15-32-c2,"6,258641614573416",
2025-07-25T14:05:31.0795290+03:00,A70000000000000000000000,,1,-67,"865,7",Speedwayr-15-32-c2,"5,577554144752192",
2025-07-25T14:05:31.0806420+03:00,A40000000000000000000000,,1,"-68,5","865,7",Speedwayr-15-32-c2,"4,7860200582032",
2025-07-25T14:05:31.0999520+03:00,A30000000000000000000000,,1,"-65,5","865,7",Speedwayr-15-32-c2,"4,755340442445488",
2025-07-25T14:05:31.1023720+03:00,A40000000000000000000000,,1,-66,"865,7",Speedwayr-15-32-c2,"4,749204519293945",
2025-07-25T14:05:31.1042820+03:00,A70000000000000000000000,,1,"-65,5","865,7",Speedwayr-15-32-c2,"5,50392306693368",
2025-07-25T14:05:31.1054810+03:00,A60000000000000000000000,,1,-63,"865,7",Speedwayr-15-32-c2,"5,6143696836614465",
2025-07-25T14:05:31.1083360+03:00,A20000000000000000000000,,1,"-61,5","865,7",Speedwayr-15-32-c2,"0,06135923151542565",
2025-07-25T14:05:31.1227310+03:00,A70000000000000000000000,,1,"-62,5","865,7",Speedwayr-15-32-c2,"5,3627968344482015",
2025-07-25T14:05:31.1240330+03:00,A30000000000000000000000,,1,"-65,5","865,7",Speedwayr-15-32-c2,"5,258486140871978",
2025-07-25T14:05:31.1251730+03:00,A60000000000000000000000,,1,"-63,5","865,7",Speedwayr-15-32-c2,"4,908738521234052",
2025-07-25T14:05:31.1299350+03:00,A40000000000000000000000,,1,-68,"865,7",Speedwayr-15-32-c2,"4,743068596142402",
2025-07-25T14:05:31.1317230+03:00,A20000000000000000000000,,1,"-60,5","865,7",Speedwayr-15-32-c2,"0,0859029241215959",
2025-07-25T14:05:31.1573310+03:00,A70000000000000000000000,,1,"-66,5","865,7",Speedwayr-15-32-c2,"5,190990986205009",
2025-07-25T14:05:31.1606580+03:00,A30000000000000000000000,,1,"-65,5","865,7",Speedwayr-15-32-c2,"4,632621979414636",
2025-07-25T14:05:31.1621620+03:00,A20000000000000000000000,,1,-61,"865,7",Speedwayr-15-32-c2,"0,01227184630308513",
2025-07-25T14:05:31.1638760+03:00,A60000000000000000000000,,1,"-62,5","865,7",Speedwayr-15-32-c2,"4,963961829597935",
2025-07-25T14:05:31.1665990+03:00,A40000000000000000000000,,1,"-68,5","865,7",Speedwayr-15-32-c2,"4,626486056263094",
2025-07-25T14:05:31.1869970+03:00,A70000000000000000000000,,1,-66,"865,7",Speedwayr-15-32-c2,"5,307573526084319",
2025-07-25T14:05:31.1884620+03:00,A20000000000000000000000,,1,-61,"865,7",Speedwayr-15-32-c2,"0,12885438618239387",
2025-07-25T14:05:31.1895200+03:00,A30000000000000000000000,,1,-66,"865,7",Speedwayr-15-32-c2,"4,71238898038469",
2025-07-25T14:05:31.1932220+03:00,A40000000000000000000000,,1,"-67,5","865,7",Speedwayr-15-32-c2,"4,798291904506286",
2025-07-25T14:05:31.1943470+03:00,A60000000000000000000000,,1,-63,"865,7",Speedwayr-15-32-c2,"4,871922982324796",
2025-07-25T14:05:31.2085980+03:00,A60000000000000000000000,,1,"-61,5","865,7",Speedwayr-15-32-c2,"4,945554060143307",
2025-07-25T14:05:31.2096560+03:00,A70000000000000000000000,,1,"-65,5","865,7",Speedwayr-15-32-c2,"5,301437602932776",
2025-07-25T14:05:31.2122210+03:00,A20000000000000000000000,,1,"-60,5","865,7",Speedwayr-15-32-c2,"0,12885438618239387",
2025-07-25T14:05:31.2135560+03:00,A40000000000000000000000,,1,"-66,5","865,7",Speedwayr-15-32-c2,"5,3627968344482015",
2025-07-25T14:05:31.2153760+03:00,A30000000000000000000000,,1,"-64,5","865,7",Speedwayr-15-32-c2,"4,76147636559703",
2025-07-25T14:05:31.2347920+03:00,A60000000000000000000000,,1,"-63,5","865,7",Speedwayr-15-32-c2,"4,945554060143307",
2025-07-25T14:05:31.2372180+03:00,A30000000000000000000000,,1,-66,"865,7",Speedwayr-15-32-c2,"4,534447208989955",
2025-07-25T14:05:31.2400490+03:00,A20000000000000000000000,,1,-62,"865,7",Speedwayr-15-32-c2,"0,03681553890925539",
2025-07-25T14:05:31.2413760+03:00,A40000000000000000000000,,1,"-66,5","865,7",Speedwayr-15-32-c2,"4,743068596142402",
2025-07-25T14:05:31.2462150+03:00,A70000000000000000000000,,1,"-66,5","865,7",Speedwayr-15-32-c2,"5,209398755659637",
2025-07-25T14:05:31.2580170+03:00,A80000000000000000000000,,1,-74,"865,7",Speedwayr-15-32-c2,"1,3529710549151355",
2025-07-25T14:05:31.2628820+03:00,A20000000000000000000000,,1,-61,"865,7",Speedwayr-15-32-c2,"0,0859029241215959",
2025-07-25T14:05:31.2660450+03:00,A60000000000000000000000,,1,"-63,5","865,7",Speedwayr-15-32-c2,"4,945554060143307",
2025-07-25T14:05:31.2682360+03:00,A40000000000000000000000,,1,"-68,5","865,7",Speedwayr-15-32-c2,"4,620350133111551",
2025-07-25T14:05:31.2698610+03:00,A30000000000000000000000,,1,"-65,5","865,7",Speedwayr-15-32-c2,"4,638757902566179",
2025-07-25T14:05:31.2709710+03:00,A70000000000000000000000,,1,"-65,5","865,7",Speedwayr-15-32-c2,"5,332117218690489",
2025-07-25T14:05:31.2993380+03:00,A80000000000000000000000,,1,"-73,5","865,7",Speedwayr-15-32-c2,"1,2425244381873692",
2025-07-25T14:05:31.3061340+03:00,A20000000000000000000000,,1,-62,"865,7",Speedwayr-15-32-c2,"0,4049709280018093",
2025-07-25T14:05:31.3087260+03:00,A30000000000000000000000,,1,-65,"865,7",Speedwayr-15-32-c2,"4,6448938257177215",
2025-07-25T14:05:31.3100480+03:00,A70000000000000000000000,,1,"-65,5","865,7",Speedwayr-15-32-c2,"5,424156065963627",
2025-07-25T14:05:31.3118520+03:00,A60000000000000000000000,,1,"-63,5","865,7",Speedwayr-15-32-c2,"4,957825906446392",
2025-07-25T14:05:31.3167510+03:00,A40000000000000000000000,,1,-67,"865,7",Speedwayr-15-32-c2,"4,681709364626977",
2025-07-25T14:05:31.3551010+03:00,A60000000000000000000000,,1,"-61,5","865,7",Speedwayr-15-32-c2,"5,0682725231741586",
2025-07-25T14:05:31.3568590+03:00,A40000000000000000000000,,1,-69,"865,7",Speedwayr-15-32-c2,"5,037592907416445",
2025-07-25T14:05:31.3582590+03:00,A20000000000000000000000,,1,-61,"865,7",Speedwayr-15-32-c2,"0,11044661672776616",
2025-07-25T14:05:31.3596580+03:00,A30000000000000000000000,,1,-65,"865,7",Speedwayr-15-32-c2,"4,4362724385652745",
2025-07-25T14:05:31.3688650+03:00,A70000000000000000000000,,1,"-66,5","865,7",Speedwayr-15-32-c2,"5,5100589900852235",
2025-07-25T14:05:31.3832210+03:00,A20000000000000000000000,,1,"-59,5","865,7",Speedwayr-15-32-c2,"0,1902136176978195",
2025-07-25T14:05:31.3868220+03:00,A40000000000000000000000,,1,-67,"865,7",Speedwayr-15-32-c2,"4,264466590322082",
2025-07-25T14:05:31.3880190+03:00,A30000000000000000000000,,1,-65,"865,7",Speedwayr-15-32-c2,"4,565126824747668",
2025-07-25T14:05:31.3910520+03:00,A60000000000000000000000,,1,-63,"865,7",Speedwayr-15-32-c2,"5,368932757599744",
2025-07-25T14:05:31.3957120+03:00,A70000000000000000000000,,1,-66,"865,7",Speedwayr-15-32-c2,"5,559146375297564",
2025-07-25T14:05:31.4156940+03:00,A20000000000000000000000,,1,-61,"865,7",Speedwayr-15-32-c2,"0,16566992509164924",
2025-07-25T14:05:31.4170220+03:00,A30000000000000000000000,,1,"-64,5","865,7",Speedwayr-15-32-c2,"4,430136515413731",
2025-07-25T14:05:31.4181310+03:00,A60000000000000000000000,,1,"-63,5","865,7",Speedwayr-15-32-c2,"5,080544369477243",
2025-07-25T14:05:31.4211250+03:00,A40000000000000000000000,,1,"-67,5","865,7",Speedwayr-15-32-c2,"4,577398671050753",
2025-07-25T14:05:31.4244380+03:00,A70000000000000000000000,,1,"-65,5","865,7",Speedwayr-15-32-c2,"6,031612457966341",
2025-07-25T14:05:31.4416500+03:00,A60000000000000000000000,,1,"-63,5","865,7",Speedwayr-15-32-c2,"5,418020142812084",
2025-07-25T14:05:31.4439430+03:00,A20000000000000000000000,,1,"-59,5","865,7",Speedwayr-15-32-c2,"0,25770877236478773",
2025-07-25T14:05:31.4454160+03:00,A30000000000000000000000,,1,"-64,5","865,7",Speedwayr-15-32-c2,"4,037437433715008",
2025-07-25T14:05:31.4474360+03:00,A70000000000000000000000,,1,-65,"865,7",Speedwayr-15-32-c2,"5,755495916146925",
2025-07-25T14:05:31.4485610+03:00,A40000000000000000000000,,1,"-67,5","865,7",Speedwayr-15-32-c2,"4,479223900626073",
2025-07-25T14:05:31.4674260+03:00,A60000000000000000000000,,1,"-63,5","865,7",Speedwayr-15-32-c2,"5,129631754689584",
2025-07-25T14:05:31.4685070+03:00,A30000000000000000000000,,1,"-64,5","865,7",Speedwayr-15-32-c2,"4,3074180523828804",
2025-07-25T14:05:31.4698440+03:00,A20000000000000000000000,,1,"-60,5","865,7",Speedwayr-15-32-c2,"0,3129320807286708",
2025-07-25T14:05:31.4785260+03:00,A40000000000000000000000,,1,-68,"865,7",Speedwayr-15-32-c2,"4,000621894805752",
2025-07-25T14:05:31.4811150+03:00,A70000000000000000000000,,1,"-65,5","865,7",Speedwayr-15-32-c2,"5,859806609723149",
2025-07-25T14:05:31.5032280+03:00,A30000000000000000000000,,1,-62,"865,7",Speedwayr-15-32-c2,"4,239922897715912",
2025-07-25T14:05:31.5053820+03:00,A70000000000000000000000,,1,-65,"865,7",Speedwayr-15-32-c2,"6,068427996875596",
2025-07-25T14:05:31.5073830+03:00,A20000000000000000000000,,1,-59,"865,7",Speedwayr-15-32-c2,"0,25770877236478773",
2025-07-25T14:05:31.5094030+03:00,A40000000000000000000000,,1,"-67,5","865,7",Speedwayr-15-32-c2,"4,2031073588066565",
2025-07-25T14:05:31.5105570+03:00,A60000000000000000000000,,1,"-63,5","865,7",Speedwayr-15-32-c2,"5,135767677841127",
2025-07-25T14:05:31.5362440+03:00,A40000000000000000000000,,1,-68,"865,7",Speedwayr-15-32-c2,"4,080388895775806",
2025-07-25T14:05:31.5390160+03:00,A30000000000000000000000,,1,-64,"865,7",Speedwayr-15-32-c2,"4,2031073588066565",
2025-07-25T14:05:31.5417820+03:00,A70000000000000000000000,,1,-65,"865,7",Speedwayr-15-32-c2,"5,632777453116074",
2025-07-25T14:05:31.5430940+03:00,A60000000000000000000000,,1,-64,"865,7",Speedwayr-15-32-c2,"5,295301679781233",
2025-07-25T14:05:31.5444150+03:00,A20000000000000000000000,,1,-59,"865,7",Speedwayr-15-32-c2,"0,3865631585471816",
2025-07-25T14:05:31.5617830+03:00,A20000000000000000000000,,1,-60,"865,7",Speedwayr-15-32-c2,"0,28225246497095796",
2025-07-25T14:05:31.5644730+03:00,A60000000000000000000000,,1,"-63,5","865,7",Speedwayr-15-32-c2,"5,418020142812084",
2025-07-25T14:05:31.5658210+03:00,A30000000000000000000000,,1,"-63,5","865,7",Speedwayr-15-32-c2,"4,074252972624263",
2025-07-25T14:05:31.5679420+03:00,A70000000000000000000000,,1,"-65,5","865,7",Speedwayr-15-32-c2,"5,841398840268521",
2025-07-25T14:05:31.5718370+03:00,A40000000000000000000000,,1,"-66,5","865,7",Speedwayr-15-32-c2,"4,031301510563465",
2025-07-25T14:05:31.5885830+03:00,A30000000000000000000000,,1,"-63,5","865,7",Speedwayr-15-32-c2,"4,1172044346850605",
2025-07-25T14:05:31.5917980+03:00,A60000000000000000000000,,1,-64,"865,7",Speedwayr-15-32-c2,"5,117359908386499",
2025-07-25T14:05:31.5950230+03:00,A20000000000000000000000,,1,-59,"865,7",Speedwayr-15-32-c2,"0,20248546400090464",
2025-07-25T14:05:31.5969610+03:00,A70000000000000000000000,,1,"-65,5","865,7",Speedwayr-15-32-c2,"5,853670686571607",
2025-07-25T14:05:31.5982260+03:00,A40000000000000000000000,,1,-66,"865,7",Speedwayr-15-32-c2,"3,9392626632903265",
2025-07-25T14:05:31.6109510+03:00,A60000000000000000000000,,1,"-63,5","865,7",Speedwayr-15-32-c2,"5,013049214810275",
2025-07-25T14:05:31.6128740+03:00,A20000000000000000000000,,1,-60,"865,7",Speedwayr-15-32-c2,"0,18407769454627693",
2025-07-25T14:05:31.6169370+03:00,A70000000000000000000000,,1,-65,"865,7",Speedwayr-15-32-c2,"6,025476534814799",
2025-07-25T14:05:31.6182900+03:00,A30000000000000000000000,,1,"-64,5","865,7",Speedwayr-15-32-c2,"4,086524818927348",
2025-07-25T14:05:31.6195140+03:00,A40000000000000000000000,,1,-67,"865,7",Speedwayr-15-32-c2,"3,9208548938356986",
2025-07-25T14:05:31.6368560+03:00,A40000000000000000000000,,1,"-68,5","865,7",Speedwayr-15-32-c2,"3,933126740138784",
2025-07-25T14:05:31.6398190+03:00,A60000000000000000000000,,1,-64,"865,7",Speedwayr-15-32-c2,"5,325981295538946",
2025-07-25T14:05:31.6446350+03:00,A30000000000000000000000,,1,-64,"865,7",Speedwayr-15-32-c2,"4,086524818927348",
2025-07-25T14:05:31.6492690+03:00,A20000000000000000000000,,1,-60,"865,7",Speedwayr-15-32-c2,"0,16566992509164924",
2025-07-25T14:05:31.6520070+03:00,A70000000000000000000000,,1,-66,"865,7",Speedwayr-15-32-c2,"6,19728238305799",
2025-07-25T14:05:31.6637610+03:00,A20000000000000000000000,,1,"-58,5","865,7",Speedwayr-15-32-c2,"0,20248546400090464",
2025-07-25T14:05:31.6669320+03:00,A70000000000000000000000,,1,-64,"865,7",Speedwayr-15-32-c2,"6,025476534814799",
2025-07-25T14:05:31.6704510+03:00,A60000000000000000000000,,1,"-64,5","865,7",Speedwayr-15-32-c2,"5,540738605842936",
2025-07-25T14:05:31.6735680+03:00,A30000000000000000000000,,1,-63,"865,7",Speedwayr-15-32-c2,"3,902447124381071",
2025-07-25T14:05:31.6770870+03:00,A40000000000000000000000,,1,-67,"865,7",Speedwayr-15-32-c2,"3,816544200259475",
2025-07-25T14:05:31.7183200+03:00,A20000000000000000000000,,1,-59,"865,7",Speedwayr-15-32-c2,"0,07976700097005335",
2025-07-25T14:05:31.7194020+03:00,A70000000000000000000000,,1,"-66,5","865,7",Speedwayr-15-32-c2,"6,252505691421874",
2025-07-25T14:05:31.7207030+03:00,A30000000000000000000000,,1,"-62,5","865,7",Speedwayr-15-32-c2,"4,000621894805752",
2025-07-25T14:05:31.7259360+03:00,A60000000000000000000000,,1,-64,"865,7",Speedwayr-15-32-c2,"5,540738605842936",
2025-07-25T14:05:31.7271050+03:00,A40000000000000000000000,,1,-68,"865,7",Speedwayr-15-32-c2,"3,810408277107933",
2025-07-25T14:05:31.7428330+03:00,A60000000000000000000000,,1,"-60,5","865,7",Speedwayr-15-32-c2,"5,442563835418255",
2025-07-25T14:05:31.7444880+03:00,A20000000000000000000000,,1,-60,"865,7",Speedwayr-15-32-c2,"0,04908738521234052",
2025-07-25T14:05:31.7469210+03:00,A40000000000000000000000,,1,-67,"865,7",Speedwayr-15-32-c2,"3,6999616603801666",
2025-07-25T14:05:31.7480190+03:00,A30000000000000000000000,,1,"-63,5","865,7",Speedwayr-15-32-c2,"3,80427235395639",
2025-07-25T14:05:31.7492020+03:00,A70000000000000000000000,,1,"-66,5","865,7",Speedwayr-15-32-c2,"6,080699843178682",
2025-07-25T14:05:31.7681510+03:00,A80000000000000000000000,,1,-74,"865,7",Speedwayr-15-32-c2,"6,126719266815251",
2025-07-25T14:05:31.7722400+03:00,A30000000000000000000000,,1,-63,"865,7",Speedwayr-15-32-c2,"3,7429131224409646",
2025-07-25T14:05:31.7738580+03:00,A20000000000000000000000,,1,-60,"865,7",Speedwayr-15-32-c2,"0,01227184630308513",
2025-07-25T14:05:31.7771470+03:00,A60000000000000000000000,,1,-64,"865,7",Speedwayr-15-32-c2,"5,595961914206819",
2025-07-25T14:05:31.7809020+03:00,A70000000000000000000000,,1,"-65,5","865,7",Speedwayr-15-32-c2,"0,1227184630308513",
2025-07-25T14:05:31.7880120+03:00,A40000000000000000000000,,1,"-67,5","865,7",Speedwayr-15-32-c2,"3,5956509668039427",
2025-07-25T14:05:31.7984340+03:00,A80000000000000000000000,,1,"-73,5","865,7",Speedwayr-15-32-c2,"0,02761165418194154",
2025-07-25T14:05:31.8067150+03:00,A60000000000000000000000,,1,"-63,5","865,7",Speedwayr-15-32-c2,"5,798447378207723",
2025-07-25T14:05:31.8096030+03:00,A70000000000000000000000,,1,-66,"865,7",Speedwayr-15-32-c2,"0,1902136176978195",
2025-07-25T14:05:31.8107890+03:00,A20000000000000000000000,,1,"-59,5","865,7",Speedwayr-15-32-c2,"0,05522330836388308",
2025-07-25T14:05:31.8131250+03:00,A30000000000000000000000,,1,-64,"865,7",Speedwayr-15-32-c2,"3,6999616603801666",
2025-07-25T14:05:31.8168200+03:00,A40000000000000000000000,,1,-68,"865,7",Speedwayr-15-32-c2,"3,160000423044421",
2025-07-25T14:05:31.8317830+03:00,A60000000000000000000000,,1,-63,"865,7",Speedwayr-15-32-c2,"5,608233760509904",
2025-07-25T14:05:31.8352270+03:00,A20000000000000000000000,,1,"-58,5","865,7",Speedwayr-15-32-c2,"6,227961998815704",
2025-07-25T14:05:31.8363970+03:00,A30000000000000000000000,,1,"-63,5","865,7",Speedwayr-15-32-c2,"3,5895150436524004",
2025-07-25T14:05:31.8380600+03:00,A70000000000000000000000,,1,"-64,5","865,7",Speedwayr-15-32-c2,"0,2270291566070749",
2025-07-25T14:05:31.8396570+03:00,A40000000000000000000000,,1,-68,"865,7",Speedwayr-15-32-c2,"3,436116964863836",
2025-07-25T14:05:31.8574300+03:00,A70000000000000000000000,,1,"-65,5","865,7",Speedwayr-15-32-c2,"0,1718058482431918",
2025-07-25T14:05:31.8585450+03:00,A60000000000000000000000,,1,"-63,5","865,7",Speedwayr-15-32-c2,"5,9518454569962875",
2025-07-25T14:05:31.8599080+03:00,A20000000000000000000000,,1,"-58,5","865,7",Speedwayr-15-32-c2,"6,1420590746941075",
2025-07-25T14:05:31.8658950+03:00,A30000000000000000000000,,1,-62,"865,7",Speedwayr-15-32-c2,"3,6201946594101133",
2025-07-25T14:05:31.8699650+03:00,A80000000000000000000000,,1,-70,"865,7",Speedwayr-15-32-c2,"0,17794177139473438",
2025-07-25T14:05:31.8742930+03:00,A40000000000000000000000,,1,"-64,5","865,7",Speedwayr-15-32-c2,"3,141592653589793",
2025-07-25T14:05:31.8913860+03:00,A20000000000000000000000,,1,"-58,5","865,7",Speedwayr-15-32-c2,"6,117515382087937",
2025-07-25T14:05:31.8958710+03:00,A60000000000000000000000,,1,"-63,5","865,7",Speedwayr-15-32-c2,"6,056156150572511",
2025-07-25T14:05:31.8976750+03:00,A40000000000000000000000,,1,-67,"865,7",Speedwayr-15-32-c2,"3,1661363461959633",
2025-07-25T14:05:31.8991550+03:00,A30000000000000000000000,,1,-63,"865,7",Speedwayr-15-32-c2,"3,522019888985432",
2025-07-25T14:05:31.9070260+03:00,A70000000000000000000000,,1,"-65,5","865,7",Speedwayr-15-32-c2,"0,28838838812250056",
2025-07-25T14:05:31.9566290+03:00,A70000000000000000000000,,1,"-65,5","865,7",Speedwayr-15-32-c2,"0,4908738521234052",
2025-07-25T14:05:31.9612410+03:00,A40000000000000000000000,,1,"-62,5","865,7",Speedwayr-15-32-c2,"3,3011266555298997",
2025-07-25T14:05:31.9627350+03:00,A20000000000000000000000,,1,"-58,5","865,7",Speedwayr-15-32-c2,"5,755495916146925",
2025-07-25T14:05:31.9647350+03:00,A60000000000000000000000,,1,-61,"865,7",Speedwayr-15-32-c2,"5,8475347634200645",
2025-07-25T14:05:31.9677740+03:00,A30000000000000000000000,,1,-64,"865,7",Speedwayr-15-32-c2,"3,3502140407422405",
2025-07-25T14:05:31.9828030+03:00,A70000000000000000000000,,1,"-62,5","865,7",Speedwayr-15-32-c2,"0,36815538909255385",
2025-07-25T14:05:31.9846520+03:00,A20000000000000000000000,,1,"-58,5","865,7",Speedwayr-15-32-c2,"5,773903685601553",
2025-07-25T14:05:31.9883340+03:00,A60000000000000000000000,,1,-63,"865,7",Speedwayr-15-32-c2,"5,71868037723767",
2025-07-25T14:05:31.9896610+03:00,A30000000000000000000000,,1,-63,"865,7",Speedwayr-15-32-c2,"3,730641276137879",
2025-07-25T14:05:31.9974130+03:00,A40000000000000000000000,,1,"-67,5","865,7",Speedwayr-15-32-c2,"3,3011266555298997",
2025-07-25T14:05:32.0200200+03:00,A80000000000000000000000,,1,"-72,5","865,7",Speedwayr-15-32-c2,"0,500077736850719",
2025-07-25T14:05:32.0243260+03:00,A20000000000000000000000,,1,"-57,5","865,7",Speedwayr-15-32-c2,"5,651185222570702",
2025-07-25T14:05:32.0269010+03:00,A60000000000000000000000,,1,-63,"865,7",Speedwayr-15-32-c2,"6,031612457966341",
2025-07-25T14:05:32.0279560+03:00,A70000000000000000000000,,1,"-64,5","865,7",Speedwayr-15-32-c2,"0,4724660826687775",
2025-07-25T14:05:32.0290370+03:00,A40000000000000000000000,,1,"-66,5","865,7",Speedwayr-15-32-c2,"3,227495577711389",
2025-07-25T14:05:32.0325360+03:00,A30000000000000000000000,,1,"-62,5","865,7",Speedwayr-15-32-c2,"3,3624858870453256",
2025-07-25T14:05:32.0398390+03:00,A80000000000000000000000,,1,-73,"865,7",Speedwayr-15-32-c2,"0,5276893910326605",
2025-07-25T14:05:32.0481910+03:00,A30000000000000000000000,,1,"-63,5","865,7",Speedwayr-15-32-c2,"3,3440781175906977",
2025-07-25T14:05:32.0514030+03:00,A40000000000000000000000,,1,-66,"865,7",Speedwayr-15-32-c2,"3,2213596545598464",
2025-07-25T14:05:32.0540010+03:00,A20000000000000000000000,,1,-57,"865,7",Speedwayr-15-32-c2,"5,589825991055276",
2025-07-25T14:05:32.0560150+03:00,A60000000000000000000000,,1,"-62,5","865,7",Speedwayr-15-32-c2,"6,2034183062095325",
2025-07-25T14:05:32.0574710+03:00,A70000000000000000000000,,1,-65,"865,7",Speedwayr-15-32-c2,"0,42337869745643697",
2025-07-25T14:05:32.0593850+03:00,A80000000000000000000000,,1,-72,"865,7",Speedwayr-15-32-c2,"0,6381360077604268",
2025-07-25T14:05:32.0751440+03:00,A30000000000000000000000,,1,-64,"865,7",Speedwayr-15-32-c2,"3,1661363461959633",
2025-07-25T14:05:32.0770980+03:00,A20000000000000000000000,,1,-57,"865,7",Speedwayr-15-32-c2,"5,589825991055276",
2025-07-25T14:05:32.0798250+03:00,A70000000000000000000000,,1,"-65,5","865,7",Speedwayr-15-32-c2,"0,4724660826687775",
2025-07-25T14:05:32.0849170+03:00,A60000000000000000000000,,1,-63,"865,7",Speedwayr-15-32-c2,"6,000932842208628",
2025-07-25T14:05:32.0871150+03:00,A40000000000000000000000,,1,"-67,5","865,7",Speedwayr-15-32-c2,"3,313398501832985",
2025-07-25T14:05:32.1090950+03:00,A80000000000000000000000,,1,-71,"865,7",Speedwayr-15-32-c2,"0,7976700097005334",
2025-07-25T14:05:32.1101770+03:00,A60000000000000000000000,,1,"-60,5","865,7",Speedwayr-15-32-c2,"5,988660995905543",
2025-07-25T14:05:32.1148770+03:00,A20000000000000000000000,,1,-57,"865,7",Speedwayr-15-32-c2,"5,663457068873787",
2025-07-25T14:05:32.1168140+03:00,A30000000000000000000000,,1,-64,"865,7",Speedwayr-15-32-c2,"3,3624858870453256",
2025-07-25T14:05:32.1194910+03:00,A40000000000000000000000,,1,"-67,5","865,7",Speedwayr-15-32-c2,"3,3072625786814425",
2025-07-25T14:05:32.1206170+03:00,A70000000000000000000000,,1,"-65,5","865,7",Speedwayr-15-32-c2,"0,5460971604872883",
2025-07-25T14:05:32.1366820+03:00,A20000000000000000000000,,1,-57,"865,7",Speedwayr-15-32-c2,"5,632777453116074",
2025-07-25T14:05:32.1381920+03:00,A70000000000000000000000,,1,"-64,5","865,7",Speedwayr-15-32-c2,"0,44178646691106466",
2025-07-25T14:05:32.1393070+03:00,A40000000000000000000000,,1,"-66,5","865,7",Speedwayr-15-32-c2,"3,497476196379262",
2025-07-25T14:05:32.1458450+03:00,A30000000000000000000000,,1,"-62,5","865,7",Speedwayr-15-32-c2,"3,3624858870453256",
2025-07-25T14:05:32.1472270+03:00,A60000000000000000000000,,1,-63,"865,7",Speedwayr-15-32-c2,"6,031612457966341",
2025-07-25T14:05:32.1498690+03:00,A80000000000000000000000,,1,-70,"865,7",Speedwayr-15-32-c2,"0,5338253141842031",
2025-07-25T14:05:32.1666230+03:00,A20000000000000000000000,,1,-58,"865,7",Speedwayr-15-32-c2,"5,663457068873787",
2025-07-25T14:05:32.1687300+03:00,A70000000000000000000000,,1,-66,"865,7",Speedwayr-15-32-c2,"0,3313398501832985",
2025-07-25T14:05:32.1698860+03:00,A60000000000000000000000,,1,"-62,5","865,7",Speedwayr-15-32-c2,"6,037748381117884",
2025-07-25T14:05:32.1765180+03:00,A30000000000000000000000,,1,-64,"865,7",Speedwayr-15-32-c2,"3,442252888015379",
2025-07-25T14:05:32.1782140+03:00,A40000000000000000000000,,1,"-65,5","865,7",Speedwayr-15-32-c2,"3,2949907323783574",
2025-07-25T14:05:32.2177170+03:00,A70000000000000000000000,,1,"-65,5","865,7",Speedwayr-15-32-c2,"0,46019423636569234",
2025-07-25T14:05:32.2190520+03:00,A30000000000000000000000,,1,"-62,5","865,7",Speedwayr-15-32-c2,"3,485204350076177",
2025-07-25T14:05:32.2212610+03:00,A20000000000000000000000,,1,"-58,5","865,7",Speedwayr-15-32-c2,"5,8475347634200645",
2025-07-25T14:05:32.2228810+03:00,A60000000000000000000000,,1,-61,"865,7",Speedwayr-15-32-c2,"5,902758071783947",
2025-07-25T14:05:32.2272720+03:00,A40000000000000000000000,,1,-67,"865,7",Speedwayr-15-32-c2,"3,429981041712294",
2025-07-25T14:05:32.2436880+03:00,A20000000000000000000000,,1,-58,"865,7",Speedwayr-15-32-c2,"6,062292073724054",
2025-07-25T14:05:32.2459930+03:00,A60000000000000000000000,,1,"-61,5","865,7",Speedwayr-15-32-c2,"6,062292073724054",
2025-07-25T14:05:32.2485540+03:00,A40000000000000000000000,,1,-66,"865,7",Speedwayr-15-32-c2,"3,32567034813607",
2025-07-25T14:05:32.2500100+03:00,A30000000000000000000000,,1,"-63,5","865,7",Speedwayr-15-32-c2,"3,6201946594101133",
2025-07-25T14:05:32.2550870+03:00,A70000000000000000000000,,1,"-65,5","865,7",Speedwayr-15-32-c2,"0,35588354278946877",
2025-07-25T14:05:32.2797800+03:00,A80000000000000000000000,,1,-73,"865,7",Speedwayr-15-32-c2,"0,45712627478992107",
2025-07-25T14:05:32.2850900+03:00,A30000000000000000000000,,1,"-63,5","865,7",Speedwayr-15-32-c2,"3,6263305825616556",
2025-07-25T14:05:32.2870640+03:00,A20000000000000000000000,,1,"-59,5","865,7",Speedwayr-15-32-c2,"0,06135923151542565",
2025-07-25T14:05:32.2887580+03:00,A40000000000000000000000,,1,"-67,5","865,7",Speedwayr-15-32-c2,"3,215223731408304",
2025-07-25T14:05:32.2904840+03:00,A60000000000000000000000,,1,"-60,5","865,7",Speedwayr-15-32-c2,"5,9518454569962875",
2025-07-25T14:05:32.2962660+03:00,A70000000000000000000000,,1,-63,"865,7",Speedwayr-15-32-c2,"0,3374757733348411",
2025-07-25T14:05:32.3234270+03:00,A20000000000000000000000,,1,"-57,5","865,7",Speedwayr-15-32-c2,"0,35588354278946877",
2025-07-25T14:05:32.3262230+03:00,A70000000000000000000000,,1,-65,"865,7",Speedwayr-15-32-c2,"0,23316507975861744",
2025-07-25T14:05:32.3282230+03:00,A60000000000000000000000,,1,-63,"865,7",Speedwayr-15-32-c2,"5,859806609723149",
2025-07-25T14:05:32.3293040+03:00,A30000000000000000000000,,1,-63,"865,7",Speedwayr-15-32-c2,"3,509748042682347",
2025-07-25T14:05:32.3401170+03:00,A40000000000000000000000,,1,-67,"865,7",Speedwayr-15-32-c2,"0,2086213871524472",
2025-07-25T14:05:32.3560530+03:00,A60000000000000000000000,,1,-62,"865,7",Speedwayr-15-32-c2,"5,816855147662351",
2025-07-25T14:05:32.3582630+03:00,A70000000000000000000000,,1,-66,"865,7",Speedwayr-15-32-c2,"0,32520392703175593",
2025-07-25T14:05:32.3595430+03:00,A20000000000000000000000,,1,-58,"865,7",Speedwayr-15-32-c2,"0,3988350048502667",
2025-07-25T14:05:32.3658610+03:00,A30000000000000000000000,,1,-63,"865,7",Speedwayr-15-32-c2,"3,479068426924634",
2025-07-25T14:05:32.3671000+03:00,A40000000000000000000000,,1,"-65,5","865,7",Speedwayr-15-32-c2,"3,423845118560751",
2025-07-25T14:05:32.3828510+03:00,A20000000000000000000000,,1,"-59,5","865,7",Speedwayr-15-32-c2,"0,44178646691106466",
2025-07-25T14:05:32.3856660+03:00,A60000000000000000000000,,1,-63,"865,7",Speedwayr-15-32-c2,"5,743224069843841",
2025-07-25T14:05:32.3869640+03:00,A40000000000000000000000,,1,"-66,5","865,7",Speedwayr-15-32-c2,"3,2704470397721868",
2025-07-25T14:05:32.3880630+03:00,A30000000000000000000000,,1,"-62,5","865,7",Speedwayr-15-32-c2,"3,552699504743145",
2025-07-25T14:05:32.3893870+03:00,A70000000000000000000000,,1,"-65,5","865,7",Speedwayr-15-32-c2,"0,1349903093339364",
2025-07-25T14:05:32.4152150+03:00,A20000000000000000000000,,1,"-59,5","865,7",Speedwayr-15-32-c2,"0,4663301595172349",
2025-07-25T14:05:32.4166830+03:00,A60000000000000000000000,,1,-64,"865,7",Speedwayr-15-32-c2,"5,6573211457222445",
2025-07-25T14:05:32.4198940+03:00,A70000000000000000000000,,1,-66,"865,7",Speedwayr-15-32-c2,"0,23316507975861744",
2025-07-25T14:05:32.4248490+03:00,A30000000000000000000000,,1,-63,"865,7",Speedwayr-15-32-c2,"3,6201946594101133",
2025-07-25T14:05:32.4264330+03:00,A40000000000000000000000,,1,"-67,5","865,7",Speedwayr-15-32-c2,"3,9515345095934116",
2025-07-25T14:05:32.4384830+03:00,A70000000000000000000000,,1,-66,"865,7",Speedwayr-15-32-c2,"0,21475731030398976",
2025-07-25T14:05:32.4414120+03:00,A20000000000000000000000,,1,-60,"865,7",Speedwayr-15-32-c2,"0,4111068511533518",
2025-07-25T14:05:32.4478560+03:00,A60000000000000000000000,,1,-64,"865,7",Speedwayr-15-32-c2,"5,595961914206819",
2025-07-25T14:05:32.4489270+03:00,A30000000000000000000000,,1,"-63,5","865,7",Speedwayr-15-32-c2,"3,706097583531709",
2025-07-25T14:05:32.4576230+03:00,A40000000000000000000000,,1,-67,"865,7",Speedwayr-15-32-c2,"3,497476196379262",
2025-07-25T14:05:32.4846130+03:00,A20000000000000000000000,,1,-59,"865,7",Speedwayr-15-32-c2,"0,5767767762450011",
2025-07-25T14:05:32.4877220+03:00,A60000000000000000000000,,1,"-63,5","865,7",Speedwayr-15-32-c2,"5,5714182216006485",
2025-07-25T14:05:32.4891640+03:00,A70000000000000000000000,,1,-66,"865,7",Speedwayr-15-32-c2,"0,18407769454627693",
2025-07-25T14:05:32.4943710+03:00,A30000000000000000000000,,1,-63,"865,7",Speedwayr-15-32-c2,"3,8840393549264434",
2025-07-25T14:05:32.5109560+03:00,A60000000000000000000000,,1,"-62,5","865,7",Speedwayr-15-32-c2,"5,737088146692298",
2025-07-25T14:05:32.5122890+03:00,A20000000000000000000000,,1,-59,"865,7",Speedwayr-15-32-c2,"0,6013204688511713",
2025-07-25T14:05:32.5167350+03:00,A70000000000000000000000,,1,-67,"865,7",Speedwayr-15-32-c2,"0,018407769454627694",
2025-07-25T14:05:32.5178730+03:00,A40000000000000000000000,,1,-67,"865,7",Speedwayr-15-32-c2,"4,025165587411922",
2025-07-25T14:05:32.5189700+03:00,A30000000000000000000000,,1,-64,"865,7",Speedwayr-15-32-c2,"3,792000507653305",
2025-07-25T14:05:32.5601210+03:00,A80000000000000000000000,,1,-73,"865,7",Speedwayr-15-32-c2,"6,24330180669456",
2025-07-25T14:05:32.5674080+03:00,A20000000000000000000000,,1,-61,"865,7",Speedwayr-15-32-c2,"0,5767767762450011",
2025-07-25T14:05:32.5684450+03:00,A30000000000000000000000,,1,"-62,5","865,7",Speedwayr-15-32-c2,"3,859495662320273",
2025-07-25T14:05:32.5695610+03:00,A60000000000000000000000,,1,-64,"865,7",Speedwayr-15-32-c2,"5,675728915176872",
2025-07-25T14:05:32.5749980+03:00,A40000000000000000000000,,1,-64,"865,7",Speedwayr-15-32-c2,"3,479068426924634",
2025-07-25T14:05:32.5769390+03:00,A70000000000000000000000,,1,-66,"865,7",Speedwayr-15-32-c2,"0,19634954084936207",
2025-07-25T14:05:32.6178930+03:00,A20000000000000000000000,,1,"-61,5","865,7",Speedwayr-15-32-c2,"0,662679700366597",
2025-07-25T14:05:32.6194190+03:00,A30000000000000000000000,,1,-64,"865,7",Speedwayr-15-32-c2,"3,810408277107933",
2025-07-25T14:05:32.6205610+03:00,A60000000000000000000000,,1,"-64,5","865,7",Speedwayr-15-32-c2,"5,602097837358362",
2025-07-25T14:05:32.6265990+03:00,A70000000000000000000000,,1,-66,"865,7",Speedwayr-15-32-c2,"0,23930100291016002",
2025-07-25T14:05:32.6388300+03:00,A40000000000000000000000,,1,"-67,5","865,7",Speedwayr-15-32-c2,"3,423845118560751",
2025-07-25T14:05:32.6404120+03:00,A60000000000000000000000,,1,-65,"865,7",Speedwayr-15-32-c2,"5,6941366846315",
2025-07-25T14:05:32.6414850+03:00,A30000000000000000000000,,1,"-63,5","865,7",Speedwayr-15-32-c2,"3,749049045592507",
2025-07-25T14:05:32.6446830+03:00,A20000000000000000000000,,1,"-60,5","865,7",Speedwayr-15-32-c2,"0,7424467013366504",
2025-07-25T14:05:32.6463820+03:00,A70000000000000000000000,,1,"-66,5","865,7",Speedwayr-15-32-c2,"0,1043106935762236",
2025-07-25T14:05:32.6818850+03:00,A20000000000000000000000,,1,-61,"865,7",Speedwayr-15-32-c2,"0,662679700366597",
2025-07-25T14:05:32.6838480+03:00,A30000000000000000000000,,1,"-63,5","865,7",Speedwayr-15-32-c2,"3,8840393549264434",
2025-07-25T14:05:32.6851340+03:00,A60000000000000000000000,,1,-65,"865,7",Speedwayr-15-32-c2,"5,583690067903734",
2025-07-25T14:05:32.6876700+03:00,A70000000000000000000000,,1,-65,"865,7",Speedwayr-15-32-c2,"0,09817477042468103",
2025-07-25T14:05:32.6888080+03:00,A40000000000000000000000,,1,"-67,5","865,7",Speedwayr-15-32-c2,"3,663146121470911",
2025-07-25T14:05:32.7099640+03:00,A80000000000000000000000,,1,-74,"865,7",Speedwayr-15-32-c2,"6,224894037239932",
2025-07-25T14:05:32.7167790+03:00,A30000000000000000000000,,1,"-63,5","865,7",Speedwayr-15-32-c2,"3,767456815047135",
2025-07-25T14:05:32.7179180+03:00,A60000000000000000000000,,1,-64,"865,7",Speedwayr-15-32-c2,"5,6143696836614465",
2025-07-25T14:05:32.7192190+03:00,A20000000000000000000000,,1,-61,"865,7",Speedwayr-15-32-c2,"0,8528933180644165",
2025-07-25T14:05:32.7210940+03:00,A70000000000000000000000,,1,"-66,5","865,7",Speedwayr-15-32-c2,"0,09817477042468103",
2025-07-25T14:05:32.7278690+03:00,A40000000000000000000000,,1,-67,"865,7",Speedwayr-15-32-c2,"3,509748042682347",
2025-07-25T14:05:32.7496640+03:00,A80000000000000000000000,,1,"-73,5","865,7",Speedwayr-15-32-c2,"6,105243535784852",
2025-07-25T14:05:32.7527570+03:00,A60000000000000000000000,,1,"-61,5","865,7",Speedwayr-15-32-c2,"5,626641529964532",
2025-07-25T14:05:32.7556510+03:00,A70000000000000000000000,,1,-65,"865,7",Speedwayr-15-32-c2,"0,2270291566070749",
2025-07-25T14:05:32.7584480+03:00,A20000000000000000000000,,1,-61,"865,7",Speedwayr-15-32-c2,"0,5890486225480862",
2025-07-25T14:05:32.7595320+03:00,A30000000000000000000000,,1,"-63,5","865,7",Speedwayr-15-32-c2,"3,865631585471816",
2025-07-25T14:05:32.7680430+03:00,A40000000000000000000000,,1,-67,"865,7",Speedwayr-15-32-c2,"3,509748042682347",
2025-07-25T14:05:32.7852110+03:00,A70000000000000000000000,,1,"-65,5","865,7",Speedwayr-15-32-c2,"0,07363107781851078",
2025-07-25T14:05:32.7871070+03:00,A20000000000000000000000,,1,"-60,5","865,7",Speedwayr-15-32-c2,"0,47860200582032003",
2025-07-25T14:05:32.7895140+03:00,A40000000000000000000000,,1,-67,"865,7",Speedwayr-15-32-c2,"3,6815538909255388",
2025-07-25T14:05:32.7925810+03:00,A30000000000000000000000,,1,"-62,5","865,7",Speedwayr-15-32-c2,"3,77972866135022",
2025-07-25T14:05:32.7940060+03:00,A60000000000000000000000,,1,-64,"865,7",Speedwayr-15-32-c2,"5,608233760509904",
2025-07-25T14:05:32.8195650+03:00,A80000000000000000000000,,1,-73,"865,7",Speedwayr-15-32-c2,"6,215690152512618",
2025-07-25T14:05:32.8253050+03:00,A20000000000000000000000,,1,"-59,5","865,7",Speedwayr-15-32-c2,"0,44178646691106466",
2025-07-25T14:05:32.8273050+03:00,A30000000000000000000000,,1,-63,"865,7",Speedwayr-15-32-c2,"3,7551849687440497",
2025-07-25T14:05:32.8283890+03:00,A60000000000000000000000,,1,"-64,5","865,7",Speedwayr-15-32-c2,"5,712544454086128",
2025-07-25T14:05:32.8308640+03:00,A40000000000000000000000,,1,"-67,5","865,7",Speedwayr-15-32-c2,"3,650874275167826",
2025-07-25T14:05:32.8346810+03:00,A70000000000000000000000,,1,"-64,5","865,7",Speedwayr-15-32-c2,"0,12885438618239387",
2025-07-25T14:05:32.8484330+03:00,A80000000000000000000000,,1,"-73,5","865,7",Speedwayr-15-32-c2,"6,2463697682703305",
2025-07-25T14:05:32.8563580+03:00,A60000000000000000000000,,1,-63,"865,7",Speedwayr-15-32-c2,"5,853670686571607",
2025-07-25T14:05:32.8582390+03:00,A70000000000000000000000,,1,"-65,5","865,7",Speedwayr-15-32-c2,"0,2454369260617026",
2025-07-25T14:05:32.8598080+03:00,A20000000000000000000000,,1,"-60,5","865,7",Speedwayr-15-32-c2,"0,35588354278946877",
2025-07-25T14:05:32.8611190+03:00,A30000000000000000000000,,1,"-63,5","865,7",Speedwayr-15-32-c2,"3,865631585471816",
2025-07-25T14:05:32.8683260+03:00,A40000000000000000000000,,1,-68,"865,7",Speedwayr-15-32-c2,"3,6263305825616556",
2025-07-25T14:05:32.8885470+03:00,A80000000000000000000000,,1,"-73,5","865,7",Speedwayr-15-32-c2,"0,009203884727313847",
2025-07-25T14:05:32.8967450+03:00,A60000000000000000000000,,1,-64,"865,7",Speedwayr-15-32-c2,"5,632777453116074",
2025-07-25T14:05:32.8978740+03:00,A30000000000000000000000,,1,-64,"865,7",Speedwayr-15-32-c2,"3,767456815047135",
2025-07-25T14:05:32.8989980+03:00,A70000000000000000000000,,1,"-66,5","865,7",Speedwayr-15-32-c2,"0,2270291566070749",
2025-07-25T14:05:32.9003080+03:00,A20000000000000000000000,,1,"-59,5","865,7",Speedwayr-15-32-c2,"0,2454369260617026",
2025-07-25T14:05:32.9043370+03:00,A40000000000000000000000,,1,-66,"865,7",Speedwayr-15-32-c2,"3,5711072741977725",
2025-07-25T14:05:32.9291830+03:00,A40000000000000000000000,,1,-67,"865,7",Speedwayr-15-32-c2,"3,718369429834794",
2025-07-25T14:05:32.9331330+03:00,A20000000000000000000000,,1,"-60,5","865,7",Speedwayr-15-32-c2,"0,4908738521234052",
2025-07-25T14:05:32.9361910+03:00,A30000000000000000000000,,1,-64,"865,7",Speedwayr-15-32-c2,"3,650874275167826",
2025-07-25T14:05:32.9375590+03:00,A60000000000000000000000,,1,-64,"865,7",Speedwayr-15-32-c2,"5,6941366846315",
2025-07-25T14:05:32.9386680+03:00,A70000000000000000000000,,1,-66,"865,7",Speedwayr-15-32-c2,"0,1718058482431918",
2025-07-25T14:05:32.9694190+03:00,A80000000000000000000000,,1,"-73,5","865,7",Speedwayr-15-32-c2,"0,04908738521234052",
2025-07-25T14:05:32.9758290+03:00,A60000000000000000000000,,1,-64,"865,7",Speedwayr-15-32-c2,"5,700272607783043",
2025-07-25T14:05:32.9771680+03:00,A30000000000000000000000,,1,"-63,5","865,7",Speedwayr-15-32-c2,"3,773592738198677",
2025-07-25T14:05:32.9782370+03:00,A20000000000000000000000,,1,-60,"865,7",Speedwayr-15-32-c2,"0,32520392703175593",
2025-07-25T14:05:32.9795910+03:00,A40000000000000000000000,,1,-66,"865,7",Speedwayr-15-32-c2,"3,5588354278946874",
2025-07-25T14:05:32.9876630+03:00,A70000000000000000000000,,1,-66,"865,7",Speedwayr-15-32-c2,"0,23930100291016002",
2025-07-25T14:05:33.0168830+03:00,A70000000000000000000000,,1,"-65,5","865,7",Speedwayr-15-32-c2,"0,2086213871524472",
2025-07-25T14:05:33.0196330+03:00,A30000000000000000000000,,1,"-63,5","865,7",Speedwayr-15-32-c2,"3,834951969714103",
2025-07-25T14:05:33.0212580+03:00,A60000000000000000000000,,1,"-63,5","865,7",Speedwayr-15-32-c2,"5,6573211457222445",
2025-07-25T14:05:33.0228690+03:00,A20000000000000000000000,,1,-59,"865,7",Speedwayr-15-32-c2,"0,2945243112740431",
2025-07-25T14:05:33.0270130+03:00,A40000000000000000000000,,1,-69,"865,7",Speedwayr-15-32-c2,"3,4606606574700063",
2025-07-25T14:05:33.0403640+03:00,A20000000000000000000000,,1,-60,"865,7",Speedwayr-15-32-c2,"0,36815538909255385",
2025-07-25T14:05:33.0437140+03:00,A60000000000000000000000,,1,-62,"865,7",Speedwayr-15-32-c2,"5,743224069843841",
2025-07-25T14:05:33.0480980+03:00,A30000000000000000000000,,1,-64,"865,7",Speedwayr-15-32-c2,"3,7981364308048478",
2025-07-25T14:05:33.0492690+03:00,A70000000000000000000000,,1,"-66,5","865,7",Speedwayr-15-32-c2,"0,1595340019401067",
2025-07-25T14:05:33.0503650+03:00,A40000000000000000000000,,1,"-66,5","865,7",Speedwayr-15-32-c2,"3,411573272257666",
2025-07-25T14:05:33.1038600+03:00,A20000000000000000000000,,1,"-59,5","865,7",Speedwayr-15-32-c2,"0,25157284921324513",
2025-07-25T14:05:33.1062030+03:00,A60000000000000000000000,,1,-62,"865,7",Speedwayr-15-32-c2,"5,835262917116979",
2025-07-25T14:05:33.1072870+03:00,A30000000000000000000000,,1,-64,"865,7",Speedwayr-15-32-c2,"3,767456815047135",
2025-07-25T14:05:33.1089890+03:00,A70000000000000000000000,,1,-66,"865,7",Speedwayr-15-32-c2,"0,23930100291016002",
2025-07-25T14:05:33.1107800+03:00,A40000000000000000000000,,1,"-64,5","865,7",Speedwayr-15-32-c2,"3,442252888015379",
2025-07-25T14:05:33.1486510+03:00,A80000000000000000000000,,1,-73,"865,7",Speedwayr-15-32-c2,"6,178874613603362",
2025-07-25T14:05:33.1559480+03:00,A20000000000000000000000,,1,-60,"865,7",Speedwayr-15-32-c2,"0,18407769454627693",
2025-07-25T14:05:33.1570010+03:00,A30000000000000000000000,,1,-64,"865,7",Speedwayr-15-32-c2,"3,8410878928656453",
2025-07-25T14:05:33.1581440+03:00,A60000000000000000000000,,1,"-63,5","865,7",Speedwayr-15-32-c2,"5,773903685601553",
2025-07-25T14:05:33.1597780+03:00,A70000000000000000000000,,1,-65,"865,7",Speedwayr-15-32-c2,"0,28838838812250056",
2025-07-25T14:05:33.1725890+03:00,A40000000000000000000000,,1,"-66,5","865,7",Speedwayr-15-32-c2,"0,4970097752749477",
2025-07-25T14:05:33.1774980+03:00,A80000000000000000000000,,1,-74,"865,7",Speedwayr-15-32-c2,"6,013204688511713",
2025-07-25T14:05:33.1808730+03:00,A20000000000000000000000,,1,-60,"865,7",Speedwayr-15-32-c2,"0,28225246497095796",
2025-07-25T14:05:33.1851150+03:00,A30000000000000000000000,,1,-63,"865,7",Speedwayr-15-32-c2,"3,6570101983193686",
2025-07-25T14:05:33.1868270+03:00,A40000000000000000000000,,1,"-67,5","865,7",Speedwayr-15-32-c2,"3,2459033471660166",
2025-07-25T14:05:33.1878970+03:00,A70000000000000000000000,,1,-66,"865,7",Speedwayr-15-32-c2,"0,0859029241215959",
2025-07-25T14:05:33.1889800+03:00,A60000000000000000000000,,1,"-61,5","865,7",Speedwayr-15-32-c2,"5,712544454086128",
2025-07-25T14:05:33.2193850+03:00,A80000000000000000000000,,1,"-74,5","865,7",Speedwayr-15-32-c2,"5,954913418572059",
2025-07-25T14:05:33.2231160+03:00,A30000000000000000000000,,1,-64,"865,7",Speedwayr-15-32-c2,"3,6386024288647407",
2025-07-25T14:05:33.2253430+03:00,A60000000000000000000000,,1,"-64,5","865,7",Speedwayr-15-32-c2,"5,706408530934585",
2025-07-25T14:05:33.2300170+03:00,A20000000000000000000000,,1,-60,"865,7",Speedwayr-15-32-c2,"0,23316507975861744",
2025-07-25T14:05:33.2555860+03:00,A70000000000000000000000,,1,-66,"865,7",Speedwayr-15-32-c2,"0,05829126993965436",
2025-07-25T14:05:33.2674110+03:00,A40000000000000000000000,,1,"-67,5","865,7",Speedwayr-15-32-c2,"0,5706408530934585",
2025-07-25T14:05:33.2877480+03:00,A20000000000000000000000,,1,-60,"865,7",Speedwayr-15-32-c2,"0,1595340019401067",
2025-07-25T14:05:33.2894740+03:00,A70000000000000000000000,,1,-67,"865,7",Speedwayr-15-32-c2,0,
2025-07-25T14:05:33.2926340+03:00,A60000000000000000000000,,1,-61,"865,7",Speedwayr-15-32-c2,"5,663457068873787",
2025-07-25T14:05:33.2960280+03:00,A40000000000000000000000,,1,"-68,5","865,7",Speedwayr-15-32-c2,"3,650874275167826",
2025-07-25T14:05:33.2970960+03:00,A30000000000000000000000,,1,-64,"865,7",Speedwayr-15-32-c2,"3,9944859716542096",
2025-07-25T14:05:33.3106060+03:00,A20000000000000000000000,,1,-59,"865,7",Speedwayr-15-32-c2,"0,1595340019401067",
2025-07-25T14:05:33.3129320+03:00,A70000000000000000000000,,1,"-65,5","865,7",Speedwayr-15-32-c2,"6,258641614573416",
2025-07-25T14:05:33.3153910+03:00,A30000000000000000000000,,1,-63,"865,7",Speedwayr-15-32-c2,"3,7981364308048478",
2025-07-25T14:05:33.3185330+03:00,A40000000000000000000000,,1,"-67,5","865,7",Speedwayr-15-32-c2,"3,730641276137879",
2025-07-25T14:05:33.3214080+03:00,A60000000000000000000000,,1,"-62,5","865,7",Speedwayr-15-32-c2,"5,620505606812989",
2025-07-25T14:05:33.3418000+03:00,A30000000000000000000000,,1,-63,"865,7",Speedwayr-15-32-c2,"3,9392626632903265",
2025-07-25T14:05:33.3443440+03:00,A60000000000000000000000,,1,"-63,5","865,7",Speedwayr-15-32-c2,"5,6143696836614465",
2025-07-25T14:05:33.3468540+03:00,A70000000000000000000000,,1,-67,"865,7",Speedwayr-15-32-c2,"6,22182607566416",
2025-07-25T14:05:33.3482170+03:00,A20000000000000000000000,,1,-60,"865,7",Speedwayr-15-32-c2,"0,09817477042468103",
2025-07-25T14:05:33.3496550+03:00,A40000000000000000000000,,1,"-67,5","865,7",Speedwayr-15-32-c2,"3,785864584501762",
2025-07-25T14:05:33.3644040+03:00,A70000000000000000000000,,1,"-66,5","865,7",Speedwayr-15-32-c2,"6,056156150572511",
2025-07-25T14:05:33.3664060+03:00,A20000000000000000000000,,1,-61,"865,7",Speedwayr-15-32-c2,"0,018407769454627694",
2025-07-25T14:05:33.3677030+03:00,A40000000000000000000000,,1,-68,"865,7",Speedwayr-15-32-c2,"3,761320891895592",
2025-07-25T14:05:33.3695830+03:00,A30000000000000000000000,,1,"-63,5","865,7",Speedwayr-15-32-c2,"3,9147189706841563",
2025-07-25T14:05:33.3716380+03:00,A60000000000000000000000,,1,-63,"865,7",Speedwayr-15-32-c2,"5,473243451175968",
2025-07-25T14:05:33.3862860+03:00,A70000000000000000000000,,1,"-65,5","865,7",Speedwayr-15-32-c2,"6,191146459906448",
2025-07-25T14:05:33.3876470+03:00,A20000000000000000000000,,1,"-60,5","865,7",Speedwayr-15-32-c2,"0,0674951546669682",
2025-07-25T14:05:33.3895130+03:00,A40000000000000000000000,,1,"-66,5","865,7",Speedwayr-15-32-c2,"3,730641276137879",
2025-07-25T14:05:33.3911120+03:00,A60000000000000000000000,,1,-63,"865,7",Speedwayr-15-32-c2,"5,589825991055276",
2025-07-25T14:05:33.3962830+03:00,A30000000000000000000000,,1,"-63,5","865,7",Speedwayr-15-32-c2,"4,0128937411088375",
2025-07-25T14:05:33.4195580+03:00,A80000000000000000000000,,1,-75,"865,7",Speedwayr-15-32-c2,"5,8045833013592665",
2025-07-25T14:05:33.4226210+03:00,A30000000000000000000000,,1,"-63,5","865,7",Speedwayr-15-32-c2,"3,8533597391687304",
2025-07-25T14:05:33.4237110+03:00,A20000000000000000000000,,1,-57,"865,7",Speedwayr-15-32-c2,"0,01227184630308513",
2025-07-25T14:05:33.4288610+03:00,A70000000000000000000000,,1,"-65,5","865,7",Speedwayr-15-32-c2,"5,4671075280244255",
2025-07-25T14:05:33.4303280+03:00,A60000000000000000000000,,1,-63,"865,7",Speedwayr-15-32-c2,"5,460971604872882",
2025-07-25T14:05:33.4350920+03:00,A40000000000000000000000,,1,"-66,5","865,7",Speedwayr-15-32-c2,"3,718369429834794",
2025-07-25T14:05:33.4652150+03:00,A30000000000000000000000,,1,"-64,5","865,7",Speedwayr-15-32-c2,"4,074252972624263",
2025-07-25T14:05:33.4671850+03:00,A60000000000000000000000,,1,"-62,5","865,7",Speedwayr-15-32-c2,"5,620505606812989",
2025-07-25T14:05:33.4685380+03:00,A20000000000000000000000,,1,-60,"865,7",Speedwayr-15-32-c2,"6,17273869045182",
2025-07-25T14:05:33.4712280+03:00,A40000000000000000000000,,1,"-66,5","865,7",Speedwayr-15-32-c2,"4,1417481272912315",
2025-07-25T14:05:33.4733220+03:00,A70000000000000000000000,,1,-66,"865,7",Speedwayr-15-32-c2,"6,080699843178682",
2025-07-25T14:05:33.4868750+03:00,A20000000000000000000000,,1,-61,"865,7",Speedwayr-15-32-c2,"6,264777537724958",
2025-07-25T14:05:33.4910990+03:00,A70000000000000000000000,,1,"-65,5","865,7",Speedwayr-15-32-c2,"6,043884304269426",
2025-07-25T14:05:33.4965800+03:00,A60000000000000000000000,,1,-64,"865,7",Speedwayr-15-32-c2,"5,577554144752192",
2025-07-25T14:05:33.5001990+03:00,A30000000000000000000000,,1,"-63,5","865,7",Speedwayr-15-32-c2,"4,424000592262189",
2025-07-25T14:05:33.5376370+03:00,A60000000000000000000000,,1,"-63,5","865,7",Speedwayr-15-32-c2,"5,632777453116074",
2025-07-25T14:05:33.5401420+03:00,A20000000000000000000000,,1,-60,"865,7",Speedwayr-15-32-c2,"6,092971689481767",
2025-07-25T14:05:33.5414350+03:00,A30000000000000000000000,,1,"-64,5","865,7",Speedwayr-15-32-c2,"4,000621894805752",
2025-07-25T14:05:33.5484180+03:00,A40000000000000000000000,,1,-68,"865,7",Speedwayr-15-32-c2,"3,9085830475326135",
2025-07-25T14:05:33.5497600+03:00,A70000000000000000000000,,1,-66,"865,7",Speedwayr-15-32-c2,"0,1595340019401067",
2025-07-25T14:05:33.5624010+03:00,A20000000000000000000000,,1,-59,"865,7",Speedwayr-15-32-c2,"5,896622148632405",
2025-07-25T14:05:33.5667120+03:00,A30000000000000000000000,,1,"-64,5","865,7",Speedwayr-15-32-c2,"4,031301510563465",
2025-07-25T14:05:33.5686930+03:00,A60000000000000000000000,,1,-63,"865,7",Speedwayr-15-32-c2,"5,516194913236766",
2025-07-25T14:05:33.5748520+03:00,A70000000000000000000000,,1,"-65,5","865,7",Speedwayr-15-32-c2,"6,086835766330224",
2025-07-25T14:05:33.5784650+03:00,A40000000000000000000000,,1,-68,"865,7",Speedwayr-15-32-c2,"3,9576704327449543",
2025-07-25T14:05:33.6173080+03:00,A20000000000000000000000,,1,"-59,5","865,7",Speedwayr-15-32-c2,"6,12365130523948",
2025-07-25T14:05:33.6185630+03:00,A60000000000000000000000,,1,-63,"865,7",Speedwayr-15-32-c2,"5,5284667595398505",
2025-07-25T14:05:33.6196200+03:00,A70000000000000000000000,,1,"-65,5","865,7",Speedwayr-15-32-c2,"5,970253226450915",
2025-07-25T14:05:33.6229580+03:00,A30000000000000000000000,,1,"-64,5","865,7",Speedwayr-15-32-c2,"3,9392626632903265",
2025-07-25T14:05:33.6260620+03:00,A40000000000000000000000,,1,"-67,5","865,7",Speedwayr-15-32-c2,"4,135612204139688",
2025-07-25T14:05:33.6573800+03:00,A20000000000000000000000,,1,-60,"865,7",Speedwayr-15-32-c2,"5,988660995905543",
2025-07-25T14:05:33.6593300+03:00,A40000000000000000000000,,1,"-67,5","865,7",Speedwayr-15-32-c2,"3,9760782021995817",
2025-07-25T14:05:33.6618220+03:00,A70000000000000000000000,,1,"-64,5","865,7",Speedwayr-15-32-c2,"5,890486225480862",
2025-07-25T14:05:33.6649820+03:00,A60000000000000000000000,,1,"-63,5","865,7",Speedwayr-15-32-c2,"5,577554144752192",
2025-07-25T14:05:33.6660100+03:00,A30000000000000000000000,,1,-64,"865,7",Speedwayr-15-32-c2,"3,9208548938356986",
2025-07-25T14:05:33.6838780+03:00,A20000000000000000000000,,1,"-58,5","865,7",Speedwayr-15-32-c2,"6,0991076126333095",
2025-07-25T14:05:33.6851940+03:00,A70000000000000000000000,,1,-66,"865,7",Speedwayr-15-32-c2,"6,264777537724958",
2025-07-25T14:05:33.6866500+03:00,A30000000000000000000000,,1,-65,"865,7",Speedwayr-15-32-c2,"4,196971435655114",
2025-07-25T14:05:33.6878730+03:00,A40000000000000000000000,,1,-67,"865,7",Speedwayr-15-32-c2,"4,0558452031696355",
2025-07-25T14:05:33.6892400+03:00,A60000000000000000000000,,1,"-64,5","865,7",Speedwayr-15-32-c2,"5,448699758569798",
2025-07-25T14:05:33.7148740+03:00,A20000000000000000000000,,1,-60,"865,7",Speedwayr-15-32-c2,"6,0991076126333095",
2025-07-25T14:05:33.7171110+03:00,A30000000000000000000000,,1,"-64,5","865,7",Speedwayr-15-32-c2,"3,988350048502667",
2025-07-25T14:05:33.7187090+03:00,A60000000000000000000000,,1,-63,"865,7",Speedwayr-15-32-c2,"5,5100589900852235",
2025-07-25T14:05:33.7250320+03:00,A40000000000000000000000,,1,-63,"865,7",Speedwayr-15-32-c2,"3,988350048502667",
2025-07-25T14:05:33.7273800+03:00,A70000000000000000000000,,1,"-64,5","865,7",Speedwayr-15-32-c2,"6,050020227420969",
2025-07-25T14:05:33.7429820+03:00,A60000000000000000000000,,1,-64,"865,7",Speedwayr-15-32-c2,"4,816699673960914",
2025-07-25T14:05:33.7449420+03:00,A30000000000000000000000,,1,-63,"865,7",Speedwayr-15-32-c2,"3,9208548938356986",
2025-07-25T14:05:33.7462980+03:00,A20000000000000000000000,,1,"-59,5","865,7",Speedwayr-15-32-c2,"6,007068765360171",
2025-07-25T14:05:33.7477570+03:00,A40000000000000000000000,,1,-67,"865,7",Speedwayr-15-32-c2,"4,09266074207889",
2025-07-25T14:05:33.7488410+03:00,A70000000000000000000000,,1,-65,"865,7",Speedwayr-15-32-c2,"5,743224069843841",
2025-07-25T14:05:33.7658100+03:00,A60000000000000000000000,,1,"-62,5","865,7",Speedwayr-15-32-c2,"5,491651220630596",
2025-07-25T14:05:33.7668940+03:00,A70000000000000000000000,,1,"-67,5","865,7",Speedwayr-15-32-c2,"5,884350302329319",
2025-07-25T14:05:33.7681730+03:00,A40000000000000000000000,,1,-66,"865,7",Speedwayr-15-32-c2,"4,04357335686655",
2025-07-25T14:05:33.7692430+03:00,A30000000000000000000000,,1,-65,"865,7",Speedwayr-15-32-c2,"3,933126740138784",
2025-07-25T14:05:33.7724020+03:00,A20000000000000000000000,,1,"-59,5","865,7",Speedwayr-15-32-c2,"6,080699843178682",
2025-07-25T14:05:33.7880570+03:00,A20000000000000000000000,,1,-60,"865,7",Speedwayr-15-32-c2,"6,007068765360171",
2025-07-25T14:05:33.7891370+03:00,A40000000000000000000000,,1,"-67,5","865,7",Speedwayr-15-32-c2,"4,049709280018092",
2025-07-25T14:05:33.7937910+03:00,A60000000000000000000000,,1,"-63,5","865,7",Speedwayr-15-32-c2,"5,178719139901925",
2025-07-25T14:05:33.7972140+03:00,A30000000000000000000000,,1,"-64,5","865,7",Speedwayr-15-32-c2,"3,9208548938356986",
2025-07-25T14:05:33.7982970+03:00,A70000000000000000000000,,1,-66,"865,7",Speedwayr-15-32-c2,"5,773903685601553",
2025-07-25T14:05:33.8093490+03:00,A80000000000000000000000,,1,"-74,5","865,7",Speedwayr-15-32-c2,"1,8837284075235674",
2025-07-25T14:05:33.8173910+03:00,A30000000000000000000000,,1,"-64,5","865,7",Speedwayr-15-32-c2,"4,049709280018092",
2025-07-25T14:05:33.8198340+03:00,A70000000000000000000000,,1,-67,"865,7",Speedwayr-15-32-c2,"5,853670686571607",
2025-07-25T14:05:33.8210610+03:00,A20000000000000000000000,,1,-59,"865,7",Speedwayr-15-32-c2,"5,9518454569962875",
2025-07-25T14:05:33.8221470+03:00,A60000000000000000000000,,1,"-62,5","865,7",Speedwayr-15-32-c2,"5,577554144752192",
2025-07-25T14:05:33.8270760+03:00,A40000000000000000000000,,1,-67,"865,7",Speedwayr-15-32-c2,"4,190835512503572",
2025-07-25T14:05:33.8515910+03:00,A80000000000000000000000,,1,-71,"865,7",Speedwayr-15-32-c2,"1,6382914814618648",
2025-07-25T14:05:33.8572250+03:00,A30000000000000000000000,,1,"-64,5","865,7",Speedwayr-15-32-c2,"4,166291819897402",
2025-07-25T14:05:33.8586810+03:00,A20000000000000000000000,,1,-60,"865,7",Speedwayr-15-32-c2,"6,007068765360171",
2025-07-25T14:05:33.8599770+03:00,A40000000000000000000000,,1,-68,"865,7",Speedwayr-15-32-c2,"4,025165587411922",
2025-07-25T14:05:33.8623970+03:00,A60000000000000000000000,,1,"-61,5","865,7",Speedwayr-15-32-c2,"5,350524988145116",
2025-07-25T14:05:33.8641160+03:00,A70000000000000000000000,,1,-64,"865,7",Speedwayr-15-32-c2,"5,626641529964532",
2025-07-25T14:05:33.8887500+03:00,A80000000000000000000000,,1,"-73,5","865,7",Speedwayr-15-32-c2,"1,6781749819468914",
2025-07-25T14:05:33.8936630+03:00,A60000000000000000000000,,1,-63,"865,7",Speedwayr-15-32-c2,"5,013049214810275",
2025-07-25T14:05:33.8956090+03:00,A40000000000000000000000,,1,"-67,5","865,7",Speedwayr-15-32-c2,"4,28287435977671",
2025-07-25T14:05:33.8967180+03:00,A20000000000000000000000,,1,-59,"865,7",Speedwayr-15-32-c2,"6,050020227420969",
2025-07-25T14:05:33.8982820+03:00,A30000000000000000000000,,1,"-65,5","865,7",Speedwayr-15-32-c2,"4,111068511533518",
2025-07-25T14:05:33.9013630+03:00,A70000000000000000000000,,1,"-63,5","865,7",Speedwayr-15-32-c2,"5,553010452146021",
2025-07-25T14:05:33.9257070+03:00,A80000000000000000000000,,1,"-72,5","865,7",Speedwayr-15-32-c2,"1,6566992509164924",
2025-07-25T14:05:33.9301060+03:00,A60000000000000000000000,,1,"-64,5","865,7",Speedwayr-15-32-c2,"5,092816215780329",
2025-07-25T14:05:33.9319610+03:00,A30000000000000000000000,,1,-64,"865,7",Speedwayr-15-32-c2,"4,1172044346850605",
2025-07-25T14:05:33.9341080+03:00,A20000000000000000000000,,1,"-59,5","865,7",Speedwayr-15-32-c2,"5,9518454569962875",
2025-07-25T14:05:33.9354500+03:00,A70000000000000000000000,,1,"-66,5","865,7",Speedwayr-15-32-c2,"5,688000761479957",
2025-07-25T14:05:33.9389920+03:00,A40000000000000000000000,,1,"-67,5","865,7",Speedwayr-15-32-c2,"4,239922897715912",
2025-07-25T14:05:33.9551260+03:00,A40000000000000000000000,,1,-68,"865,7",Speedwayr-15-32-c2,"4,1172044346850605",
2025-07-25T14:05:33.9573330+03:00,A70000000000000000000000,,1,"-65,5","865,7",Speedwayr-15-32-c2,"5,497787143782138",
2025-07-25T14:05:33.9584290+03:00,A30000000000000000000000,,1,"-64,5","865,7",Speedwayr-15-32-c2,"4,154019973594316",
2025-07-25T14:05:33.9595270+03:00,A60000000000000000000000,,1,"-63,5","865,7",Speedwayr-15-32-c2,"5,098952138931871",
2025-07-25T14:05:33.9605670+03:00,A20000000000000000000000,,1,-60,"865,7",Speedwayr-15-32-c2,"5,970253226450915",
2025-07-25T14:05:33.9803110+03:00,A30000000000000000000000,,1,"-64,5","865,7",Speedwayr-15-32-c2,"4,061981126321178",
2025-07-25T14:05:33.9818920+03:00,A60000000000000000000000,,1,-64,"865,7",Speedwayr-15-32-c2,"5,013049214810275",
2025-07-25T14:05:33.9846290+03:00,A20000000000000000000000,,1,"-60,5","865,7",Speedwayr-15-32-c2,"6,240233845118788",
2025-07-25T14:05:33.9877320+03:00,A70000000000000000000000,,1,-66,"865,7",Speedwayr-15-32-c2,"5,405748296509",
2025-07-25T14:05:33.9888150+03:00,A40000000000000000000000,,1,-67,"865,7",Speedwayr-15-32-c2,"4,111068511533518",
2025-07-25T14:05:33.9986780+03:00,A80000000000000000000000,,1,-73,"865,7",Speedwayr-15-32-c2,"1,4511458253398166",
2025-07-25T14:05:34.0089110+03:00,A60000000000000000000000,,1,"-63,5","865,7",Speedwayr-15-32-c2,"5,086680292628786",
2025-07-25T14:05:34.0100090+03:00,A30000000000000000000000,,1,-65,"865,7",Speedwayr-15-32-c2,"4,025165587411922",
2025-07-25T14:05:34.0139610+03:00,A40000000000000000000000,,1,-67,"865,7",Speedwayr-15-32-c2,"4,246058820867455",
2025-07-25T14:05:34.0152680+03:00,A20000000000000000000000,,1,"-59,5","865,7",Speedwayr-15-32-c2,"6,025476534814799",
2025-07-25T14:05:34.0163520+03:00,A70000000000000000000000,,1,"-66,5","865,7",Speedwayr-15-32-c2,"5,3627968344482015",
2025-07-25T14:05:34.0363630+03:00,A70000000000000000000000,,1,-67,"865,7",Speedwayr-15-32-c2,"5,638913376267617",
2025-07-25T14:05:34.0391890+03:00,A40000000000000000000000,,1,"-66,5","865,7",Speedwayr-15-32-c2,"4,1601558967458585",
2025-07-25T14:05:34.0413960+03:00,A30000000000000000000000,,1,-65,"865,7",Speedwayr-15-32-c2,"4,914874444385594",
2025-07-25T14:05:34.0425060+03:00,A60000000000000000000000,,1,"-61,5","865,7",Speedwayr-15-32-c2,"5,190990986205009",
2025-07-25T14:05:34.0437480+03:00,A20000000000000000000000,,1,-60,"865,7",Speedwayr-15-32-c2,"6,050020227420969",
2025-07-25T14:05:34.0586620+03:00,A40000000000000000000000,,1,-68,"865,7",Speedwayr-15-32-c2,"4,154019973594316",
2025-07-25T14:05:34.0601030+03:00,A70000000000000000000000,,1,"-66,5","865,7",Speedwayr-15-32-c2,"5,368932757599744",
2025-07-25T14:05:34.0611710+03:00,A30000000000000000000000,,1,-64,"865,7",Speedwayr-15-32-c2,"4,172427743048944",
2025-07-25T14:05:34.0622690+03:00,A60000000000000000000000,,1,-65,"865,7",Speedwayr-15-32-c2,"5,092816215780329",
2025-07-25T14:05:34.0643300+03:00,A20000000000000000000000,,1,-60,"865,7",Speedwayr-15-32-c2,"6,000932842208628",
2025-07-25T14:05:34.0890930+03:00,A70000000000000000000000,,1,"-65,5","865,7",Speedwayr-15-32-c2,"5,589825991055276",
2025-07-25T14:05:34.0913280+03:00,A30000000000000000000000,,1,-64,"865,7",Speedwayr-15-32-c2,"4,0558452031696355",
2025-07-25T14:05:34.0934480+03:00,A20000000000000000000000,,1,"-59,5","865,7",Speedwayr-15-32-c2,"5,9518454569962875",
2025-07-25T14:05:34.0963350+03:00,A40000000000000000000000,,1,"-67,5","865,7",Speedwayr-15-32-c2,"4,129476280988146",
2025-07-25T14:05:34.0987030+03:00,A60000000000000000000000,,1,-65,"865,7",Speedwayr-15-32-c2,"5,148039524144211",
2025-07-25T14:05:34.1149190+03:00,A70000000000000000000000,,1,-66,"865,7",Speedwayr-15-32-c2,"5,411884219660542",
2025-07-25T14:05:34.1170110+03:00,A20000000000000000000000,,1,-59,"865,7",Speedwayr-15-32-c2,"6,105243535784852",
2025-07-25T14:05:34.1183780+03:00,A30000000000000000000000,,1,-64,"865,7",Speedwayr-15-32-c2,"4,1417481272912315",
2025-07-25T14:05:34.1196230+03:00,A60000000000000000000000,,1,-65,"865,7",Speedwayr-15-32-c2,"5,184855063053467",
2025-07-25T14:05:34.1419310+03:00,A80000000000000000000000,,1,"-70,5","865,7",Speedwayr-15-32-c2,"1,6106798272799232",
2025-07-25T14:05:34.1468060+03:00,A70000000000000000000000,,1,-64,"865,7",Speedwayr-15-32-c2,"5,638913376267617",
2025-07-25T14:05:34.1498800+03:00,A20000000000000000000000,,1,-58,"865,7",Speedwayr-15-32-c2,"6,000932842208628",
2025-07-25T14:05:34.1509780+03:00,A60000000000000000000000,,1,-64,"865,7",Speedwayr-15-32-c2,"5,111223985234957",
2025-07-25T14:05:34.1548130+03:00,A30000000000000000000000,,1,"-64,5","865,7",Speedwayr-15-32-c2,"4,1172044346850605",
2025-07-25T14:05:34.1567660+03:00,A40000000000000000000000,,1,-68,"865,7",Speedwayr-15-32-c2,"4,049709280018092",
2025-07-25T14:05:34.1824300+03:00,A80000000000000000000000,,1,-71,"865,7",Speedwayr-15-32-c2,"1,6935147898257479",
2025-07-25T14:05:34.1864640+03:00,A20000000000000000000000,,1,-60,"865,7",Speedwayr-15-32-c2,"5,970253226450915",
2025-07-25T14:05:34.1878960+03:00,A60000000000000000000000,,1,-65,"865,7",Speedwayr-15-32-c2,"5,074408446325701",
2025-07-25T14:05:34.1894510+03:00,A30000000000000000000000,,1,-65,"865,7",Speedwayr-15-32-c2,"4,049709280018092",
2025-07-25T14:05:34.1930130+03:00,A70000000000000000000000,,1,-66,"865,7",Speedwayr-15-32-c2,"5,583690067903734",
2025-07-25T14:05:34.1987080+03:00,A40000000000000000000000,,1,-68,"865,7",Speedwayr-15-32-c2,"3,6570101983193686",
2025-07-25T14:05:34.2185960+03:00,A60000000000000000000000,,1,"-64,5","865,7",Speedwayr-15-32-c2,"5,049864753719531",
2025-07-25T14:05:34.2215250+03:00,A20000000000000000000000,,1,-60,"865,7",Speedwayr-15-32-c2,"5,976389149602458",
2025-07-25T14:05:34.2266020+03:00,A70000000000000000000000,,1,"-65,5","865,7",Speedwayr-15-32-c2,"5,595961914206819",
2025-07-25T14:05:34.2282400+03:00,A30000000000000000000000,,1,"-65,5","865,7",Speedwayr-15-32-c2,"3,8840393549264434",
2025-07-25T14:05:34.2293360+03:00,A40000000000000000000000,,1,"-67,5","865,7",Speedwayr-15-32-c2,"3,9453985864418692",
2025-07-25T14:05:34.2408660+03:00,A80000000000000000000000,,1,-71,"865,7",Speedwayr-15-32-c2,"1,564660403643354",
2025-07-25T14:05:34.2480130+03:00,A40000000000000000000000,,1,"-67,5","865,7",Speedwayr-15-32-c2,"4,025165587411922",
2025-07-25T14:05:34.2497910+03:00,A30000000000000000000000,,1,"-64,5","865,7",Speedwayr-15-32-c2,"4,04357335686655",
2025-07-25T14:05:34.2540270+03:00,A60000000000000000000000,,1,-65,"865,7",Speedwayr-15-32-c2,"5,141903600992669",
2025-07-25T14:05:34.2560290+03:00,A70000000000000000000000,,1,"-66,5","865,7",Speedwayr-15-32-c2,"5,988660995905543",
2025-07-25T14:05:34.2573780+03:00,A20000000000000000000000,,1,-59,"865,7",Speedwayr-15-32-c2,"6,019340611663256",
2025-07-25T14:05:34.2761530+03:00,A80000000000000000000000,,1,"-72,5","865,7",Speedwayr-15-32-c2,"1,6260196351587797",
2025-07-25T14:05:34.2816880+03:00,A70000000000000000000000,,1,"-66,5","865,7",Speedwayr-15-32-c2,"5,638913376267617",
2025-07-25T14:05:34.2831710+03:00,A20000000000000000000000,,1,-60,"865,7",Speedwayr-15-32-c2,"5,988660995905543",
2025-07-25T14:05:34.2851850+03:00,A30000000000000000000000,,1,"-64,5","865,7",Speedwayr-15-32-c2,"3,902447124381071",
2025-07-25T14:05:34.2869590+03:00,A60000000000000000000000,,1,-65,"865,7",Speedwayr-15-32-c2,"5,178719139901925",
2025-07-25T14:05:34.2885540+03:00,A40000000000000000000000,,1,-67,"865,7",Speedwayr-15-32-c2,"4,01902966426038",
2025-07-25T14:05:34.2990200+03:00,A80000000000000000000000,,1,-73,"865,7",Speedwayr-15-32-c2,"1,6566992509164924",
2025-07-25T14:05:34.3070120+03:00,A40000000000000000000000,,1,"-67,5","865,7",Speedwayr-15-32-c2,"4,491495746929157",
2025-07-25T14:05:34.3089750+03:00,A20000000000000000000000,,1,-59,"865,7",Speedwayr-15-32-c2,"5,890486225480862",
2025-07-25T14:05:34.3161230+03:00,A60000000000000000000000,,1,"-62,5","865,7",Speedwayr-15-32-c2,"5,2339424482658075",
2025-07-25T14:05:34.3175650+03:00,A30000000000000000000000,,1,-65,"865,7",Speedwayr-15-32-c2,"3,933126740138784",
2025-07-25T14:05:34.3234620+03:00,A70000000000000000000000,,1,"-65,5","865,7",Speedwayr-15-32-c2,"6,105243535784852",
2025-07-25T14:05:34.3404350+03:00,A80000000000000000000000,,1,"-73,5","865,7",Speedwayr-15-32-c2,"1,7027186745530618",
2025-07-25T14:05:34.4567030+03:00,A20000000000000000000000,,1,"-60,5","865,7",Speedwayr-15-32-c2,"5,93343768754166",
2025-07-25T14:05:34.4582560+03:00,A30000000000000000000000,,1,"-63,5","865,7",Speedwayr-15-32-c2,"3,8963112012295285",
2025-07-25T14:05:34.4610280+03:00,A40000000000000000000000,,1,"-67,5","865,7",Speedwayr-15-32-c2,"3,7981364308048478",
2025-07-25T14:05:34.4623960+03:00,A60000000000000000000000,,1,-65,"865,7",Speedwayr-15-32-c2,"5,0253210611133605",
2025-07-25T14:05:34.4691130+03:00,A70000000000000000000000,,1,"-66,5","865,7",Speedwayr-15-32-c2,"5,841398840268521",
2025-07-25T14:05:34.4786780+03:00,A80000000000000000000000,,1,"-72,5","865,7",Speedwayr-15-32-c2,"5,160311370447297",
2025-07-25T14:05:34.4876800+03:00,A20000000000000000000000,,1,"-60,5","865,7",Speedwayr-15-32-c2,"6,007068765360171",
2025-07-25T14:05:34.4887490+03:00,A70000000000000000000000,,1,-66,"865,7",Speedwayr-15-32-c2,"5,884350302329319",
2025-07-25T14:05:34.4898610+03:00,A60000000000000000000000,,1,"-64,5","865,7",Speedwayr-15-32-c2,"5,5100589900852235",
2025-07-25T14:05:34.4947780+03:00,A30000000000000000000000,,1,-64,"865,7",Speedwayr-15-32-c2,"4,01902966426038",
2025-07-25T14:05:34.5050340+03:00,A40000000000000000000000,,1,"-63,5","865,7",Speedwayr-15-32-c2,"3,822680123411018",
2025-07-25T14:05:34.5269340+03:00,A20000000000000000000000,,1,"-60,5","865,7",Speedwayr-15-32-c2,"6,105243535784852",
2025-07-25T14:05:34.5286820+03:00,A30000000000000000000000,,1,"-64,5","865,7",Speedwayr-15-32-c2,"3,847223816017188",
2025-07-25T14:05:34.5305530+03:00,A60000000000000000000000,,1,"-64,5","865,7",Speedwayr-15-32-c2,"5,589825991055276",
2025-07-25T14:05:34.5327670+03:00,A70000000000000000000000,,1,"-62,5","865,7",Speedwayr-15-32-c2,"5,9088939949354895",
2025-07-25T14:05:34.5378640+03:00,A40000000000000000000000,,1,"-66,5","865,7",Speedwayr-15-32-c2,"3,8533597391687304",
2025-07-25T14:05:34.5530700+03:00,A60000000000000000000000,,1,-65,"865,7",Speedwayr-15-32-c2,"5,43029198911517",
2025-07-25T14:05:34.5553270+03:00,A20000000000000000000000,,1,-61,"865,7",Speedwayr-15-32-c2,"5,970253226450915",
2025-07-25T14:05:34.5563860+03:00,A70000000000000000000000,,1,-66,"865,7",Speedwayr-15-32-c2,"6,178874613603362",
2025-07-25T14:05:34.5574550+03:00,A30000000000000000000000,,1,-64,"865,7",Speedwayr-15-32-c2,"3,822680123411018",
2025-07-25T14:05:34.5585800+03:00,A40000000000000000000000,,1,-67,"865,7",Speedwayr-15-32-c2,"3,877903431774901",
2025-07-25T14:05:34.5900550+03:00,A80000000000000000000000,,1,"-73,5","865,7",Speedwayr-15-32-c2,"5,329049257114717",
2025-07-25T14:05:34.5941560+03:00,A20000000000000000000000,,1,"-60,5","865,7",Speedwayr-15-32-c2,"6,056156150572511",
2025-07-25T14:05:34.5959310+03:00,A30000000000000000000000,,1,"-63,5","865,7",Speedwayr-15-32-c2,"3,8533597391687304",
2025-07-25T14:05:34.5981120+03:00,A40000000000000000000000,,1,-67,"865,7",Speedwayr-15-32-c2,"3,9822141253511245",
2025-07-25T14:05:34.6015960+03:00,A60000000000000000000000,,1,"-62,5","865,7",Speedwayr-15-32-c2,"5,448699758569798",
2025-07-25T14:05:34.6058620+03:00,A70000000000000000000000,,1,-64,"865,7",Speedwayr-15-32-c2,"6,007068765360171",
2025-07-25T14:05:34.6375160+03:00,A70000000000000000000000,,1,-65,"865,7",Speedwayr-15-32-c2,"5,773903685601553",
2025-07-25T14:05:34.6386550+03:00,A60000000000000000000000,,1,"-64,5","865,7",Speedwayr-15-32-c2,"5,350524988145116",
2025-07-25T14:05:34.6421300+03:00,A30000000000000000000000,,1,-64,"865,7",Speedwayr-15-32-c2,"3,8410878928656453",
2025-07-25T14:05:34.6432420+03:00,A20000000000000000000000,,1,"-61,5","865,7",Speedwayr-15-32-c2,"6,086835766330224",
2025-07-25T14:05:34.6451010+03:00,A40000000000000000000000,,1,"-64,5","865,7",Speedwayr-15-32-c2,"3,9699422790480394",
2025-07-25T14:05:34.6900700+03:00,A20000000000000000000000,,1,"-60,5","865,7",Speedwayr-15-32-c2,"6,000932842208628",
2025-07-25T14:05:34.6963110+03:00,A30000000000000000000000,,1,-64,"865,7",Speedwayr-15-32-c2,"3,822680123411018",
2025-07-25T14:05:34.6989030+03:00,A70000000000000000000000,,1,-66,"865,7",Speedwayr-15-32-c2,"5,9088939949354895",
2025-07-25T14:05:34.6999980+03:00,A40000000000000000000000,,1,"-66,5","865,7",Speedwayr-15-32-c2,"4,04357335686655",
2025-07-25T14:05:34.7016240+03:00,A60000000000000000000000,,1,-62,"865,7",Speedwayr-15-32-c2,"5,577554144752192",
2025-07-25T14:05:34.7348690+03:00,A60000000000000000000000,,1,-63,"865,7",Speedwayr-15-32-c2,"5,546874528994478",
2025-07-25T14:05:34.7368990+03:00,A40000000000000000000000,,1,-67,"865,7",Speedwayr-15-32-c2,"4,0558452031696355",
2025-07-25T14:05:34.7380760+03:00,A20000000000000000000000,,1,"-59,5","865,7",Speedwayr-15-32-c2,"6,111379458936394",
2025-07-25T14:05:34.7391480+03:00,A30000000000000000000000,,1,"-64,5","865,7",Speedwayr-15-32-c2,"3,810408277107933",
2025-07-25T14:05:34.7469830+03:00,A70000000000000000000000,,1,-65,"865,7",Speedwayr-15-32-c2,"5,957981380147831",
2025-07-25T14:05:34.7687500+03:00,A80000000000000000000000,,1,-74,"865,7",Speedwayr-15-32-c2,"2,414485760131999",
2025-07-25T14:05:34.7727170+03:00,A20000000000000000000000,,1,"-61,5","865,7",Speedwayr-15-32-c2,"6,215690152512618",
2025-07-25T14:05:34.7745990+03:00,A70000000000000000000000,,1,-66,"865,7",Speedwayr-15-32-c2,"5,872078456026235",
2025-07-25T14:05:34.7768350+03:00,A60000000000000000000000,,1,"-64,5","865,7",Speedwayr-15-32-c2,"5,516194913236766",
2025-07-25T14:05:34.7796230+03:00,A40000000000000000000000,,1,-67,"865,7",Speedwayr-15-32-c2,"4,0128937411088375",
2025-07-25T14:05:34.7806910+03:00,A30000000000000000000000,,1,"-61,5","865,7",Speedwayr-15-32-c2,"3,865631585471816",
2025-07-25T14:05:34.8158710+03:00,A30000000000000000000000,,1,"-63,5","865,7",Speedwayr-15-32-c2,"4,184699589352029",
2025-07-25T14:05:34.8178400+03:00,A60000000000000000000000,,1,"-64,5","865,7",Speedwayr-15-32-c2,"5,516194913236766",
2025-07-25T14:05:34.8188940+03:00,A40000000000000000000000,,1,"-65,5","865,7",Speedwayr-15-32-c2,"3,988350048502667",
2025-07-25T14:05:34.8199490+03:00,A70000000000000000000000,,1,"-65,5","865,7",Speedwayr-15-32-c2,"5,994796919057086",
2025-07-25T14:05:34.8210610+03:00,A20000000000000000000000,,1,"-61,5","865,7",Speedwayr-15-32-c2,"6,227961998815704",
2025-07-25T14:05:34.8672470+03:00,A40000000000000000000000,,1,"-66,5","865,7",Speedwayr-15-32-c2,"4,037437433715008",
2025-07-25T14:05:34.8684140+03:00,A60000000000000000000000,,1,-64,"865,7",Speedwayr-15-32-c2,"5,5100589900852235",
2025-07-25T14:05:34.8718760+03:00,A30000000000000000000000,,1,"-63,5","865,7",Speedwayr-15-32-c2,"3,706097583531709",
2025-07-25T14:05:34.8729460+03:00,A20000000000000000000000,,1,-62,"865,7",Speedwayr-15-32-c2,0,
2025-07-25T14:05:34.8749710+03:00,A70000000000000000000000,,1,"-65,5","865,7",Speedwayr-15-32-c2,"5,93343768754166",
2025-07-25T14:05:34.8897320+03:00,A40000000000000000000000,,1,-67,"865,7",Speedwayr-15-32-c2,"4,031301510563465",
2025-07-25T14:05:34.8924460+03:00,A60000000000000000000000,,1,-62,"865,7",Speedwayr-15-32-c2,"5,589825991055276",
2025-07-25T14:05:34.8957390+03:00,A30000000000000000000000,,1,-65,"865,7",Speedwayr-15-32-c2,"3,9085830475326135",
2025-07-25T14:05:34.8970510+03:00,A70000000000000000000000,,1,-66,"865,7",Speedwayr-15-32-c2,"5,902758071783947",
2025-07-25T14:05:34.8981330+03:00,A20000000000000000000000,,1,"-62,5","865,7",Speedwayr-15-32-c2,"6,277049384028044",
2025-07-25T14:05:34.9370870+03:00,A60000000000000000000000,,1,"-64,5","865,7",Speedwayr-15-32-c2,"5,47937937432751",
2025-07-25T14:05:34.9392830+03:00,A40000000000000000000000,,1,"-66,5","865,7",Speedwayr-15-32-c2,"4,006757817957295",
2025-07-25T14:05:34.9405200+03:00,A20000000000000000000000,,1,-61,"865,7",Speedwayr-15-32-c2,"6,191146459906448",
2025-07-25T14:05:34.9416600+03:00,A30000000000000000000000,,1,-64,"865,7",Speedwayr-15-32-c2,"3,9760782021995817",
2025-07-25T14:05:34.9570740+03:00,A70000000000000000000000,,1,"-66,5","865,7",Speedwayr-15-32-c2,"6,14819499784565",
2025-07-25T14:05:34.9584730+03:00,A60000000000000000000000,,1,"-64,5","865,7",Speedwayr-15-32-c2,"5,7616318392984684",
2025-07-25T14:05:34.9612030+03:00,A30000000000000000000000,,1,"-64,5","865,7",Speedwayr-15-32-c2,"3,8717675086233583",
2025-07-25T14:05:34.9622580+03:00,A40000000000000000000000,,1,"-66,5","865,7",Speedwayr-15-32-c2,"4,074252972624263",
2025-07-25T14:05:34.9655490+03:00,A20000000000000000000000,,1,"-61,5","865,7",Speedwayr-15-32-c2,"6,264777537724958",
2025-07-25T14:05:34.9852010+03:00,A20000000000000000000000,,1,-61,"865,7",Speedwayr-15-32-c2,"6,240233845118788",
2025-07-25T14:05:34.9868970+03:00,A40000000000000000000000,,1,"-65,5","865,7",Speedwayr-15-32-c2,"3,9699422790480394",
2025-07-25T14:05:34.9882520+03:00,A60000000000000000000000,,1,"-64,5","865,7",Speedwayr-15-32-c2,"5,64504929941916",
2025-07-25T14:05:34.9913020+03:00,A70000000000000000000000,,1,"-64,5","865,7",Speedwayr-15-32-c2,"6,1850105367549055",
2025-07-25T14:05:34.9936810+03:00,A30000000000000000000000,,1,-64,"865,7",Speedwayr-15-32-c2,"3,8963112012295285",
2025-07-25T14:05:35.0084910+03:00,A40000000000000000000000,,1,-66,"865,7",Speedwayr-15-32-c2,"4,080388895775806",
2025-07-25T14:05:35.0096640+03:00,A60000000000000000000000,,1,"-64,5","865,7",Speedwayr-15-32-c2,"5,608233760509904",
2025-07-25T14:05:35.0144060+03:00,A20000000000000000000000,,1,-62,"865,7",Speedwayr-15-32-c2,"6,2463697682703305",
2025-07-25T14:05:35.0163570+03:00,A70000000000000000000000,,1,"-66,5","865,7",Speedwayr-15-32-c2,"6,111379458936394",
2025-07-25T14:05:35.0187050+03:00,A30000000000000000000000,,1,-64,"865,7",Speedwayr-15-32-c2,"3,9576704327449543",
2025-07-25T14:05:35.0486630+03:00,A80000000000000000000000,,1,"-73,5","865,7",Speedwayr-15-32-c2,"6,022408573239027",
2025-07-25T14:05:35.0569360+03:00,A30000000000000000000000,,1,-65,"865,7",Speedwayr-15-32-c2,"3,8963112012295285",
2025-07-25T14:05:35.0587000+03:00,A20000000000000000000000,,1,-62,"865,7",Speedwayr-15-32-c2,"0,1043106935762236",
2025-07-25T14:05:35.0597850+03:00,A70000000000000000000000,,1,"-65,5","865,7",Speedwayr-15-32-c2,"6,234097921967246",
2025-07-25T14:05:35.0608980+03:00,A60000000000000000000000,,1,-64,"865,7",Speedwayr-15-32-c2,"5,8045833013592665",
2025-07-25T14:05:35.0632040+03:00,A40000000000000000000000,,1,-67,"865,7",Speedwayr-15-32-c2,"3,6570101983193686",
2025-07-25T14:05:35.1069810+03:00,A30000000000000000000000,,1,"-63,5","865,7",Speedwayr-15-32-c2,"3,8533597391687304",
2025-07-25T14:05:35.1086370+03:00,A20000000000000000000000,,1,"-61,5","865,7",Speedwayr-15-32-c2,"6,270913460876501",
2025-07-25T14:05:35.1099940+03:00,A70000000000000000000000,,1,"-65,5","865,7",Speedwayr-15-32-c2,"6,240233845118788",
2025-07-25T14:05:35.1121190+03:00,A60000000000000000000000,,1,-62,"865,7",Speedwayr-15-32-c2,"5,706408530934585",
2025-07-25T14:05:35.1162590+03:00,A40000000000000000000000,,1,"-66,5","865,7",Speedwayr-15-32-c2,"3,988350048502667",
2025-07-25T14:05:35.1335190+03:00,A30000000000000000000000,,1,"-62,5","865,7",Speedwayr-15-32-c2,"3,6263305825616556",
2025-07-25T14:05:35.1379250+03:00,A40000000000000000000000,,1,-67,"865,7",Speedwayr-15-32-c2,"3,902447124381071",
2025-07-25T14:05:35.1396870+03:00,A70000000000000000000000,,1,"-64,5","865,7",Speedwayr-15-32-c2,"6,270913460876501",
2025-07-25T14:05:35.1461210+03:00,A20000000000000000000000,,1,-61,"865,7",Speedwayr-15-32-c2,"0,0674951546669682",
2025-07-25T14:05:35.1474850+03:00,A60000000000000000000000,,1,-64,"865,7",Speedwayr-15-32-c2,"5,6941366846315",
2025-07-25T14:05:35.1855050+03:00,A20000000000000000000000,,1,"-59,5","865,7",Speedwayr-15-32-c2,"0,1595340019401067",
2025-07-25T14:05:35.1869360+03:00,A30000000000000000000000,,1,-64,"865,7",Speedwayr-15-32-c2,"3,730641276137879",
2025-07-25T14:05:35.1880030+03:00,A40000000000000000000000,,1,-67,"865,7",Speedwayr-15-32-c2,"3,988350048502667",
2025-07-25T14:05:35.1914980+03:00,A70000000000000000000000,,1,-64,"865,7",Speedwayr-15-32-c2,"0,07976700097005335",
2025-07-25T14:05:35.1950840+03:00,A60000000000000000000000,,1,"-62,5","865,7",Speedwayr-15-32-c2,"5,71868037723767",
2025-07-25T14:05:35.2093430+03:00,A20000000000000000000000,,1,"-61,5","865,7",Speedwayr-15-32-c2,"0,12885438618239387",
2025-07-25T14:05:35.2105710+03:00,A60000000000000000000000,,1,"-63,5","865,7",Speedwayr-15-32-c2,"5,767767762450011",
2025-07-25T14:05:35.2124210+03:00,A70000000000000000000000,,1,-66,"865,7",Speedwayr-15-32-c2,"0,02454369260617026",
2025-07-25T14:05:35.2157240+03:00,A40000000000000000000000,,1,"-66,5","865,7",Speedwayr-15-32-c2,"3,7981364308048478",
2025-07-25T14:05:35.2182960+03:00,A30000000000000000000000,,1,"-64,5","865,7",Speedwayr-15-32-c2,"3,859495662320273",
2025-07-25T14:05:35.2390010+03:00,A20000000000000000000000,,1,-61,"865,7",Speedwayr-15-32-c2,"0,2270291566070749",
2025-07-25T14:05:35.2403680+03:00,A60000000000000000000000,,1,"-61,5","865,7",Speedwayr-15-32-c2,"5,64504929941916",
2025-07-25T14:05:35.2458490+03:00,A40000000000000000000000,,1,-64,"865,7",Speedwayr-15-32-c2,"3,8717675086233583",
2025-07-25T14:05:35.2469620+03:00,A30000000000000000000000,,1,-63,"865,7",Speedwayr-15-32-c2,"3,8410878928656453",
2025-07-25T14:05:35.2481260+03:00,A70000000000000000000000,,1,"-65,5","865,7",Speedwayr-15-32-c2,"0,07976700097005335",
2025-07-25T14:05:35.2639300+03:00,A60000000000000000000000,,1,"-63,5","865,7",Speedwayr-15-32-c2,"5,712544454086128",
2025-07-25T14:05:35.2665070+03:00,A70000000000000000000000,,1,-66,"865,7",Speedwayr-15-32-c2,"0,12885438618239387",
2025-07-25T14:05:35.2686840+03:00,A40000000000000000000000,,1,"-67,5","865,7",Speedwayr-15-32-c2,"3,834951969714103",
2025-07-25T14:05:35.2715450+03:00,A30000000000000000000000,,1,"-63,5","865,7",Speedwayr-15-32-c2,"3,988350048502667",
2025-07-25T14:05:35.2735460+03:00,A20000000000000000000000,,1,"-61,5","865,7",Speedwayr-15-32-c2,"0,2761165418194154",
2025-07-25T14:05:35.2940690+03:00,A60000000000000000000000,,1,"-64,5","865,7",Speedwayr-15-32-c2,"5,620505606812989",
2025-07-25T14:05:35.2985370+03:00,A20000000000000000000000,,1,"-61,5","865,7",Speedwayr-15-32-c2,"0,25157284921324513",
2025-07-25T14:05:35.2995770+03:00,A40000000000000000000000,,1,-67,"865,7",Speedwayr-15-32-c2,"3,54042765844006",
2025-07-25T14:05:35.3008950+03:00,A70000000000000000000000,,1,-66,"865,7",Speedwayr-15-32-c2,"0,14726215563702155",
2025-07-25T14:05:35.3034360+03:00,A30000000000000000000000,,1,-63,"865,7",Speedwayr-15-32-c2,"3,7981364308048478",
2025-07-25T14:05:35.3296840+03:00,A80000000000000000000000,,1,-74,"865,7",Speedwayr-15-32-c2,"0,1718058482431918",
2025-07-25T14:05:35.3353740+03:00,A20000000000000000000000,,1,-61,"865,7",Speedwayr-15-32-c2,"0,28838838812250056",
2025-07-25T14:05:35.3379420+03:00,A30000000000000000000000,,1,"-63,5","865,7",Speedwayr-15-32-c2,"3,724505352986337",
2025-07-25T14:05:35.3395260+03:00,A70000000000000000000000,,1,-66,"865,7",Speedwayr-15-32-c2,"0,46019423636569234",
2025-07-25T14:05:35.3429930+03:00,A60000000000000000000000,,1,-63,"865,7",Speedwayr-15-32-c2,"5,688000761479957",
2025-07-25T14:05:35.3462530+03:00,A40000000000000000000000,,1,"-65,5","865,7",Speedwayr-15-32-c2,"3,749049045592507",
2025-07-25T14:05:35.3672640+03:00,A70000000000000000000000,,1,"-66,5","865,7",Speedwayr-15-32-c2,"0,21475731030398976",
2025-07-25T14:05:35.3690100+03:00,A20000000000000000000000,,1,-60,"865,7",Speedwayr-15-32-c2,"0,2761165418194154",
2025-07-25T14:05:35.3700810+03:00,A30000000000000000000000,,1,-64,"865,7",Speedwayr-15-32-c2,"3,7122335066832517",
2025-07-25T14:05:35.3717980+03:00,A60000000000000000000000,,1,"-65,5","865,7",Speedwayr-15-32-c2,"5,608233760509904",
2025-07-25T14:05:35.3773650+03:00,A40000000000000000000000,,1,-67,"865,7",Speedwayr-15-32-c2,"0,6043884304269426",
2025-07-25T14:05:35.4073180+03:00,A60000000000000000000000,,1,"-64,5","865,7",Speedwayr-15-32-c2,"5,730952223540755",
2025-07-25T14:05:35.4084280+03:00,A20000000000000000000000,,1,-60,"865,7",Speedwayr-15-32-c2,"0,3190680038802134",
2025-07-25T14:05:35.4097410+03:00,A30000000000000000000000,,1,"-64,5","865,7",Speedwayr-15-32-c2,"3,724505352986337",
2025-07-25T14:05:35.4174340+03:00,A70000000000000000000000,,1,"-66,5","865,7",Speedwayr-15-32-c2,"0,35588354278946877",
2025-07-25T14:05:35.4235230+03:00,A40000000000000000000000,,1,-66,"865,7",Speedwayr-15-32-c2,"0,5706408530934585",
2025-07-25T14:05:35.4348790+03:00,A20000000000000000000000,,1,-61,"865,7",Speedwayr-15-32-c2,"0,4172427743048944",
2025-07-25T14:05:35.4362930+03:00,A60000000000000000000000,,1,-65,"865,7",Speedwayr-15-32-c2,"5,859806609723149",
2025-07-25T14:05:35.4386970+03:00,A70000000000000000000000,,1,-65,"865,7",Speedwayr-15-32-c2,"0,3436116964863836",
2025-07-25T14:05:35.4411770+03:00,A30000000000000000000000,,1,"-63,5","865,7",Speedwayr-15-32-c2,"3,724505352986337",
2025-07-25T14:05:35.4608030+03:00,A60000000000000000000000,,1,"-64,5","865,7",Speedwayr-15-32-c2,"5,602097837358362",
2025-07-25T14:05:35.4634480+03:00,A30000000000000000000000,,1,"-63,5","865,7",Speedwayr-15-32-c2,"3,7429131224409646",
2025-07-25T14:05:35.4652120+03:00,A20000000000000000000000,,1,"-59,5","865,7",Speedwayr-15-32-c2,"0,380427235395639",
2025-07-25T14:05:35.4665240+03:00,A40000000000000000000000,,1,-67,"865,7",Speedwayr-15-32-c2,"3,693825737228624",
2025-07-25T14:05:35.4675780+03:00,A70000000000000000000000,,1,-66,"865,7",Speedwayr-15-32-c2,"0,4172427743048944",
2025-07-25T14:05:35.4784240+03:00,A80000000000000000000000,,1,"-72,5","865,7",Speedwayr-15-32-c2,"6,056156150572511",
2025-07-25T14:05:35.4924550+03:00,A20000000000000000000000,,1,"-58,5","865,7",Speedwayr-15-32-c2,"0,3620194659410113",
2025-07-25T14:05:35.4954390+03:00,A70000000000000000000000,,1,-65,"865,7",Speedwayr-15-32-c2,"0,4172427743048944",
2025-07-25T14:05:35.4982330+03:00,A40000000000000000000000,,1,"-66,5","865,7",Speedwayr-15-32-c2,"3,54042765844006",
2025-07-25T14:05:35.5015660+03:00,A30000000000000000000000,,1,"-63,5","865,7",Speedwayr-15-32-c2,"3,5895150436524004",
2025-07-25T14:05:35.5033120+03:00,A60000000000000000000000,,1,"-63,5","865,7",Speedwayr-15-32-c2,"5,798447378207723",
2025-07-25T14:05:35.5189800+03:00,A80000000000000000000000,,1,-73,"865,7",Speedwayr-15-32-c2,"3,54042765844006",
2025-07-25T14:05:35.5252930+03:00,A30000000000000000000000,,1,-62,"865,7",Speedwayr-15-32-c2,"3,6999616603801666",
2025-07-25T14:05:35.5266660+03:00,A60000000000000000000000,,1,-64,"865,7",Speedwayr-15-32-c2,"5,786175531904639",
2025-07-25T14:05:35.5296710+03:00,A40000000000000000000000,,1,-67,"865,7",Speedwayr-15-32-c2,"3,8410878928656453",
2025-07-25T14:05:35.5316670+03:00,A20000000000000000000000,,1,-59,"865,7",Speedwayr-15-32-c2,"0,4295146206079795",
2025-07-25T14:05:35.5368870+03:00,A70000000000000000000000,,1,"-65,5","865,7",Speedwayr-15-32-c2,"0,4356505437595221",
2025-07-25T14:05:35.5571840+03:00,A60000000000000000000000,,1,"-64,5","865,7",Speedwayr-15-32-c2,"5,890486225480862",
2025-07-25T14:05:35.5582220+03:00,A40000000000000000000000,,1,-67,"865,7",Speedwayr-15-32-c2,"3,5711072741977725",
2025-07-25T14:05:35.5593060+03:00,A70000000000000000000000,,1,"-66,5","865,7",Speedwayr-15-32-c2,"0,5522330836388308",
2025-07-25T14:05:35.5630540+03:00,A20000000000000000000000,,1,"-60,5","865,7",Speedwayr-15-32-c2,"0,4724660826687775",
2025-07-25T14:05:35.5661430+03:00,A30000000000000000000000,,1,"-63,5","865,7",Speedwayr-15-32-c2,"3,718369429834794",
2025-07-25T14:05:35.5792410+03:00,A40000000000000000000000,,1,"-65,5","865,7",Speedwayr-15-32-c2,"3,6263305825616556",
2025-07-25T14:05:35.5820330+03:00,A20000000000000000000000,,1,"-59,5","865,7",Speedwayr-15-32-c2,"0,42337869745643697",
2025-07-25T14:05:35.5843500+03:00,A70000000000000000000000,,1,"-65,5","865,7",Speedwayr-15-32-c2,"0,4970097752749477",
2025-07-25T14:05:35.5870040+03:00,A30000000000000000000000,,1,-63,"865,7",Speedwayr-15-32-c2,"3,5956509668039427",
2025-07-25T14:05:35.5880870+03:00,A60000000000000000000000,,1,-65,"865,7",Speedwayr-15-32-c2,"5,872078456026235",
2025-07-25T14:05:35.5986690+03:00,A80000000000000000000000,,1,-72,"865,7",Speedwayr-15-32-c2,"0,6749515466696822",
2025-07-25T14:05:35.6155700+03:00,A30000000000000000000000,,1,-63,"865,7",Speedwayr-15-32-c2,"3,6079228131070282",
2025-07-25T14:05:35.6201680+03:00,A60000000000000000000000,,1,-65,"865,7",Speedwayr-15-32-c2,"5,749359992995383",
2025-07-25T14:05:35.6240120+03:00,A20000000000000000000000,,1,-60,"865,7",Speedwayr-15-32-c2,"0,5951845456996288",
2025-07-25T14:05:35.6372990+03:00,A70000000000000000000000,,1,-66,"865,7",Speedwayr-15-32-c2,"0,5184855063053467",
2025-07-25T14:05:35.6397080+03:00,A40000000000000000000000,,1,"-66,5","865,7",Speedwayr-15-32-c2,"0,37429131224409645",
2025-07-25T14:05:35.6496760+03:00,A80000000000000000000000,,1,"-72,5","865,7",Speedwayr-15-32-c2,"0,6381360077604268",
2025-07-25T14:05:35.6567280+03:00,A40000000000000000000000,,1,-67,"865,7",Speedwayr-15-32-c2,"3,104777114680538",
2025-07-25T14:05:35.6578390+03:00,A70000000000000000000000,,1,"-66,5","865,7",Speedwayr-15-32-c2,"0,5706408530934585",
2025-07-25T14:05:35.6592230+03:00,A60000000000000000000000,,1,-66,"865,7",Speedwayr-15-32-c2,"5,767767762450011",
2025-07-25T14:05:35.6603310+03:00,A20000000000000000000000,,1,-59,"865,7",Speedwayr-15-32-c2,"0,5031456984264903",
2025-07-25T14:05:35.6625080+03:00,A30000000000000000000000,,1,-62,"865,7",Speedwayr-15-32-c2,"3,399301425954581",
2025-07-25T14:05:35.6685410+03:00,A80000000000000000000000,,1,"-71,5","865,7",Speedwayr-15-32-c2,"0,9572040116406401",
2025-07-25T14:05:35.6876190+03:00,A30000000000000000000000,,1,"-63,5","865,7",Speedwayr-15-32-c2,"3,380893656499953",
2025-07-25T14:05:35.6910600+03:00,A70000000000000000000000,,1,"-64,5","865,7",Speedwayr-15-32-c2,"0,6504078540635119",
2025-07-25T14:05:35.6921350+03:00,A60000000000000000000000,,1,"-65,5","865,7",Speedwayr-15-32-c2,"5,8475347634200645",
2025-07-25T14:05:35.6947900+03:00,A20000000000000000000000,,1,-60,"865,7",Speedwayr-15-32-c2,"0,4295146206079795",
2025-07-25T14:05:35.6965300+03:00,A40000000000000000000000,,1,-67,"865,7",Speedwayr-15-32-c2,"3,5711072741977725",
2025-07-25T14:05:35.6985450+03:00,A80000000000000000000000,,1,"-71,5","865,7",Speedwayr-15-32-c2,"0,521553467881118",
2025-07-25T14:05:35.7117750+03:00,A20000000000000000000000,,1,-59,"865,7",Speedwayr-15-32-c2,"0,521553467881118",
2025-07-25T14:05:35.7153010+03:00,A70000000000000000000000,,1,"-64,5","865,7",Speedwayr-15-32-c2,"0,6504078540635119",
2025-07-25T14:05:35.7178390+03:00,A30000000000000000000000,,1,-63,"865,7",Speedwayr-15-32-c2,"3,4606606574700063",
2025-07-25T14:05:35.7198440+03:00,A60000000000000000000000,,1,-65,"865,7",Speedwayr-15-32-c2,"5,93343768754166",
2025-07-25T14:05:35.7467760+03:00,A20000000000000000000000,,1,-59,"865,7",Speedwayr-15-32-c2,"0,5399612373357456",
2025-07-25T14:05:35.7480860+03:00,A40000000000000000000000,,1,"-65,5","865,7",Speedwayr-15-32-c2,"3,429981041712294",
2025-07-25T14:05:35.7496270+03:00,A30000000000000000000000,,1,-63,"865,7",Speedwayr-15-32-c2,"3,6324665057131984",
2025-07-25T14:05:35.7528470+03:00,A70000000000000000000000,,1,-66,"865,7",Speedwayr-15-32-c2,"1,000155473701438",
2025-07-25T14:05:35.7550100+03:00,A60000000000000000000000,,1,"-62,5","865,7",Speedwayr-15-32-c2,"5,93343768754166",
2025-07-25T14:05:35.7573670+03:00,A80000000000000000000000,,1,-70,"865,7",Speedwayr-15-32-c2,"0,6749515466696822",
2025-07-25T14:05:35.7710630+03:00,A30000000000000000000000,,1,-61,"865,7",Speedwayr-15-32-c2,"3,2520392703175593",
2025-07-25T14:05:35.7753390+03:00,A70000000000000000000000,,1,-66,"865,7",Speedwayr-15-32-c2,"0,8713010875190442",
2025-07-25T14:05:35.7769420+03:00,A40000000000000000000000,,1,"-66,5","865,7",Speedwayr-15-32-c2,"3,399301425954581",
2025-07-25T14:05:35.7781540+03:00,A60000000000000000000000,,1,-64,"865,7",Speedwayr-15-32-c2,"6,031612457966341",
2025-07-25T14:05:35.7792370+03:00,A20000000000000000000000,,1,-60,"865,7",Speedwayr-15-32-c2,"0,5399612373357456",
2025-07-25T14:05:35.7942610+03:00,A20000000000000000000000,,1,-60,"865,7",Speedwayr-15-32-c2,"0,607456392002714",
2025-07-25T14:05:35.7983700+03:00,A30000000000000000000000,,1,-63,"865,7",Speedwayr-15-32-c2,"3,3502140407422405",
2025-07-25T14:05:35.8008570+03:00,A70000000000000000000000,,1,"-63,5","865,7",Speedwayr-15-32-c2,"0,6749515466696822",
2025-07-25T14:05:35.8029560+03:00,A60000000000000000000000,,1,-65,"865,7",Speedwayr-15-32-c2,"5,810719224510809",
2025-07-25T14:05:35.8067900+03:00,A40000000000000000000000,,1,"-66,5","865,7",Speedwayr-15-32-c2,"3,448388811166921",
2025-07-25T14:05:35.8281590+03:00,A80000000000000000000000,,1,-72,"865,7",Speedwayr-15-32-c2,"0,9019807032767571",
2025-07-25T14:05:35.8333390+03:00,A60000000000000000000000,,1,-64,"865,7",Speedwayr-15-32-c2,"6,031612457966341",
2025-07-25T14:05:35.8352420+03:00,A40000000000000000000000,,1,-66,"865,7",Speedwayr-15-32-c2,"3,3318062712876126",
2025-07-25T14:05:35.8363550+03:00,A20000000000000000000000,,1,"-58,5","865,7",Speedwayr-15-32-c2,"0,5031456984264903",
2025-07-25T14:05:35.8374360+03:00,A30000000000000000000000,,1,"-62,5","865,7",Speedwayr-15-32-c2,"3,3870295796514958",
2025-07-25T14:05:35.8405620+03:00,A70000000000000000000000,,1,"-65,5","865,7",Speedwayr-15-32-c2,"0,8774370106705868",
2025-07-25T14:05:35.8487240+03:00,A80000000000000000000000,,1,"-66,5","865,7",Speedwayr-15-32-c2,"0,9633399347921826",
2025-07-25T14:05:35.8647390+03:00,A20000000000000000000000,,1,-60,"865,7",Speedwayr-15-32-c2,"0,4540583132141498",
2025-07-25T14:05:35.8676840+03:00,A40000000000000000000000,,1,"-66,5","865,7",Speedwayr-15-32-c2,"3,3011266555298997",
2025-07-25T14:05:35.8775260+03:00,A30000000000000000000000,,1,-63,"865,7",Speedwayr-15-32-c2,"0,16566992509164924",
2025-07-25T14:05:35.8798970+03:00,A70000000000000000000000,,1,"-65,5","865,7",Speedwayr-15-32-c2,"0,7669903939428205",
2025-07-25T14:05:35.8895780+03:00,A80000000000000000000000,,1,-72,"865,7",Speedwayr-15-32-c2,"0,8774370106705868",
2025-07-25T14:05:35.8956810+03:00,A60000000000000000000000,,1,-65,"865,7",Speedwayr-15-32-c2,"5,988660995905543",
2025-07-25T14:05:35.8995510+03:00,A40000000000000000000000,,1,-66,"865,7",Speedwayr-15-32-c2,"3,3502140407422405",
2025-07-25T14:05:35.9033290+03:00,A70000000000000000000000,,1,-63,"865,7",Speedwayr-15-32-c2,"0,7424467013366504",
2025-07-25T14:05:35.9065130+03:00,A20000000000000000000000,,1,-60,"865,7",Speedwayr-15-32-c2,"0,5645049299419159",
2025-07-25T14:05:35.9101770+03:00,A30000000000000000000000,,1,"-63,5","865,7",Speedwayr-15-32-c2,"3,227495577711389",
2025-07-25T14:05:35.9126120+03:00,A60000000000000000000000,,1,"-61,5","865,7",Speedwayr-15-32-c2,"6,037748381117884",
2025-07-25T14:05:35.9186920+03:00,A80000000000000000000000,,1,"-71,5","865,7",Speedwayr-15-32-c2,"0,9510680884890975",
2025-07-25T14:05:35.9332290+03:00,A40000000000000000000000,,1,"-65,5","865,7",Speedwayr-15-32-c2,"3,172272269347506",
2025-07-25T14:05:35.9365010+03:00,A70000000000000000000000,,1,"-65,5","865,7",Speedwayr-15-32-c2,"0,8344855486097889",
2025-07-25T14:05:35.9382080+03:00,A20000000000000000000000,,1,"-59,5","865,7",Speedwayr-15-32-c2,"0,607456392002714",
2025-07-25T14:05:35.9401420+03:00,A60000000000000000000000,,1,"-64,5","865,7",Speedwayr-15-32-c2,"6,025476534814799",
2025-07-25T14:05:35.9412240+03:00,A30000000000000000000000,,1,"-61,5","865,7",Speedwayr-15-32-c2,"3,129320807286708",
2025-07-25T14:05:35.9471140+03:00,A80000000000000000000000,,1,"-68,5","865,7",Speedwayr-15-32-c2,"0,8467573949128739",
2025-07-25T14:05:35.9626470+03:00,A30000000000000000000000,,1,"-63,5","865,7",Speedwayr-15-32-c2,"3,074097498922825",
2025-07-25T14:05:35.9648760+03:00,A20000000000000000000000,,1,"-59,5","865,7",Speedwayr-15-32-c2,"0,5460971604872883",
2025-07-25T14:05:35.9678130+03:00,A60000000000000000000000,,1,-65,"865,7",Speedwayr-15-32-c2,"6,043884304269426",
2025-07-25T14:05:35.9695470+03:00,A40000000000000000000000,,1,-66,"865,7",Speedwayr-15-32-c2,"3,0925052683774528",
2025-07-25T14:05:35.9720690+03:00,A70000000000000000000000,,1,"-65,5","865,7",Speedwayr-15-32-c2,"0,8222137023067037",
2025-07-25T14:05:35.9897250+03:00,A60000000000000000000000,,1,-64,"865,7",Speedwayr-15-32-c2,"6,086835766330224",
2025-07-25T14:05:35.9910660+03:00,A40000000000000000000000,,1,-62,"865,7",Speedwayr-15-32-c2,"3,368621810196868",
2025-07-25T14:05:35.9972400+03:00,A30000000000000000000000,,1,-63,"865,7",Speedwayr-15-32-c2,"3,4054373491061236",
2025-07-25T14:05:35.9983810+03:00,A20000000000000000000000,,1,"-59,5","865,7",Speedwayr-15-32-c2,"0,5031456984264903",
2025-07-25T14:05:35.9996240+03:00,A70000000000000000000000,,1,"-65,5","865,7",Speedwayr-15-32-c2,"0,6810874698212247",
2025-07-25T14:05:36.0086720+03:00,A80000000000000000000000,,1,-71,"865,7",Speedwayr-15-32-c2,"0,1227184630308513",
2025-07-25T14:05:36.0236310+03:00,A20000000000000000000000,,1,"-59,5","865,7",Speedwayr-15-32-c2,"0,4908738521234052",
2025-07-25T14:05:36.0255540+03:00,A70000000000000000000000,,1,-65,"865,7",Speedwayr-15-32-c2,"0,8160777791551611",
2025-07-25T14:05:36.0276140+03:00,A40000000000000000000000,,1,"-65,5","865,7",Speedwayr-15-32-c2,"3,429981041712294",
2025-07-25T14:05:36.0287110+03:00,A30000000000000000000000,,1,-63,"865,7",Speedwayr-15-32-c2,"3,055689729468197",
2025-07-25T14:05:36.0298400+03:00,A60000000000000000000000,,1,"-64,5","865,7",Speedwayr-15-32-c2,"6,240233845118788",
2025-07-25T14:05:36.0407000+03:00,A80000000000000000000000,,1,"-66,5","865,7",Speedwayr-15-32-c2,"1,141281706186917",
2025-07-25T14:05:36.0538260+03:00,A70000000000000000000000,,1,"-64,5","865,7",Speedwayr-15-32-c2,"0,9265243958829272",
2025-07-25T14:05:36.0563570+03:00,A60000000000000000000000,,1,"-62,5","865,7",Speedwayr-15-32-c2,"6,007068765360171",
2025-07-25T14:05:36.0592240+03:00,A20000000000000000000000,,1,"-58,5","865,7",Speedwayr-15-32-c2,"0,5154175447295755",
2025-07-25T14:05:36.0607360+03:00,A30000000000000000000000,,1,"-62,5","865,7",Speedwayr-15-32-c2,"2,9636508821950587",
2025-07-25T14:05:36.0644710+03:00,A40000000000000000000000,,1,"-63,5","865,7",Speedwayr-15-32-c2,"3,393165502803038",
2025-07-25T14:05:36.0697130+03:00,A80000000000000000000000,,1,-68,"865,7",Speedwayr-15-32-c2,"0,9633399347921826",
2025-07-25T14:05:36.0854670+03:00,A70000000000000000000000,,1,"-64,5","865,7",Speedwayr-15-32-c2,"0,9142525495798421",
2025-07-25T14:05:36.0869900+03:00,A30000000000000000000000,,1,-63,"865,7",Speedwayr-15-32-c2,"3,0925052683774528",
2025-07-25T14:05:36.0885950+03:00,A20000000000000000000000,,1,"-58,5","865,7",Speedwayr-15-32-c2,"0,5399612373357456",
2025-07-25T14:05:36.0902310+03:00,A40000000000000000000000,,1,-66,"865,7",Speedwayr-15-32-c2,"3,4606606574700063",
2025-07-25T14:05:36.0944220+03:00,A60000000000000000000000,,1,-64,"865,7",Speedwayr-15-32-c2,"5,841398840268521",
2025-07-25T14:05:36.0994540+03:00,A80000000000000000000000,,1,-68,"865,7",Speedwayr-15-32-c2,"1,1228739367322893",
2025-07-25T14:05:36.1130540+03:00,A40000000000000000000000,,1,-64,"865,7",Speedwayr-15-32-c2,"3,472932503773092",
2025-07-25T14:05:36.1147660+03:00,A20000000000000000000000,,1,"-59,5","865,7",Speedwayr-15-32-c2,"0,48473792897186263",
2025-07-25T14:05:36.1172660+03:00,A80000000000000000000000,,1,"-69,5","865,7",Speedwayr-15-32-c2,"0,9756117810952678",
2025-07-25T14:05:36.1199890+03:00,A60000000000000000000000,,1,"-64,5","865,7",Speedwayr-15-32-c2,"6,22182607566416",
2025-07-25T14:05:36.1211860+03:00,A30000000000000000000000,,1,-63,"865,7",Speedwayr-15-32-c2,"2,8777479580734626",
2025-07-25T14:05:36.1242770+03:00,A70000000000000000000000,,1,-63,"865,7",Speedwayr-15-32-c2,"0,705631162427395",
2025-07-25T14:05:36.1392000+03:00,A60000000000000000000000,,1,-63,"865,7",Speedwayr-15-32-c2,"5,994796919057086",
2025-07-25T14:05:36.1411060+03:00,A40000000000000000000000,,1,-65,"865,7",Speedwayr-15-32-c2,"3,3195344249845276",
2025-07-25T14:05:36.1427140+03:00,A70000000000000000000000,,1,"-64,5","865,7",Speedwayr-15-32-c2,"0,8835729338221293",
2025-07-25T14:05:36.1470240+03:00,A80000000000000000000000,,1,-70,"865,7",Speedwayr-15-32-c2,"1,030835089459151",
2025-07-25T14:05:36.1483620+03:00,A30000000000000000000000,,1,-63,"865,7",Speedwayr-15-32-c2,"2,7857091108003242",
2025-07-25T14:05:36.1499140+03:00,A20000000000000000000000,,1,"-59,5","865,7",Speedwayr-15-32-c2,"0,46019423636569234",
2025-07-25T14:05:36.1645820+03:00,A60000000000000000000000,,1,"-62,5","865,7",Speedwayr-15-32-c2,"6,111379458936394",
2025-07-25T14:05:36.1659740+03:00,A40000000000000000000000,,1,"-65,5","865,7",Speedwayr-15-32-c2,"3,454524734318464",
2025-07-25T14:05:36.1672850+03:00,A20000000000000000000000,,1,"-59,5","865,7",Speedwayr-15-32-c2,"0,4970097752749477",
2025-07-25T14:05:36.1686130+03:00,A30000000000000000000000,,1,-62,"865,7",Speedwayr-15-32-c2,"2,7857091108003242",
2025-07-25T14:05:36.1722860+03:00,A70000000000000000000000,,1,"-64,5","865,7",Speedwayr-15-32-c2,"0,8467573949128739",
2025-07-25T14:05:36.1777890+03:00,A80000000000000000000000,,1,-69,"865,7",Speedwayr-15-32-c2,"0,8774370106705868",
2025-07-25T14:05:36.1944940+03:00,A70000000000000000000000,,1,-65,"865,7",Speedwayr-15-32-c2,"0,9019807032767571",
2025-07-25T14:05:36.1969140+03:00,A80000000000000000000000,,1,-69,"865,7",Speedwayr-15-32-c2,"0,8958447801252144",
2025-07-25T14:05:36.1980400+03:00,A60000000000000000000000,,1,"-64,5","865,7",Speedwayr-15-32-c2,"6,043884304269426",
2025-07-25T14:05:36.1991780+03:00,A20000000000000000000000,,1,"-58,5","865,7",Speedwayr-15-32-c2,"0,5522330836388308",
2025-07-25T14:05:36.2002630+03:00,A30000000000000000000000,,1,"-62,5","865,7",Speedwayr-15-32-c2,"2,650718801466388",
2025-07-25T14:05:36.2025120+03:00,A40000000000000000000000,,1,"-63,5","865,7",Speedwayr-15-32-c2,"3,2765829629237295",
2025-07-25T14:05:36.2174880+03:00,A20000000000000000000000,,1,-59,"865,7",Speedwayr-15-32-c2,"0,5460971604872883",
2025-07-25T14:05:36.2188000+03:00,A60000000000000000000000,,1,"-63,5","865,7",Speedwayr-15-32-c2,"6,031612457966341",
2025-07-25T14:05:36.2199420+03:00,A80000000000000000000000,,1,"-70,5","865,7",Speedwayr-15-32-c2,"1,1719613219446299",
2025-07-25T14:05:36.2220320+03:00,A30000000000000000000000,,1,"-62,5","865,7",Speedwayr-15-32-c2,"2,7120780329818137",
2025-07-25T14:05:36.2257930+03:00,A40000000000000000000000,,1,-65,"865,7",Speedwayr-15-32-c2,"3,5711072741977725",
2025-07-25T14:05:36.2268760+03:00,A70000000000000000000000,,1,-65,"865,7",Speedwayr-15-32-c2,"0,8651651643675016",
2025-07-25T14:05:36.2407500+03:00,A20000000000000000000000,,1,"-58,5","865,7",Speedwayr-15-32-c2,"0,4970097752749477",
2025-07-25T14:05:36.2446370+03:00,A40000000000000000000000,,1,-65,"865,7",Speedwayr-15-32-c2,"3,5158839658338894",
2025-07-25T14:05:36.2459480+03:00,A30000000000000000000000,,1,"-61,5","865,7",Speedwayr-15-32-c2,"2,8409324191642074",
2025-07-25T14:05:36.2482200+03:00,A80000000000000000000000,,1,"-69,5","865,7",Speedwayr-15-32-c2,"1,2455923997631406",
2025-07-25T14:05:36.2526790+03:00,A70000000000000000000000,,1,-63,"865,7",Speedwayr-15-32-c2,"0,9387962421860124",
2025-07-25T14:05:36.2541780+03:00,A60000000000000000000000,,1,"-63,5","865,7",Speedwayr-15-32-c2,"6,050020227420969",
2025-07-25T14:05:36.2667580+03:00,A40000000000000000000000,,1,-65,"865,7",Speedwayr-15-32-c2,"3,442252888015379",
2025-07-25T14:05:36.2689740+03:00,A30000000000000000000000,,1,-62,"865,7",Speedwayr-15-32-c2,"2,9329712664373457",
2025-07-25T14:05:36.2709540+03:00,A60000000000000000000000,,1,"-64,5","865,7",Speedwayr-15-32-c2,"6,074563920027139",
2025-07-25T14:05:36.2742540+03:00,A70000000000000000000000,,1,-63,"865,7",Speedwayr-15-32-c2,"0,9756117810952678",
2025-07-25T14:05:36.2759410+03:00,A20000000000000000000000,,1,-59,"865,7",Speedwayr-15-32-c2,"0,5276893910326605",
2025-07-25T14:05:36.2793090+03:00,A80000000000000000000000,,1,"-69,5","865,7",Speedwayr-15-32-c2,"1,1106020904292042",
2025-07-25T14:05:36.2944710+03:00,A60000000000000000000000,,1,-63,"865,7",Speedwayr-15-32-c2,"0,04295146206079795",
2025-07-25T14:05:36.2975290+03:00,A70000000000000000000000,,1,"-63,5","865,7",Speedwayr-15-32-c2,"0,9387962421860124",
2025-07-25T14:05:36.2994380+03:00,A40000000000000000000000,,1,-64,"865,7",Speedwayr-15-32-c2,"3,454524734318464",
2025-07-25T14:05:36.3009080+03:00,A30000000000000000000000,,1,"-62,5","865,7",Speedwayr-15-32-c2,"2,736621725587984",
2025-07-25T14:05:36.3022030+03:00,A20000000000000000000000,,1,-59,"865,7",Speedwayr-15-32-c2,"0,5706408530934585",
2025-07-25T14:05:36.3076080+03:00,A80000000000000000000000,,1,"-70,5","865,7",Speedwayr-15-32-c2,"1,4480778637640452",
2025-07-25T14:05:36.3225290+03:00,A20000000000000000000000,,1,-58,"865,7",Speedwayr-15-32-c2,"0,4724660826687775",
2025-07-25T14:05:36.3247270+03:00,A60000000000000000000000,,1,"-62,5","865,7",Speedwayr-15-32-c2,"6,2034183062095325",
2025-07-25T14:05:36.3258410+03:00,A30000000000000000000000,,1,-61,"865,7",Speedwayr-15-32-c2,"2,693670263527186",
2025-07-25T14:05:36.3280600+03:00,A70000000000000000000000,,1,-64,"865,7",Speedwayr-15-32-c2,"0,9203884727313847",
2025-07-25T14:05:36.3291770+03:00,A80000000000000000000000,,1,-70,"865,7",Speedwayr-15-32-c2,"1,3130875544301088",
2025-07-25T14:05:36.3302600+03:00,A40000000000000000000000,,1,-65,"865,7",Speedwayr-15-32-c2,"3,4913402732277192",
2025-07-25T14:05:36.3453100+03:00,A20000000000000000000000,,1,-58,"865,7",Speedwayr-15-32-c2,"0,521553467881118",
2025-07-25T14:05:36.3483450+03:00,A40000000000000000000000,,1,-65,"865,7",Speedwayr-15-32-c2,"3,472932503773092",
2025-07-25T14:05:36.3496570+03:00,A30000000000000000000000,,1,-62,"865,7",Speedwayr-15-32-c2,"2,8532042654672924",
2025-07-25T14:05:36.3530030+03:00,A60000000000000000000000,,1,"-62,5","865,7",Speedwayr-15-32-c2,"6,135923151542564",
2025-07-25T14:05:36.3551530+03:00,A70000000000000000000000,,1,"-63,5","865,7",Speedwayr-15-32-c2,"0,8774370106705868",
2025-07-25T14:05:36.3582420+03:00,A80000000000000000000000,,1,"-71,5","865,7",Speedwayr-15-32-c2,"1,1228739367322893",
2025-07-25T14:05:36.3715820+03:00,A40000000000000000000000,,1,"-64,5","865,7",Speedwayr-15-32-c2,"3,5281558121369745",
2025-07-25T14:05:36.3761110+03:00,A60000000000000000000000,,1,"-63,5","865,7",Speedwayr-15-32-c2,"6,1850105367549055",
2025-07-25T14:05:36.3772200+03:00,A20000000000000000000000,,1,"-58,5","865,7",Speedwayr-15-32-c2,"0,6258641614573416",
2025-07-25T14:05:36.3789250+03:00,A30000000000000000000000,,1,-62,"865,7",Speedwayr-15-32-c2,"2,773437264497239",
2025-07-25T14:05:36.3833990+03:00,A70000000000000000000000,,1,-63,"865,7",Speedwayr-15-32-c2,"1,0369710126106935",
2025-07-25T14:05:36.3867300+03:00,A80000000000000000000000,,1,-68,"865,7",Speedwayr-15-32-c2,"1,3069516312785663",
2025-07-25T14:05:36.4006570+03:00,A80000000000000000000000,,1,-65,"865,7",Speedwayr-15-32-c2,"1,2762720155208536",
2025-07-25T14:05:36.4025080+03:00,A70000000000000000000000,,1,-64,"865,7",Speedwayr-15-32-c2,"1,012427320004523",
2025-07-25T14:05:36.4038050+03:00,A20000000000000000000000,,1,-59,"865,7",Speedwayr-15-32-c2,"0,5706408530934585",
2025-07-25T14:05:36.4058720+03:00,A30000000000000000000000,,1,"-62,5","865,7",Speedwayr-15-32-c2,"3,018874190558942",
2025-07-25T14:05:36.4074380+03:00,A40000000000000000000000,,1,"-64,5","865,7",Speedwayr-15-32-c2,"3,436116964863836",
2025-07-25T14:05:36.4084820+03:00,A60000000000000000000000,,1,"-65,5","865,7",Speedwayr-15-32-c2,"6,166602767300278",
2025-07-25T14:05:36.4247490+03:00,A70000000000000000000000,,1,-63,"865,7",Speedwayr-15-32-c2,"0,944932165337555",
2025-07-25T14:05:36.4272180+03:00,A30000000000000000000000,,1,-62,"865,7",Speedwayr-15-32-c2,"2,9206994201342606",
2025-07-25T14:05:36.4282990+03:00,A40000000000000000000000,,1,"-64,5","865,7",Speedwayr-15-32-c2,"3,5281558121369745",
2025-07-25T14:05:36.4301790+03:00,A20000000000000000000000,,1,-59,"865,7",Speedwayr-15-32-c2,"0,607456392002714",
2025-07-25T14:05:36.4313210+03:00,A60000000000000000000000,,1,-64,"865,7",Speedwayr-15-32-c2,"6,2463697682703305",
2025-07-25T14:05:36.4370000+03:00,A80000000000000000000000,,1,-70,"865,7",Speedwayr-15-32-c2,"1,3989904785517047",
2025-07-25T14:05:36.4504240+03:00,A60000000000000000000000,,1,"-63,5","865,7",Speedwayr-15-32-c2,"6,080699843178682",
2025-07-25T14:05:36.4528570+03:00,A20000000000000000000000,,1,"-57,5","865,7",Speedwayr-15-32-c2,"0,6320000846088841",
2025-07-25T14:05:36.4542570+03:00,A70000000000000000000000,,1,"-64,5","865,7",Speedwayr-15-32-c2,"0,7915340865489908",
2025-07-25T14:05:36.4556370+03:00,A30000000000000000000000,,1,-63,"865,7",Speedwayr-15-32-c2,"2,9206994201342606",
2025-07-25T14:05:36.4567140+03:00,A80000000000000000000000,,1,-70,"865,7",Speedwayr-15-32-c2,"1,141281706186917",
2025-07-25T14:05:36.4616480+03:00,A40000000000000000000000,,1,-63,"865,7",Speedwayr-15-32-c2,"3,5956509668039427",
2025-07-25T14:05:36.4767770+03:00,A40000000000000000000000,,1,"-64,5","865,7",Speedwayr-15-32-c2,"3,6324665057131984",
2025-07-25T14:05:36.4783320+03:00,A20000000000000000000000,,1,-59,"865,7",Speedwayr-15-32-c2,"0,7179030087304801",
2025-07-25T14:05:36.4796430+03:00,A70000000000000000000000,,1,"-64,5","865,7",Speedwayr-15-32-c2,"0,9265243958829272",
2025-07-25T14:05:36.4837900+03:00,A60000000000000000000000,,1,"-64,5","865,7",Speedwayr-15-32-c2,"6,092971689481767",
2025-07-25T14:05:36.4853410+03:00,A30000000000000000000000,,1,"-62,5","865,7",Speedwayr-15-32-c2,"2,8961557275280905",
2025-07-25T14:05:36.5011420+03:00,A70000000000000000000000,,1,"-64,5","865,7",Speedwayr-15-32-c2,"0,9081166264282996",
2025-07-25T14:05:36.5038370+03:00,A60000000000000000000000,,1,"-63,5","865,7",Speedwayr-15-32-c2,"5,957981380147831",
2025-07-25T14:05:36.5060440+03:00,A30000000000000000000000,,1,"-61,5","865,7",Speedwayr-15-32-c2,"2,988194574801229",
2025-07-25T14:05:36.5071100+03:00,A20000000000000000000000,,1,-59,"865,7",Speedwayr-15-32-c2,"0,7179030087304801",
2025-07-25T14:05:36.5082360+03:00,A40000000000000000000000,,1,-64,"865,7",Speedwayr-15-32-c2,"3,5833791205008576",
2025-07-25T14:05:36.5252900+03:00,A70000000000000000000000,,1,-64,"865,7",Speedwayr-15-32-c2,"0,8528933180644165",
2025-07-25T14:05:36.5287160+03:00,A20000000000000000000000,,1,-58,"865,7",Speedwayr-15-32-c2,"0,6933593161243098",
2025-07-25T14:05:36.5298010+03:00,A30000000000000000000000,,1,-62,"865,7",Speedwayr-15-32-c2,"3,0127382674073995",
2025-07-25T14:05:36.5314400+03:00,A60000000000000000000000,,1,"-64,5","865,7",Speedwayr-15-32-c2,"6,12365130523948",
2025-07-25T14:05:36.5361330+03:00,A40000000000000000000000,,1,"-63,5","865,7",Speedwayr-15-32-c2,"3,54042765844006",
2025-07-25T14:05:36.5400300+03:00,A80000000000000000000000,,1,"-71,5","865,7",Speedwayr-15-32-c2,"1,7548740213411735",
2025-07-25T14:05:36.5558480+03:00,A40000000000000000000000,,1,"-64,5","865,7",Speedwayr-15-32-c2,"3,6999616603801666",
2025-07-25T14:05:36.5581980+03:00,A20000000000000000000000,,1,"-58,5","865,7",Speedwayr-15-32-c2,"0,6749515466696822",
2025-07-25T14:05:36.5639910+03:00,A70000000000000000000000,,1,"-63,5","865,7",Speedwayr-15-32-c2,"0,8651651643675016",
2025-07-25T14:05:36.5654890+03:00,A30000000000000000000000,,1,"-61,5","865,7",Speedwayr-15-32-c2,"3,0802334220743677",
2025-07-25T14:05:36.5666270+03:00,A60000000000000000000000,,1,-65,"865,7",Speedwayr-15-32-c2,"6,037748381117884",
2025-07-25T14:05:36.5693400+03:00,A80000000000000000000000,,1,-69,"865,7",Speedwayr-15-32-c2,"1,0799224746714913",
2025-07-25T14:05:36.5832730+03:00,A60000000000000000000000,,1,-65,"865,7",Speedwayr-15-32-c2,"6,074563920027139",
2025-07-25T14:05:36.5843720+03:00,A30000000000000000000000,,1,"-62,5","865,7",Speedwayr-15-32-c2,"2,736621725587984",
2025-07-25T14:05:36.5870640+03:00,A70000000000000000000000,,1,-65,"865,7",Speedwayr-15-32-c2,"0,8283496254582462",
2025-07-25T14:05:36.5881570+03:00,A40000000000000000000000,,1,"-63,5","865,7",Speedwayr-15-32-c2,"3,6999616603801666",
2025-07-25T14:05:36.5892440+03:00,A20000000000000000000000,,1,-59,"865,7",Speedwayr-15-32-c2,"0,705631162427395",
2025-07-25T14:05:36.5954230+03:00,A80000000000000000000000,,1,-67,"865,7",Speedwayr-15-32-c2,"1,2701360923693108",
2025-07-25T14:05:36.6090000+03:00,A70000000000000000000000,,1,"-64,5","865,7",Speedwayr-15-32-c2,"0,6994952392758523",
2025-07-25T14:05:36.6100830+03:00,A20000000000000000000000,,1,-59,"865,7",Speedwayr-15-32-c2,"0,6994952392758523",
2025-07-25T14:05:36.6151470+03:00,A30000000000000000000000,,1,-60,"865,7",Speedwayr-15-32-c2,"3,018874190558942",
2025-07-25T14:05:36.6170680+03:00,A40000000000000000000000,,1,-65,"865,7",Speedwayr-15-32-c2,"3,6999616603801666",
2025-07-25T14:05:36.6183250+03:00,A60000000000000000000000,,1,-64,"865,7",Speedwayr-15-32-c2,"6,178874613603362",
2025-07-25T14:05:36.6254950+03:00,A80000000000000000000000,,1,"-70,5","865,7",Speedwayr-15-32-c2,"1,1351457830353744",
2025-07-25T14:05:36.6409950+03:00,A80000000000000000000000,,1,-66,"865,7",Speedwayr-15-32-c2,"0,9510680884890975",
2025-07-25T14:05:36.6428150+03:00,A40000000000000000000000,,1,-63,"865,7",Speedwayr-15-32-c2,"3,6570101983193686",
2025-07-25T14:05:36.6444350+03:00,A20000000000000000000000,,1,"-58,5","865,7",Speedwayr-15-32-c2,"0,7240389318820226",
2025-07-25T14:05:36.6455190+03:00,A70000000000000000000000,,1,"-62,5","865,7",Speedwayr-15-32-c2,"0,8222137023067037",
2025-07-25T14:05:36.6475500+03:00,A30000000000000000000000,,1,"-62,5","865,7",Speedwayr-15-32-c2,"3,0495538063166547",
2025-07-25T14:05:36.6492140+03:00,A60000000000000000000000,,1,"-64,5","865,7",Speedwayr-15-32-c2,"6,092971689481767",
2025-07-25T14:05:36.6654070+03:00,A30000000000000000000000,,1,-63,"865,7",Speedwayr-15-32-c2,"3,031146036862027",
2025-07-25T14:05:36.6695340+03:00,A60000000000000000000000,,1,-64,"865,7",Speedwayr-15-32-c2,"6,050020227420969",
2025-07-25T14:05:36.6706730+03:00,A70000000000000000000000,,1,-63,"865,7",Speedwayr-15-32-c2,"1,012427320004523",
2025-07-25T14:05:36.6727720+03:00,A20000000000000000000000,,1,-58,"865,7",Speedwayr-15-32-c2,"0,7179030087304801",
2025-07-25T14:05:36.6744410+03:00,A40000000000000000000000,,1,"-61,5","865,7",Speedwayr-15-32-c2,"3,552699504743145",
2025-07-25T14:05:36.6770640+03:00,A80000000000000000000000,,1,-71,"865,7",Speedwayr-15-32-c2,"1,380582709097077",
2025-07-25T14:05:36.6919190+03:00,A20000000000000000000000,,1,-59,"865,7",Speedwayr-15-32-c2,"0,7485826244881929",
2025-07-25T14:05:36.6972680+03:00,A70000000000000000000000,,1,"-64,5","865,7",Speedwayr-15-32-c2,"0,7915340865489908",
2025-07-25T14:05:36.6986060+03:00,A30000000000000000000000,,1,-62,"865,7",Speedwayr-15-32-c2,"3,0372819600135696",
2025-07-25T14:05:36.7008830+03:00,A60000000000000000000000,,1,"-63,5","865,7",Speedwayr-15-32-c2,"6,019340611663256",
2025-07-25T14:05:36.7028760+03:00,A40000000000000000000000,,1,-64,"865,7",Speedwayr-15-32-c2,"3,5281558121369745",
2025-07-25T14:05:36.7074990+03:00,A80000000000000000000000,,1,"-70,5","865,7",Speedwayr-15-32-c2,"1,2455923997631406",
2025-07-25T14:05:36.7207730+03:00,A20000000000000000000000,,1,"-58,5","865,7",Speedwayr-15-32-c2,"0,7179030087304801",
2025-07-25T14:05:36.7224670+03:00,A30000000000000000000000,,1,"-61,5","865,7",Speedwayr-15-32-c2,"3,153864499892878",
2025-07-25T14:05:36.7267460+03:00,A70000000000000000000000,,1,"-63,5","865,7",Speedwayr-15-32-c2,"0,705631162427395",
2025-07-25T14:05:36.7295870+03:00,A40000000000000000000000,,1,"-64,5","865,7",Speedwayr-15-32-c2,"3,650874275167826",
2025-07-25T14:05:36.7308160+03:00,A60000000000000000000000,,1,"-62,5","865,7",Speedwayr-15-32-c2,"6,154330920997192",
2025-07-25T14:05:36.7385690+03:00,A80000000000000000000000,,1,"-70,5","865,7",Speedwayr-15-32-c2,"1,3989904785517047",
2025-07-25T14:05:36.7509690+03:00,A70000000000000000000000,,1,"-64,5","865,7",Speedwayr-15-32-c2,"0,7792622402459057",
2025-07-25T14:05:36.7522930+03:00,A20000000000000000000000,,1,"-57,5","865,7",Speedwayr-15-32-c2,"0,7731263170943632",
2025-07-25T14:05:36.7601690+03:00,A80000000000000000000000,,1,-70,"865,7",Speedwayr-15-32-c2,"1,227184630308513",
2025-07-25T14:05:36.7668830+03:00,A30000000000000000000000,,1,"-62,5","865,7",Speedwayr-15-32-c2,"3,153864499892878",
2025-07-25T14:05:36.7684300+03:00,A60000000000000000000000,,1,"-63,5","865,7",Speedwayr-15-32-c2,"6,050020227420969",
2025-07-25T14:05:36.7699540+03:00,A40000000000000000000000,,1,"-64,5","865,7",Speedwayr-15-32-c2,"3,736777199289422",
2025-07-25T14:05:36.7846100+03:00,A20000000000000000000000,,1,"-58,5","865,7",Speedwayr-15-32-c2,"0,7424467013366504",
2025-07-25T14:05:36.7859640+03:00,A60000000000000000000000,,1,-63,"865,7",Speedwayr-15-32-c2,"6,068427996875596",
2025-07-25T14:05:36.7878150+03:00,A30000000000000000000000,,1,-62,"865,7",Speedwayr-15-32-c2,"3,0925052683774528",
2025-07-25T14:05:36.7898660+03:00,A40000000000000000000000,,1,-64,"865,7",Speedwayr-15-32-c2,"3,356349963893783",
2025-07-25T14:05:36.7914540+03:00,A70000000000000000000000,,1,-65,"865,7",Speedwayr-15-32-c2,"0,8713010875190442",
2025-07-25T14:05:36.7985320+03:00,A80000000000000000000000,,1,-72,"865,7",Speedwayr-15-32-c2,"1,5462526341887264",
2025-07-25T14:05:36.8126030+03:00,A80000000000000000000000,,1,"-69,5","865,7",Speedwayr-15-32-c2,"0,2945243112740431",
2025-07-25T14:05:36.8141970+03:00,A60000000000000000000000,,1,-63,"865,7",Speedwayr-15-32-c2,"6,14819499784565",
2025-07-25T14:05:36.8164190+03:00,A30000000000000000000000,,1,"-61,5","865,7",Speedwayr-15-32-c2,"3,11091303783208",
2025-07-25T14:05:36.8183590+03:00,A70000000000000000000000,,1,-65,"865,7",Speedwayr-15-32-c2,"0,7853981633974483",
2025-07-25T14:05:36.8196830+03:00,A40000000000000000000000,,1,-65,"865,7",Speedwayr-15-32-c2,"3,5833791205008576",
2025-07-25T14:05:36.8220610+03:00,A20000000000000000000000,,1,"-58,5","865,7",Speedwayr-15-32-c2,"0,7485826244881929",
2025-07-25T14:05:36.8362680+03:00,A20000000000000000000000,,1,"-59,5","865,7",Speedwayr-15-32-c2,"0,803805932852076",
2025-07-25T14:05:36.8386490+03:00,A70000000000000000000000,,1,"-64,5","865,7",Speedwayr-15-32-c2,"0,8774370106705868",
2025-07-25T14:05:36.8397450+03:00,A60000000000000000000000,,1,-64,"865,7",Speedwayr-15-32-c2,"6,007068765360171",
2025-07-25T14:05:36.8410880+03:00,A40000000000000000000000,,1,-65,"865,7",Speedwayr-15-32-c2,"3,6017868899554855",
2025-07-25T14:05:36.8421570+03:00,A30000000000000000000000,,1,-61,"865,7",Speedwayr-15-32-c2,"3,1354567304382504",
2025-07-25T14:05:36.8482970+03:00,A80000000000000000000000,,1,-69,"865,7",Speedwayr-15-32-c2,"1,1719613219446299",
2025-07-25T14:05:36.8612940+03:00,A30000000000000000000000,,1,-63,"865,7",Speedwayr-15-32-c2,"3,1354567304382504",
2025-07-25T14:05:36.8639230+03:00,A60000000000000000000000,,1,-63,"865,7",Speedwayr-15-32-c2,"5,915029918087033",
2025-07-25T14:05:36.8670250+03:00,A20000000000000000000000,,1,-59,"865,7",Speedwayr-15-32-c2,"0,7853981633974483",
2025-07-25T14:05:36.8693120+03:00,A70000000000000000000000,,1,-65,"865,7",Speedwayr-15-32-c2,"0,6933593161243098",
2025-07-25T14:05:36.8731650+03:00,A40000000000000000000000,,1,-64,"865,7",Speedwayr-15-32-c2,"3,5465635815916023",
2025-07-25T14:05:36.8802920+03:00,A80000000000000000000000,,1,-72,"865,7",Speedwayr-15-32-c2,"1,2302525918842842",
2025-07-25T14:05:36.8893900+03:00,A40000000000000000000000,,1,-65,"865,7",Speedwayr-15-32-c2,"3,509748042682347",
2025-07-25T14:05:36.8904860+03:00,A60000000000000000000000,,1,-64,"865,7",Speedwayr-15-32-c2,"5,964117303299373",
2025-07-25T14:05:36.8928670+03:00,A20000000000000000000000,,1,-59,"865,7",Speedwayr-15-32-c2,"0,662679700366597",
2025-07-25T14:05:36.8947930+03:00,A30000000000000000000000,,1,"-62,5","865,7",Speedwayr-15-32-c2,"2,9513790358919736",
2025-07-25T14:05:36.8970150+03:00,A70000000000000000000000,,1,-65,"865,7",Speedwayr-15-32-c2,"0,7301748550335652",
2025-07-25T14:05:36.9023720+03:00,A80000000000000000000000,,1,-69,"865,7",Speedwayr-15-32-c2,"1,846912868614312",
2025-07-25T14:05:36.9157350+03:00,A30000000000000000000000,,1,"-62,5","865,7",Speedwayr-15-32-c2,"3,031146036862027",
2025-07-25T14:05:36.9170850+03:00,A20000000000000000000000,,1,"-59,5","865,7",Speedwayr-15-32-c2,"0,7976700097005334",
2025-07-25T14:05:36.9181930+03:00,A60000000000000000000000,,1,-63,"865,7",Speedwayr-15-32-c2,"5,964117303299373",
2025-07-25T14:05:36.9207300+03:00,A70000000000000000000000,,1,-64,"865,7",Speedwayr-15-32-c2,"0,5767767762450011",
2025-07-25T14:05:36.9245050+03:00,A40000000000000000000000,,1,-64,"865,7",Speedwayr-15-32-c2,"3,6140587362585705",
2025-07-25T14:05:36.9384300+03:00,A80000000000000000000000,,1,"-72,5","865,7",Speedwayr-15-32-c2,"1,1351457830353744",
2025-07-25T14:05:36.9421890+03:00,A60000000000000000000000,,1,"-63,5","865,7",Speedwayr-15-32-c2,"5,66959299202533",
2025-07-25T14:05:36.9469180+03:00,A70000000000000000000000,,1,"-63,5","865,7",Speedwayr-15-32-c2,"0,5951845456996288",
2025-07-25T14:05:36.9486290+03:00,A20000000000000000000000,,1,"-58,5","865,7",Speedwayr-15-32-c2,"0,6810874698212247",
2025-07-25T14:05:36.9502350+03:00,A30000000000000000000000,,1,"-62,5","865,7",Speedwayr-15-32-c2,"3,031146036862027",
2025-07-25T14:05:36.9513700+03:00,A40000000000000000000000,,1,"-65,5","865,7",Speedwayr-15-32-c2,"3,6570101983193686",
2025-07-25T14:05:36.9750370+03:00,A70000000000000000000000,,1,"-64,5","865,7",Speedwayr-15-32-c2,"0,6013204688511713",
2025-07-25T14:05:36.9765640+03:00,A20000000000000000000000,,1,"-58,5","865,7",Speedwayr-15-32-c2,"0,6933593161243098",
2025-07-25T14:05:36.9803730+03:00,A60000000000000000000000,,1,"-63,5","865,7",Speedwayr-15-32-c2,"5,970253226450915",
2025-07-25T14:05:36.9861460+03:00,A40000000000000000000000,,1,"-63,5","865,7",Speedwayr-15-32-c2,"3,552699504743145",
2025-07-25T14:05:36.9890110+03:00,A30000000000000000000000,,1,"-62,5","865,7",Speedwayr-15-32-c2,"3,067961575771282",
2025-07-25T14:05:36.9980290+03:00,A80000000000000000000000,,1,-69,"865,7",Speedwayr-15-32-c2,"1,1290098598838318",
2025-07-25T14:05:37.0140030+03:00,A60000000000000000000000,,1,"-61,5","865,7",Speedwayr-15-32-c2,"0,1718058482431918",
2025-07-25T14:05:37.0155080+03:00,A20000000000000000000000,,1,"-57,5","865,7",Speedwayr-15-32-c2,"0,6994952392758523",
2025-07-25T14:05:37.0177710+03:00,A70000000000000000000000,,1,-65,"865,7",Speedwayr-15-32-c2,"0,6320000846088841",
2025-07-25T14:05:37.0191180+03:00,A30000000000000000000000,,1,-63,"865,7",Speedwayr-15-32-c2,"3,368621810196868",
2025-07-25T14:05:37.0218090+03:00,A40000000000000000000000,,1,-64,"865,7",Speedwayr-15-32-c2,"3,6815538909255388",
2025-07-25T14:05:37.0490970+03:00,A80000000000000000000000,,1,"-72,5","865,7",Speedwayr-15-32-c2,"4,04357335686655",
2025-07-25T14:05:37.0544770+03:00,A60000000000000000000000,,1,-63,"865,7",Speedwayr-15-32-c2,"0,09203884727313846",
2025-07-25T14:05:37.0561570+03:00,A20000000000000000000000,,1,"-59,5","865,7",Speedwayr-15-32-c2,"0,7240389318820226",
2025-07-25T14:05:37.0617080+03:00,A40000000000000000000000,,1,-64,"865,7",Speedwayr-15-32-c2,"3,6324665057131984",
2025-07-25T14:05:37.0632290+03:00,A30000000000000000000000,,1,"-62,5","865,7",Speedwayr-15-32-c2,"3,06182565261974",
2025-07-25T14:05:37.0654740+03:00,A70000000000000000000000,,1,"-63,5","865,7",Speedwayr-15-32-c2,"0,5460971604872883",
2025-07-25T14:05:37.0693790+03:00,A80000000000000000000000,,1,"-71,5","865,7",Speedwayr-15-32-c2,"0,8222137023067037",
2025-07-25T14:05:37.0855000+03:00,A20000000000000000000000,,1,-58,"865,7",Speedwayr-15-32-c2,"0,5031456984264903",
2025-07-25T14:05:37.0865420+03:00,A30000000000000000000000,,1,"-62,5","865,7",Speedwayr-15-32-c2,"2,9820586516496865",
2025-07-25T14:05:37.0898630+03:00,A60000000000000000000000,,1,"-62,5","865,7",Speedwayr-15-32-c2,"5,915029918087033",
2025-07-25T14:05:37.0935800+03:00,A70000000000000000000000,,1,"-63,5","865,7",Speedwayr-15-32-c2,"0,5338253141842031",
2025-07-25T14:05:37.0954320+03:00,A40000000000000000000000,,1,-64,"865,7",Speedwayr-15-32-c2,"3,730641276137879",
2025-07-25T14:05:37.0986010+03:00,A80000000000000000000000,,1,-70,"865,7",Speedwayr-15-32-c2,"0,607456392002714",
2025-07-25T14:05:37.1118750+03:00,A60000000000000000000000,,1,"-62,5","865,7",Speedwayr-15-32-c2,"5,638913376267617",
2025-07-25T14:05:37.1134800+03:00,A30000000000000000000000,,1,"-62,5","865,7",Speedwayr-15-32-c2,"2,9329712664373457",
2025-07-25T14:05:37.1153170+03:00,A20000000000000000000000,,1,-59,"865,7",Speedwayr-15-32-c2,"0,7363107781851077",
2025-07-25T14:05:37.1166690+03:00,A70000000000000000000000,,1,-64,"865,7",Speedwayr-15-32-c2,"0,5951845456996288",
2025-07-25T14:05:37.1180260+03:00,A40000000000000000000000,,1,"-64,5","865,7",Speedwayr-15-32-c2,"3,6201946594101133",
2025-07-25T14:05:37.1275520+03:00,A80000000000000000000000,,1,-72,"865,7",Speedwayr-15-32-c2,"1,1167380135807468",
2025-07-25T14:05:37.1411220+03:00,A70000000000000000000000,,1,"-64,5","865,7",Speedwayr-15-32-c2,"0,6565437772150544",
2025-07-25T14:05:37.1423190+03:00,A40000000000000000000000,,1,-65,"865,7",Speedwayr-15-32-c2,"3,56497135104623",
2025-07-25T14:05:37.1433550+03:00,A20000000000000000000000,,1,"-58,5","865,7",Speedwayr-15-32-c2,"0,6688156235181395",
2025-07-25T14:05:37.1474070+03:00,A30000000000000000000000,,1,"-62,5","865,7",Speedwayr-15-32-c2,"3,074097498922825",
2025-07-25T14:05:37.1487620+03:00,A60000000000000000000000,,1,-64,"865,7",Speedwayr-15-32-c2,"5,872078456026235",
2025-07-25T14:05:37.1577390+03:00,A80000000000000000000000,,1,"-72,5","865,7",Speedwayr-15-32-c2,"1,0921943209745766",
2025-07-25T14:05:37.1716360+03:00,A70000000000000000000000,,1,"-64,5","865,7",Speedwayr-15-32-c2,"0,7240389318820226",
2025-07-25T14:05:37.1730300+03:00,A20000000000000000000000,,1,-59,"865,7",Speedwayr-15-32-c2,"0,6565437772150544",
2025-07-25T14:05:37.1755390+03:00,A60000000000000000000000,,1,"-61,5","865,7",Speedwayr-15-32-c2,"5,957981380147831",
2025-07-25T14:05:37.1772720+03:00,A30000000000000000000000,,1,"-62,5","865,7",Speedwayr-15-32-c2,"3,104777114680538",
2025-07-25T14:05:37.1783120+03:00,A40000000000000000000000,,1,"-65,5","865,7",Speedwayr-15-32-c2,"3,6324665057131984",
2025-07-25T14:05:37.2068700+03:00,A40000000000000000000000,,1,-65,"865,7",Speedwayr-15-32-c2,"3,761320891895592",
2025-07-25T14:05:37.2080250+03:00,A60000000000000000000000,,1,-61,"865,7",Speedwayr-15-32-c2,"5,994796919057086",
2025-07-25T14:05:37.2090940+03:00,A70000000000000000000000,,1,"-63,5","865,7",Speedwayr-15-32-c2,"0,5645049299419159",
2025-07-25T14:05:37.2101920+03:00,A20000000000000000000000,,1,-59,"865,7",Speedwayr-15-32-c2,"0,7424467013366504",
2025-07-25T14:05:37.2115330+03:00,A30000000000000000000000,,1,"-62,5","865,7",Speedwayr-15-32-c2,"3,06182565261974",
2025-07-25T14:05:37.2168620+03:00,A80000000000000000000000,,1,-70,"865,7",Speedwayr-15-32-c2,"1,0983302441261191",
2025-07-25T14:05:37.2316530+03:00,A60000000000000000000000,,1,-64,"865,7",Speedwayr-15-32-c2,"6,068427996875596",
2025-07-25T14:05:37.2344690+03:00,A20000000000000000000000,,1,"-58,5","865,7",Speedwayr-15-32-c2,"0,6872233929727672",
2025-07-25T14:05:37.2355690+03:00,A70000000000000000000000,,1,-64,"865,7",Speedwayr-15-32-c2,"0,6013204688511713",
2025-07-25T14:05:37.2451700+03:00,A30000000000000000000000,,1,"-62,5","865,7",Speedwayr-15-32-c2,"3,0925052683774528",
2025-07-25T14:05:37.2468490+03:00,A40000000000000000000000,,1,"-65,5","865,7",Speedwayr-15-32-c2,"3,7122335066832517",
2025-07-25T14:05:37.2604540+03:00,A60000000000000000000000,,1,"-63,5","865,7",Speedwayr-15-32-c2,"5,994796919057086",
2025-07-25T14:05:37.2633970+03:00,A30000000000000000000000,,1,"-62,5","865,7",Speedwayr-15-32-c2,"3,0802334220743677",
2025-07-25T14:05:37.2650900+03:00,A70000000000000000000000,,1,"-64,5","865,7",Speedwayr-15-32-c2,"0,619728238305799",
2025-07-25T14:05:37.2665030+03:00,A40000000000000000000000,,1,"-64,5","865,7",Speedwayr-15-32-c2,"3,7981364308048478",
2025-07-25T14:05:37.2681130+03:00,A20000000000000000000000,,1,"-59,5","865,7",Speedwayr-15-32-c2,"0,7301748550335652",
2025-07-25T14:05:37.2853320+03:00,A20000000000000000000000,,1,-58,"865,7",Speedwayr-15-32-c2,"0,7485826244881929",
2025-07-25T14:05:37.2864320+03:00,A60000000000000000000000,,1,"-63,5","865,7",Speedwayr-15-32-c2,"6,074563920027139",
2025-07-25T14:05:37.2881990+03:00,A30000000000000000000000,,1,"-62,5","865,7",Speedwayr-15-32-c2,"3,2765829629237295",
2025-07-25T14:05:37.2914930+03:00,A70000000000000000000000,,1,-64,"865,7",Speedwayr-15-32-c2,"0,521553467881118",
2025-07-25T14:05:37.2961130+03:00,A40000000000000000000000,,1,"-65,5","865,7",Speedwayr-15-32-c2,"4,319689898685965",
2025-07-25T14:05:37.3003010+03:00,A80000000000000000000000,,1,"-69,5","865,7",Speedwayr-15-32-c2,"1,1535535524900022",
2025-07-25T14:05:37.3159780+03:00,A20000000000000000000000,,1,-58,"865,7",Speedwayr-15-32-c2,"0,7731263170943632",
2025-07-25T14:05:37.3196990+03:00,A60000000000000000000000,,1,-64,"865,7",Speedwayr-15-32-c2,"6,117515382087937",
2025-07-25T14:05:37.3211350+03:00,A30000000000000000000000,,1,"-62,5","865,7",Speedwayr-15-32-c2,"3,215223731408304",
2025-07-25T14:05:37.3224570+03:00,A40000000000000000000000,,1,-65,"865,7",Speedwayr-15-32-c2,"4,25833066717054",
2025-07-25T14:05:37.3249860+03:00,A70000000000000000000000,,1,"-63,5","865,7",Speedwayr-15-32-c2,"0,6013204688511713",
2025-07-25T14:05:37.3277900+03:00,A80000000000000000000000,,1,-71,"865,7",Speedwayr-15-32-c2,"1,1780972450961724",
2025-07-25T14:05:37.3401600+03:00,A70000000000000000000000,,1,-64,"865,7",Speedwayr-15-32-c2,"0,6013204688511713",
2025-07-25T14:05:37.3436970+03:00,A30000000000000000000000,,1,-62,"865,7",Speedwayr-15-32-c2,"3,1968159619536762",
2025-07-25T14:05:37.3449210+03:00,A20000000000000000000000,,1,"-58,5","865,7",Speedwayr-15-32-c2,"0,7179030087304801",
2025-07-25T14:05:37.3460870+03:00,A40000000000000000000000,,1,"-63,5","865,7",Speedwayr-15-32-c2,"3,6815538909255388",
2025-07-25T14:05:37.3482030+03:00,A60000000000000000000000,,1,-63,"865,7",Speedwayr-15-32-c2,"6,031612457966341",
2025-07-25T14:05:37.3780090+03:00,A80000000000000000000000,,1,"-73,5","865,7",Speedwayr-15-32-c2,"0,9265243958829272",
2025-07-25T14:05:37.3820640+03:00,A60000000000000000000000,,1,-63,"865,7",Speedwayr-15-32-c2,"5,927301764390117",
2025-07-25T14:05:37.3859890+03:00,A20000000000000000000000,,1,-58,"865,7",Speedwayr-15-32-c2,"0,9633399347921826",
2025-07-25T14:05:37.3881380+03:00,A40000000000000000000000,,1,-64,"865,7",Speedwayr-15-32-c2,"3,724505352986337",
2025-07-25T14:05:37.3893540+03:00,A80000000000000000000000,,1,-71,"865,7",Speedwayr-15-32-c2,"1,2333205534600555",
2025-07-25T14:05:37.3904640+03:00,A30000000000000000000000,,1,-62,"865,7",Speedwayr-15-32-c2,"3,215223731408304",
2025-07-25T14:05:37.3943210+03:00,A70000000000000000000000,,1,-62,"865,7",Speedwayr-15-32-c2,"0,8774370106705868",
2025-07-25T14:05:37.4070260+03:00,A30000000000000000000000,,1,"-62,5","865,7",Speedwayr-15-32-c2,"3,227495577711389",
2025-07-25T14:05:37.4085510+03:00,A70000000000000000000000,,1,-64,"865,7",Speedwayr-15-32-c2,"0,5767767762450011",
2025-07-25T14:05:37.4110250+03:00,A20000000000000000000000,,1,"-57,5","865,7",Speedwayr-15-32-c2,"0,8406214717613314",
2025-07-25T14:05:37.4161810+03:00,A40000000000000000000000,,1,"-65,5","865,7",Speedwayr-15-32-c2,"3,77972866135022",
2025-07-25T14:05:37.4203660+03:00,A60000000000000000000000,,1,"-63,5","865,7",Speedwayr-15-32-c2,"6,086835766330224",
2025-07-25T14:05:37.4307280+03:00,A80000000000000000000000,,1,"-73,5","865,7",Speedwayr-15-32-c2,"0,9909515889741242",
2025-07-25T14:05:37.4382900+03:00,A30000000000000000000000,,1,-62,"865,7",Speedwayr-15-32-c2,"3,2459033471660166",
2025-07-25T14:05:37.4405620+03:00,A20000000000000000000000,,1,-59,"865,7",Speedwayr-15-32-c2,"0,8835729338221293",
2025-07-25T14:05:37.4424610+03:00,A40000000000000000000000,,1,-64,"865,7",Speedwayr-15-32-c2,"3,6999616603801666",
2025-07-25T14:05:37.4441950+03:00,A70000000000000000000000,,1,-62,"865,7",Speedwayr-15-32-c2,"0,5890486225480862",
2025-07-25T14:05:37.4455370+03:00,A60000000000000000000000,,1,"-63,5","865,7",Speedwayr-15-32-c2,"6,056156150572511",
2025-07-25T14:05:37.4703870+03:00,A80000000000000000000000,,1,-73,"865,7",Speedwayr-15-32-c2,"4,065049087896949",
2025-07-25T14:05:37.4775180+03:00,A40000000000000000000000,,1,"-65,5","865,7",Speedwayr-15-32-c2,"3,773592738198677",
2025-07-25T14:05:37.4803980+03:00,A20000000000000000000000,,1,-59,"865,7",Speedwayr-15-32-c2,"0,7547185476397354",
2025-07-25T14:05:37.4845530+03:00,A30000000000000000000000,,1,"-61,5","865,7",Speedwayr-15-32-c2,"3,2581751934691017",
2025-07-25T14:05:37.4856520+03:00,A70000000000000000000000,,1,"-63,5","865,7",Speedwayr-15-32-c2,"0,7240389318820226",
2025-07-25T14:05:37.4867630+03:00,A60000000000000000000000,,1,-63,"865,7",Speedwayr-15-32-c2,"6,080699843178682",
2025-07-25T14:05:37.5072960+03:00,A80000000000000000000000,,1,-73,"865,7",Speedwayr-15-32-c2,"0,9203884727313847",
2025-07-25T14:05:37.5188620+03:00,A70000000000000000000000,,1,-65,"865,7",Speedwayr-15-32-c2,"0,5399612373357456",
2025-07-25T14:05:37.5204710+03:00,A40000000000000000000000,,1,"-65,5","865,7",Speedwayr-15-32-c2,"3,9576704327449543",
2025-07-25T14:05:37.5217380+03:00,A20000000000000000000000,,1,"-58,5","865,7",Speedwayr-15-32-c2,"0,8467573949128739",
2025-07-25T14:05:37.5256800+03:00,A60000000000000000000000,,1,"-61,5","865,7",Speedwayr-15-32-c2,"6,037748381117884",
2025-07-25T14:05:37.5272500+03:00,A30000000000000000000000,,1,-62,"865,7",Speedwayr-15-32-c2,"3,3011266555298997",
2025-07-25T14:05:37.5716240+03:00,A20000000000000000000000,,1,"-57,5","865,7",Speedwayr-15-32-c2,"0,8344855486097889",
2025-07-25T14:05:37.5735910+03:00,A40000000000000000000000,,1,-65,"865,7",Speedwayr-15-32-c2,"3,6754179677739964",
2025-07-25T14:05:37.5762420+03:00,A30000000000000000000000,,1,-62,"865,7",Speedwayr-15-32-c2,"3,3440781175906977",
2025-07-25T14:05:37.5805230+03:00,A60000000000000000000000,,1,-64,"865,7",Speedwayr-15-32-c2,"6,062292073724054",
2025-07-25T14:05:37.5816330+03:00,A70000000000000000000000,,1,"-63,5","865,7",Speedwayr-15-32-c2,"0,6442719309119693",
2025-07-25T14:05:37.6000320+03:00,A80000000000000000000000,,1,-73,"865,7",Speedwayr-15-32-c2,"3,9239228554114702",
2025-07-25T14:05:37.6120330+03:00,A40000000000000000000000,,1,-64,"865,7",Speedwayr-15-32-c2,"3,6201946594101133",
2025-07-25T14:05:37.6151210+03:00,A30000000000000000000000,,1,-62,"865,7",Speedwayr-15-32-c2,"3,3318062712876126",
2025-07-25T14:05:37.6162880+03:00,A60000000000000000000000,,1,-63,"865,7",Speedwayr-15-32-c2,"6,062292073724054",
2025-07-25T14:05:37.6173840+03:00,A20000000000000000000000,,1,-58,"865,7",Speedwayr-15-32-c2,"0,8651651643675016",
2025-07-25T14:05:37.6186130+03:00,A70000000000000000000000,,1,"-64,5","865,7",Speedwayr-15-32-c2,"0,44178646691106466",
2025-07-25T14:05:37.6382280+03:00,A80000000000000000000000,,1,-73,"865,7",Speedwayr-15-32-c2,"4,0466413184423216",
2025-07-25T14:05:37.6416560+03:00,A70000000000000000000000,,1,-61,"865,7",Speedwayr-15-32-c2,"0,6688156235181395",
2025-07-25T14:05:37.6460000+03:00,A30000000000000000000000,,1,"-61,5","865,7",Speedwayr-15-32-c2,"3,2888548092268146",
2025-07-25T14:05:37.6472790+03:00,A40000000000000000000000,,1,"-64,5","865,7",Speedwayr-15-32-c2,"3,810408277107933",
2025-07-25T14:05:37.6483940+03:00,A60000000000000000000000,,1,"-63,5","865,7",Speedwayr-15-32-c2,"6,007068765360171",
2025-07-25T14:05:37.6499200+03:00,A20000000000000000000000,,1,-59,"865,7",Speedwayr-15-32-c2,"0,7424467013366504",
2025-07-25T14:05:37.6689330+03:00,A80000000000000000000000,,1,-73,"865,7",Speedwayr-15-32-c2,"4,1417481272912315",
2025-07-25T14:05:37.6771280+03:00,A60000000000000000000000,,1,-63,"865,7",Speedwayr-15-32-c2,"6,092971689481767",
2025-07-25T14:05:37.6782130+03:00,A40000000000000000000000,,1,-65,"865,7",Speedwayr-15-32-c2,"3,7551849687440497",
2025-07-25T14:05:37.6816090+03:00,A20000000000000000000000,,1,-59,"865,7",Speedwayr-15-32-c2,"0,8774370106705868",
2025-07-25T14:05:37.6830640+03:00,A30000000000000000000000,,1,"-61,5","865,7",Speedwayr-15-32-c2,"3,2888548092268146",
2025-07-25T14:05:37.6849740+03:00,A70000000000000000000000,,1,-65,"865,7",Speedwayr-15-32-c2,"0,5890486225480862",
2025-07-25T14:05:37.6880070+03:00,A80000000000000000000000,,1,"-69,5","865,7",Speedwayr-15-32-c2,"0,7179030087304801",
2025-07-25T14:05:37.7000270+03:00,A40000000000000000000000,,1,"-64,5","865,7",Speedwayr-15-32-c2,"3,7551849687440497",
2025-07-25T14:05:37.7029650+03:00,A30000000000000000000000,,1,"-62,5","865,7",Speedwayr-15-32-c2,"3,3747577333484107",
2025-07-25T14:05:37.7058820+03:00,A60000000000000000000000,,1,"-63,5","865,7",Speedwayr-15-32-c2,"6,062292073724054",
2025-07-25T14:05:37.7069260+03:00,A20000000000000000000000,,1,-59,"865,7",Speedwayr-15-32-c2,"1,030835089459151",
2025-07-25T14:05:37.7092950+03:00,A70000000000000000000000,,1,-65,"865,7",Speedwayr-15-32-c2,"0,23930100291016002",
2025-07-25T14:05:37.7298430+03:00,A80000000000000000000000,,1,-73,"865,7",Speedwayr-15-32-c2,"3,9484665480176404",
2025-07-25T14:05:37.7397520+03:00,A70000000000000000000000,,1,-65,"865,7",Speedwayr-15-32-c2,"0,6135923151542565",
2025-07-25T14:05:37.7417070+03:00,A20000000000000000000000,,1,"-58,5","865,7",Speedwayr-15-32-c2,"0,8406214717613314",
2025-07-25T14:05:37.7434020+03:00,A30000000000000000000000,,1,-62,"865,7",Speedwayr-15-32-c2,"3,3379421944391554",
2025-07-25T14:05:37.7445310+03:00,A60000000000000000000000,,1,-63,"865,7",Speedwayr-15-32-c2,"6,14819499784565",
2025-07-25T14:05:37.7455700+03:00,A40000000000000000000000,,1,-65,"865,7",Speedwayr-15-32-c2,"3,816544200259475",
2025-07-25T14:05:37.7687490+03:00,A80000000000000000000000,,1,-73,"865,7",Speedwayr-15-32-c2,"0,9081166264282996",
2025-07-25T14:05:37.7735880+03:00,A20000000000000000000000,,1,-58,"865,7",Speedwayr-15-32-c2,"0,8774370106705868",
2025-07-25T14:05:37.7778790+03:00,A30000000000000000000000,,1,-62,"865,7",Speedwayr-15-32-c2,"3,32567034813607",
2025-07-25T14:05:37.7815950+03:00,A40000000000000000000000,,1,-65,"865,7",Speedwayr-15-32-c2,"3,822680123411018",
2025-07-25T14:05:37.7827060+03:00,A60000000000000000000000,,1,"-63,5","865,7",Speedwayr-15-32-c2,"6,129787228391022",
2025-07-25T14:05:37.7842780+03:00,A70000000000000000000000,,1,"-61,5","865,7",Speedwayr-15-32-c2,"0,6320000846088841",
2025-07-25T14:05:37.8003540+03:00,A80000000000000000000000,,1,-73,"865,7",Speedwayr-15-32-c2,"1,0246991663076084",
2025-07-25T14:05:37.8082770+03:00,A20000000000000000000000,,1,-58,"865,7",Speedwayr-15-32-c2,"0,944932165337555",
2025-07-25T14:05:37.8097180+03:00,A70000000000000000000000,,1,"-65,5","865,7",Speedwayr-15-32-c2,"0,6565437772150544",
2025-07-25T14:05:37.8124790+03:00,A60000000000000000000000,,1,-63,"865,7",Speedwayr-15-32-c2,"6,1850105367549055",
2025-07-25T14:05:37.8148740+03:00,A40000000000000000000000,,1,"-65,5","865,7",Speedwayr-15-32-c2,"3,877903431774901",
2025-07-25T14:05:37.8159570+03:00,A30000000000000000000000,,1,-62,"865,7",Speedwayr-15-32-c2,"3,4177091954092087",
2025-07-25T14:05:37.8304640+03:00,A80000000000000000000000,,1,"-71,5","865,7",Speedwayr-15-32-c2,"1,030835089459151",
2025-07-25T14:05:37.8440530+03:00,A30000000000000000000000,,1,-61,"865,7",Speedwayr-15-32-c2,"3,3747577333484107",
2025-07-25T14:05:37.8454090+03:00,A70000000000000000000000,,1,-64,"865,7",Speedwayr-15-32-c2,"0,607456392002714",
2025-07-25T14:05:37.8480870+03:00,A20000000000000000000000,,1,"-59,5","865,7",Speedwayr-15-32-c2,"0,8774370106705868",
2025-07-25T14:05:37.8504110+03:00,A60000000000000000000000,,1,-64,"865,7",Speedwayr-15-32-c2,"6,111379458936394",
2025-07-25T14:05:37.8683220+03:00,A80000000000000000000000,,1,-73,"865,7",Speedwayr-15-32-c2,"4,175495704624716",
2025-07-25T14:05:37.8810060+03:00,A20000000000000000000000,,1,-59,"865,7",Speedwayr-15-32-c2,"0,8467573949128739",
2025-07-25T14:05:37.8845660+03:00,A40000000000000000000000,,1,-64,"865,7",Speedwayr-15-32-c2,"3,792000507653305",
2025-07-25T14:05:37.8880650+03:00,A30000000000000000000000,,1,"-62,5","865,7",Speedwayr-15-32-c2,"3,2643111166206444",
2025-07-25T14:05:37.8897900+03:00,A60000000000000000000000,,1,-63,"865,7",Speedwayr-15-32-c2,"6,037748381117884",
2025-07-25T14:05:37.8912810+03:00,A70000000000000000000000,,1,-64,"865,7",Speedwayr-15-32-c2,"0,521553467881118",
2025-07-25T14:05:37.9219120+03:00,A60000000000000000000000,,1,-62,"865,7",Speedwayr-15-32-c2,"6,105243535784852",
2025-07-25T14:05:37.9230090+03:00,A20000000000000000000000,,1,-59,"865,7",Speedwayr-15-32-c2,"0,8958447801252144",
2025-07-25T14:05:37.9263400+03:00,A30000000000000000000000,,1,"-61,5","865,7",Speedwayr-15-32-c2,"3,2888548092268146",
2025-07-25T14:05:37.9299380+03:00,A70000000000000000000000,,1,-65,"865,7",Speedwayr-15-32-c2,"0,6442719309119693",
2025-07-25T14:05:37.9361530+03:00,A40000000000000000000000,,1,-65,"865,7",Speedwayr-15-32-c2,"3,6570101983193686",
2025-07-25T14:05:37.9599600+03:00,A80000000000000000000000,,1,"-72,5","865,7",Speedwayr-15-32-c2,"1,1443496677626883",
2025-07-25T14:05:37.9639660+03:00,A20000000000000000000000,,1,-59,"865,7",Speedwayr-15-32-c2,"0,8406214717613314",
2025-07-25T14:05:37.9664110+03:00,A40000000000000000000000,,1,"-65,5","865,7",Speedwayr-15-32-c2,"4,037437433715008",
2025-07-25T14:05:37.9682890+03:00,A30000000000000000000000,,1,-61,"865,7",Speedwayr-15-32-c2,"3,3072625786814425",
2025-07-25T14:05:37.9695160+03:00,A60000000000000000000000,,1,-64,"865,7",Speedwayr-15-32-c2,"6,166602767300278",
2025-07-25T14:05:37.9706140+03:00,A70000000000000000000000,,1,-65,"865,7",Speedwayr-15-32-c2,"0,7424467013366504",
2025-07-25T14:05:37.9801190+03:00,A80000000000000000000000,,1,"-72,5","865,7",Speedwayr-15-32-c2,"4,292078244504024",
2025-07-25T14:05:37.9891690+03:00,A70000000000000000000000,,1,-65,"865,7",Speedwayr-15-32-c2,"0,6688156235181395",
2025-07-25T14:05:37.9921540+03:00,A40000000000000000000000,,1,-65,"865,7",Speedwayr-15-32-c2,"3,429981041712294",
2025-07-25T14:05:37.9955260+03:00,A20000000000000000000000,,1,"-58,5","865,7",Speedwayr-15-32-c2,"0,8958447801252144",
2025-07-25T14:05:37.9966130+03:00,A30000000000000000000000,,1,"-62,5","865,7",Speedwayr-15-32-c2,"3,184544115650591",
2025-07-25T14:05:37.9977510+03:00,A60000000000000000000000,,1,-64,"865,7",Speedwayr-15-32-c2,"6,1420590746941075",
2025-07-25T14:05:38.0081760+03:00,A80000000000000000000000,,1,-73,"865,7",Speedwayr-15-32-c2,"1,239456476611598",
2025-07-25T14:05:38.0209840+03:00,A40000000000000000000000,,1,-65,"865,7",Speedwayr-15-32-c2,"3,454524734318464",
2025-07-25T14:05:38.0220970+03:00,A20000000000000000000000,,1,"-58,5","865,7",Speedwayr-15-32-c2,"0,9019807032767571",
2025-07-25T14:05:38.0243050+03:00,A70000000000000000000000,,1,"-63,5","865,7",Speedwayr-15-32-c2,"0,7363107781851077",
2025-07-25T14:05:38.0256480+03:00,A30000000000000000000000,,1,"-61,5","865,7",Speedwayr-15-32-c2,"3,2090878082567613",
2025-07-25T14:05:38.0274610+03:00,A60000000000000000000000,,1,-64,"865,7",Speedwayr-15-32-c2,"0,04908738521234052",
2025-07-25T14:05:38.0639520+03:00,A80000000000000000000000,,1,-72,"865,7",Speedwayr-15-32-c2,"4,390253014928705",
2025-07-25T14:05:38.0700050+03:00,A60000000000000000000000,,1,-64,"865,7",Speedwayr-15-32-c2,"6,17273869045182",
2025-07-25T14:05:38.0714470+03:00,A30000000000000000000000,,1,-62,"865,7",Speedwayr-15-32-c2,"3,3379421944391554",
2025-07-25T14:05:38.0764500+03:00,A20000000000000000000000,,1,"-58,5","865,7",Speedwayr-15-32-c2,"0,8774370106705868",
2025-07-25T14:05:38.0784040+03:00,A40000000000000000000000,,1,-65,"865,7",Speedwayr-15-32-c2,"3,5342917352885173",
2025-07-25T14:05:38.1039060+03:00,A80000000000000000000000,,1,-72,"865,7",Speedwayr-15-32-c2,"4,267534551897854",
2025-07-25T14:05:38.1071900+03:00,A20000000000000000000000,,1,-59,"865,7",Speedwayr-15-32-c2,"0,8651651643675016",
2025-07-25T14:05:38.1093680+03:00,A30000000000000000000000,,1,"-62,5","865,7",Speedwayr-15-32-c2,"3,2949907323783574",
2025-07-25T14:05:38.1107540+03:00,A60000000000000000000000,,1,-64,"865,7",Speedwayr-15-32-c2,"6,17273869045182",
2025-07-25T14:05:38.1154000+03:00,A70000000000000000000000,,1,-62,"865,7",Speedwayr-15-32-c2,"0,7240389318820226",
2025-07-25T14:05:38.1178560+03:00,A40000000000000000000000,,1,"-65,5","865,7",Speedwayr-15-32-c2,"3,5956509668039427",
2025-07-25T14:05:38.1408480+03:00,A80000000000000000000000,,1,"-72,5","865,7",Speedwayr-15-32-c2,"4,565126824747668",
2025-07-25T14:05:38.1450210+03:00,A20000000000000000000000,,1,"-57,5","865,7",Speedwayr-15-32-c2,"0,9326603190344698",
2025-07-25T14:05:38.1479760+03:00,A60000000000000000000000,,1,-64,"865,7",Speedwayr-15-32-c2,0,
2025-07-25T14:05:38.1496290+03:00,A70000000000000000000000,,1,"-65,5","865,7",Speedwayr-15-32-c2,"0,760854470791278",
2025-07-25T14:05:38.1520870+03:00,A30000000000000000000000,,1,"-61,5","865,7",Speedwayr-15-32-c2,"3,147728576741336",
2025-07-25T14:05:38.1567030+03:00,A40000000000000000000000,,1,-65,"865,7",Speedwayr-15-32-c2,"3,6324665057131984",
2025-07-25T14:05:38.1675430+03:00,A80000000000000000000000,,1,-73,"865,7",Speedwayr-15-32-c2,"4,40252486123179",
2025-07-25T14:05:38.1777940+03:00,A20000000000000000000000,,1,-59,"865,7",Speedwayr-15-32-c2,"0,8774370106705868",
2025-07-25T14:05:38.1804450+03:00,A30000000000000000000000,,1,-62,"865,7",Speedwayr-15-32-c2,"3,2397674240144743",
2025-07-25T14:05:38.1833850+03:00,A70000000000000000000000,,1,"-63,5","865,7",Speedwayr-15-32-c2,"0,7792622402459057",
2025-07-25T14:05:38.1844960+03:00,A60000000000000000000000,,1,-65,"865,7",Speedwayr-15-32-c2,"6,258641614573416",
2025-07-25T14:05:38.1865290+03:00,A40000000000000000000000,,1,"-65,5","865,7",Speedwayr-15-32-c2,"3,706097583531709",
2025-07-25T14:05:38.2046460+03:00,A80000000000000000000000,,1,"-72,5","865,7",Speedwayr-15-32-c2,"4,595806440505381",
2025-07-25T14:05:38.2083840+03:00,A60000000000000000000000,,1,-64,"865,7",Speedwayr-15-32-c2,"6,2463697682703305",
2025-07-25T14:05:38.2113660+03:00,A20000000000000000000000,,1,"-58,5","865,7",Speedwayr-15-32-c2,"0,9203884727313847",
2025-07-25T14:05:38.2158580+03:00,A70000000000000000000000,,1,"-65,5","865,7",Speedwayr-15-32-c2,"0,7731263170943632",
2025-07-25T14:05:38.2245740+03:00,A30000000000000000000000,,1,"-61,5","865,7",Speedwayr-15-32-c2,"3,2459033471660166",
2025-07-25T14:05:38.2256020+03:00,A40000000000000000000000,,1,"-64,5","865,7",Speedwayr-15-32-c2,"3,56497135104623",
2025-07-25T14:05:38.2403430+03:00,A80000000000000000000000,,1,"-72,5","865,7",Speedwayr-15-32-c2,"4,390253014928705",
2025-07-25T14:05:38.2436020+03:00,A20000000000000000000000,,1,"-58,5","865,7",Speedwayr-15-32-c2,"1,043106935762236",
2025-07-25T14:05:38.2460980+03:00,A70000000000000000000000,,1,-63,"865,7",Speedwayr-15-32-c2,"0,8467573949128739",
2025-07-25T14:05:38.2474290+03:00,A80000000000000000000000,,1,"-69,5","865,7",Speedwayr-15-32-c2,"1,2517283229146832",
2025-07-25T14:05:38.2490080+03:00,A30000000000000000000000,,1,-62,"865,7",Speedwayr-15-32-c2,"3,3195344249845276",
2025-07-25T14:05:38.2522100+03:00,A60000000000000000000000,,1,-64,"865,7",Speedwayr-15-32-c2,"6,215690152512618",
2025-07-25T14:05:38.3761140+03:00,A70000000000000000000000,,1,-64,"865,7",Speedwayr-15-32-c2,"0,5276893910326605",
2025-07-25T14:05:38.3780640+03:00,A20000000000000000000000,,1,-58,"865,7",Speedwayr-15-32-c2,"0,8835729338221293",
2025-07-25T14:05:38.3793750+03:00,A40000000000000000000000,,1,-65,"865,7",Speedwayr-15-32-c2,"3,724505352986337",
2025-07-25T14:05:38.3818370+03:00,A30000000000000000000000,,1,-62,"865,7",Speedwayr-15-32-c2,"3,2765829629237295",
2025-07-25T14:05:38.3881580+03:00,A60000000000000000000000,,1,-64,"865,7",Speedwayr-15-32-c2,"6,191146459906448",
2025-07-25T14:05:38.4176450+03:00,A80000000000000000000000,,1,"-72,5","865,7",Speedwayr-15-32-c2,"4,289010282928253",
2025-07-25T14:05:38.4213670+03:00,A70000000000000000000000,,1,"-64,5","865,7",Speedwayr-15-32-c2,"0,7976700097005334",
2025-07-25T14:05:38.4243620+03:00,A30000000000000000000000,,1,-62,"865,7",Speedwayr-15-32-c2,"3,3624858870453256",
2025-07-25T14:05:38.4256730+03:00,A40000000000000000000000,,1,-65,"865,7",Speedwayr-15-32-c2,"4,000621894805752",
2025-07-25T14:05:38.4270710+03:00,A60000000000000000000000,,1,"-64,5","865,7",Speedwayr-15-32-c2,"6,2463697682703305",
2025-07-25T14:05:38.4284500+03:00,A20000000000000000000000,,1,-58,"865,7",Speedwayr-15-32-c2,"0,8651651643675016",
2025-07-25T14:05:38.4465220+03:00,A80000000000000000000000,,1,"-71,5","865,7",Speedwayr-15-32-c2,"1,2916118233997098",
2025-07-25T14:05:38.4511060+03:00,A30000000000000000000000,,1,"-60,5","865,7",Speedwayr-15-32-c2,"3,3747577333484107",
2025-07-25T14:05:38.4538190+03:00,A60000000000000000000000,,1,-64,"865,7",Speedwayr-15-32-c2,"6,252505691421874",
2025-07-25T14:05:38.4549480+03:00,A70000000000000000000000,,1,"-65,5","865,7",Speedwayr-15-32-c2,"0,6872233929727672",
2025-07-25T14:05:38.4565400+03:00,A20000000000000000000000,,1,"-57,5","865,7",Speedwayr-15-32-c2,"0,8283496254582462",
2025-07-25T14:05:38.4576370+03:00,A40000000000000000000000,,1,"-65,5","865,7",Speedwayr-15-32-c2,"3,6876898140770815",
2025-07-25T14:05:38.4816610+03:00,A80000000000000000000000,,1,"-71,5","865,7",Speedwayr-15-32-c2,"4,181631627776258",
2025-07-25T14:05:38.4861730+03:00,A20000000000000000000000,,1,"-58,5","865,7",Speedwayr-15-32-c2,"0,7363107781851077",
2025-07-25T14:05:38.4872290+03:00,A30000000000000000000000,,1,"-61,5","865,7",Speedwayr-15-32-c2,"3,380893656499953",
2025-07-25T14:05:38.4892950+03:00,A70000000000000000000000,,1,"-64,5","865,7",Speedwayr-15-32-c2,"0,6872233929727672",
2025-07-25T14:05:38.4911320+03:00,A60000000000000000000000,,1,"-61,5","865,7",Speedwayr-15-32-c2,"0,04295146206079795",
2025-07-25T14:05:38.4951720+03:00,A40000000000000000000000,,1,"-65,5","865,7",Speedwayr-15-32-c2,"3,77972866135022",
2025-07-25T14:05:38.5214180+03:00,A80000000000000000000000,,1,"-71,5","865,7",Speedwayr-15-32-c2,"4,221515128261284",
2025-07-25T14:05:38.5254670+03:00,A40000000000000000000000,,1,-65,"865,7",Speedwayr-15-32-c2,"3,9208548938356986",
2025-07-25T14:05:38.5282910+03:00,A30000000000000000000000,,1,"-62,5","865,7",Speedwayr-15-32-c2,"3,3011266555298997",
2025-07-25T14:05:38.5293890+03:00,A70000000000000000000000,,1,"-64,5","865,7",Speedwayr-15-32-c2,"0,6749515466696822",
2025-07-25T14:05:38.5316440+03:00,A20000000000000000000000,,1,"-58,5","865,7",Speedwayr-15-32-c2,"0,8160777791551611",
2025-07-25T14:05:38.5332530+03:00,A60000000000000000000000,,1,"-61,5","865,7",Speedwayr-15-32-c2,"6,240233845118788",
2025-07-25T14:05:38.5579260+03:00,A70000000000000000000000,,1,-65,"865,7",Speedwayr-15-32-c2,"0,7669903939428205",
2025-07-25T14:05:38.5604920+03:00,A60000000000000000000000,,1,-64,"865,7",Speedwayr-15-32-c2,"0,1227184630308513",
2025-07-25T14:05:38.5617890+03:00,A30000000000000000000000,,1,"-60,5","865,7",Speedwayr-15-32-c2,"3,380893656499953",
2025-07-25T14:05:38.5636500+03:00,A20000000000000000000000,,1,"-58,5","865,7",Speedwayr-15-32-c2,"0,7792622402459057",
2025-07-25T14:05:38.5653730+03:00,A40000000000000000000000,,1,-66,"865,7",Speedwayr-15-32-c2,"3,792000507653305",
2025-07-25T14:05:38.5804780+03:00,A40000000000000000000000,,1,-65,"865,7",Speedwayr-15-32-c2,"3,761320891895592",
2025-07-25T14:05:38.5824840+03:00,A30000000000000000000000,,1,"-60,5","865,7",Speedwayr-15-32-c2,"3,393165502803038",
2025-07-25T14:05:38.5850470+03:00,A20000000000000000000000,,1,"-58,5","865,7",Speedwayr-15-32-c2,"0,8344855486097889",
2025-07-25T14:05:38.5941490+03:00,A60000000000000000000000,,1,-63,"865,7",Speedwayr-15-32-c2,"6,2463697682703305",
2025-07-25T14:05:38.5957020+03:00,A70000000000000000000000,,1,-65,"865,7",Speedwayr-15-32-c2,"0,6749515466696822",
2025-07-25T14:05:38.6194300+03:00,A80000000000000000000000,,1,"-73,5","865,7",Speedwayr-15-32-c2,"1,162757437217316",
2025-07-25T14:05:38.6226620+03:00,A20000000000000000000000,,1,-59,"865,7",Speedwayr-15-32-c2,"0,8283496254582462",
2025-07-25T14:05:38.6269760+03:00,A30000000000000000000000,,1,"-62,5","865,7",Speedwayr-15-32-c2,"3,436116964863836",
2025-07-25T14:05:38.6281700+03:00,A70000000000000000000000,,1,"-63,5","865,7",Speedwayr-15-32-c2,"0,6749515466696822",
2025-07-25T14:05:38.6292690+03:00,A60000000000000000000000,,1,-63,"865,7",Speedwayr-15-32-c2,"0,02454369260617026",
2025-07-25T14:05:38.6305670+03:00,A40000000000000000000000,,1,-65,"865,7",Speedwayr-15-32-c2,"3,8410878928656453",
2025-07-25T14:05:38.6573420+03:00,A80000000000000000000000,,1,-71,"865,7",Speedwayr-15-32-c2,"4,172427743048944",
2025-07-25T14:05:38.6608290+03:00,A30000000000000000000000,,1,"-62,5","865,7",Speedwayr-15-32-c2,"3,448388811166921",
2025-07-25T14:05:38.6630570+03:00,A20000000000000000000000,,1,"-57,5","865,7",Speedwayr-15-32-c2,"0,7976700097005334",
2025-07-25T14:05:38.6646880+03:00,A60000000000000000000000,,1,"-63,5","865,7",Speedwayr-15-32-c2,"0,01227184630308513",
2025-07-25T14:05:38.6669740+03:00,A40000000000000000000000,,1,-66,"865,7",Speedwayr-15-32-c2,"4,0128937411088375",
2025-07-25T14:05:38.6687330+03:00,A70000000000000000000000,,1,"-64,5","865,7",Speedwayr-15-32-c2,"0,6688156235181395",
2025-07-25T14:05:38.6794190+03:00,A80000000000000000000000,,1,"-73,5","865,7",Speedwayr-15-32-c2,"1,0185632431560658",
2025-07-25T14:05:38.6889470+03:00,A60000000000000000000000,,1,"-62,5","865,7",Speedwayr-15-32-c2,"6,12365130523948",
2025-07-25T14:05:38.6900460+03:00,A20000000000000000000000,,1,-59,"865,7",Speedwayr-15-32-c2,"0,8713010875190442",
2025-07-25T14:05:38.6946250+03:00,A70000000000000000000000,,1,-64,"865,7",Speedwayr-15-32-c2,"0,619728238305799",
2025-07-25T14:05:38.6965600+03:00,A30000000000000000000000,,1,-62,"865,7",Speedwayr-15-32-c2,"3,4606606574700063",
2025-07-25T14:05:38.7195320+03:00,A70000000000000000000000,,1,-65,"865,7",Speedwayr-15-32-c2,"0,6688156235181395",
2025-07-25T14:05:38.7209330+03:00,A30000000000000000000000,,1,"-61,5","865,7",Speedwayr-15-32-c2,"3,423845118560751",
2025-07-25T14:05:38.7231160+03:00,A40000000000000000000000,,1,"-65,5","865,7",Speedwayr-15-32-c2,"3,890175278077986",
2025-07-25T14:05:38.7242160+03:00,A20000000000000000000000,,1,"-58,5","865,7",Speedwayr-15-32-c2,"0,9142525495798421",
2025-07-25T14:05:38.7258860+03:00,A60000000000000000000000,,1,"-63,5","865,7",Speedwayr-15-32-c2,"6,277049384028044",
2025-07-25T14:05:38.7593110+03:00,A80000000000000000000000,,1,"-73,5","865,7",Speedwayr-15-32-c2,"4,04357335686655",
2025-07-25T14:05:38.7656600+03:00,A70000000000000000000000,,1,-64,"865,7",Speedwayr-15-32-c2,"0,5522330836388308",
2025-07-25T14:05:38.7675800+03:00,A20000000000000000000000,,1,"-57,5","865,7",Speedwayr-15-32-c2,"0,7915340865489908",
2025-07-25T14:05:38.7698730+03:00,A30000000000000000000000,,1,-62,"865,7",Speedwayr-15-32-c2,"3,4913402732277192",
2025-07-25T14:05:38.7756140+03:00,A60000000000000000000000,,1,"-63,5","865,7",Speedwayr-15-32-c2,"0,04908738521234052",
2025-07-25T14:05:38.7768980+03:00,A40000000000000000000000,,1,"-65,5","865,7",Speedwayr-15-32-c2,"3,877903431774901",
2025-07-25T14:05:38.7992620+03:00,A40000000000000000000000,,1,-66,"865,7",Speedwayr-15-32-c2,"3,9638063558964967",
2025-07-25T14:05:38.8006200+03:00,A30000000000000000000000,,1,"-62,5","865,7",Speedwayr-15-32-c2,"3,6447383520162835",
2025-07-25T14:05:38.8016900+03:00,A20000000000000000000000,,1,-59,"865,7",Speedwayr-15-32-c2,"0,7669903939428205",
2025-07-25T14:05:38.8028180+03:00,A60000000000000000000000,,1,"-63,5","865,7",Speedwayr-15-32-c2,"6,22182607566416",
2025-07-25T14:05:38.8041260+03:00,A70000000000000000000000,,1,-64,"865,7",Speedwayr-15-32-c2,"0,5092816215780329",
2025-07-25T14:05:38.8497960+03:00,A30000000000000000000000,,1,"-62,5","865,7",Speedwayr-15-32-c2,"3,767456815047135",
2025-07-25T14:05:38.8527070+03:00,A20000000000000000000000,,1,-59,"865,7",Speedwayr-15-32-c2,"0,760854470791278",
2025-07-25T14:05:38.8558430+03:00,A40000000000000000000000,,1,-64,"865,7",Speedwayr-15-32-c2,"4,074252972624263",
2025-07-25T14:05:38.8569530+03:00,A70000000000000000000000,,1,-64,"865,7",Speedwayr-15-32-c2,"0,5399612373357456",
2025-07-25T14:05:38.8583480+03:00,A60000000000000000000000,,1,"-62,5","865,7",Speedwayr-15-32-c2,"6,1850105367549055",
2025-07-25T14:05:38.8701980+03:00,A80000000000000000000000,,1,"-73,5","865,7",Speedwayr-15-32-c2,"3,9914180100784384",
2025-07-25T14:05:38.8777530+03:00,A20000000000000000000000,,1,"-57,5","865,7",Speedwayr-15-32-c2,"0,7363107781851077",
2025-07-25T14:05:38.8793630+03:00,A40000000000000000000000,,1,"-65,5","865,7",Speedwayr-15-32-c2,"4,037437433715008",
2025-07-25T14:05:38.8809460+03:00,A70000000000000000000000,,1,-65,"865,7",Speedwayr-15-32-c2,"0,7179030087304801",
2025-07-25T14:05:38.8828730+03:00,A30000000000000000000000,,1,-63,"865,7",Speedwayr-15-32-c2,"3,472932503773092",
2025-07-25T14:05:38.8862140+03:00,A60000000000000000000000,,1,-63,"865,7",Speedwayr-15-32-c2,"6,191146459906448",
2025-07-25T14:05:38.9251580+03:00,A80000000000000000000000,,1,"-72,5","865,7",Speedwayr-15-32-c2,"3,9269908169872414",
2025-07-25T14:05:38.9285150+03:00,A70000000000000000000000,,1,"-65,5","865,7",Speedwayr-15-32-c2,"0,48473792897186263",
2025-07-25T14:05:38.9328500+03:00,A60000000000000000000000,,1,-63,"865,7",Speedwayr-15-32-c2,"6,234097921967246",
2025-07-25T14:05:38.9355380+03:00,A40000000000000000000000,,1,"-65,5","865,7",Speedwayr-15-32-c2,"3,9392626632903265",
2025-07-25T14:05:38.9373750+03:00,A20000000000000000000000,,1,-59,"865,7",Speedwayr-15-32-c2,"0,7792622402459057",
2025-07-25T14:05:38.9406870+03:00,A30000000000000000000000,,1,-62,"865,7",Speedwayr-15-32-c2,"3,6079228131070282",
2025-07-25T14:05:38.9606920+03:00,A30000000000000000000000,,1,"-62,5","865,7",Speedwayr-15-32-c2,"3,6324665057131984",
2025-07-25T14:05:38.9622370+03:00,A20000000000000000000000,,1,-58,"865,7",Speedwayr-15-32-c2,"0,7669903939428205",
2025-07-25T14:05:38.9644600+03:00,A60000000000000000000000,,1,"-63,5","865,7",Speedwayr-15-32-c2,"0,14112623248547898",
2025-07-25T14:05:38.9662480+03:00,A40000000000000000000000,,1,"-64,5","865,7",Speedwayr-15-32-c2,"4,0128937411088375",
2025-07-25T14:05:38.9688940+03:00,A70000000000000000000000,,1,-64,"865,7",Speedwayr-15-32-c2,"0,521553467881118",
2025-07-25T14:05:38.9880700+03:00,A80000000000000000000000,,1,"-73,5","865,7",Speedwayr-15-32-c2,"3,9392626632903265",
2025-07-25T14:05:38.9977190+03:00,A20000000000000000000000,,1,-59,"865,7",Speedwayr-15-32-c2,"0,8160777791551611",
2025-07-25T14:05:38.9994180+03:00,A30000000000000000000000,,1,"-62,5","865,7",Speedwayr-15-32-c2,"3,650874275167826",
2025-07-25T14:05:39.0007530+03:00,A40000000000000000000000,,1,"-64,5","865,7",Speedwayr-15-32-c2,"4,074252972624263",
2025-07-25T14:05:39.0019240+03:00,A60000000000000000000000,,1,"-63,5","865,7",Speedwayr-15-32-c2,"6,129787228391022",
2025-07-25T14:05:39.0032810+03:00,A70000000000000000000000,,1,-65,"865,7",Speedwayr-15-32-c2,"0,5829126993965437",
2025-07-25T14:05:39.0288200+03:00,A80000000000000000000000,,1,"-72,5","865,7",Speedwayr-15-32-c2,"3,868699547047587",
2025-07-25T14:05:39.0360560+03:00,A70000000000000000000000,,1,"-63,5","865,7",Speedwayr-15-32-c2,"0,4356505437595221",
2025-07-25T14:05:39.0386060+03:00,A60000000000000000000000,,1,-63,"865,7",Speedwayr-15-32-c2,"6,007068765360171",
2025-07-25T14:05:39.0407320+03:00,A30000000000000000000000,,1,"-62,5","865,7",Speedwayr-15-32-c2,"3,6386024288647407",
2025-07-25T14:05:39.0421010+03:00,A40000000000000000000000,,1,-65,"865,7",Speedwayr-15-32-c2,"4,061981126321178",
2025-07-25T14:05:39.0437390+03:00,A20000000000000000000000,,1,"-58,5","865,7",Speedwayr-15-32-c2,"0,8467573949128739",
2025-07-25T14:05:39.0732360+03:00,A30000000000000000000000,,1,-61,"865,7",Speedwayr-15-32-c2,"3,6079228131070282",
2025-07-25T14:05:39.0768230+03:00,A20000000000000000000000,,1,"-57,5","865,7",Speedwayr-15-32-c2,"0,859029241215959",
2025-07-25T14:05:39.0781760+03:00,A70000000000000000000000,,1,"-64,5","865,7",Speedwayr-15-32-c2,"0,5092816215780329",
2025-07-25T14:05:39.0792460+03:00,A40000000000000000000000,,1,"-65,5","865,7",Speedwayr-15-32-c2,"4,06811704947272",
2025-07-25T14:05:39.0814570+03:00,A60000000000000000000000,,1,-64,"865,7",Speedwayr-15-32-c2,"5,878214379177777",
2025-07-25T14:05:39.0983120+03:00,A80000000000000000000000,,1,"-73,5","865,7",Speedwayr-15-32-c2,"3,9269908169872414",
2025-07-25T14:05:39.1065660+03:00,A40000000000000000000000,,1,"-65,5","865,7",Speedwayr-15-32-c2,"4,270602513473625",
2025-07-25T14:05:39.1083440+03:00,A60000000000000000000000,,1,-64,"865,7",Speedwayr-15-32-c2,"5,988660995905543",
2025-07-25T14:05:39.1093700+03:00,A20000000000000000000000,,1,-59,"865,7",Speedwayr-15-32-c2,"0,8283496254582462",
2025-07-25T14:05:39.1104670+03:00,A70000000000000000000000,,1,-65,"865,7",Speedwayr-15-32-c2,"0,44178646691106466",
2025-07-25T14:05:39.1126500+03:00,A30000000000000000000000,,1,-62,"865,7",Speedwayr-15-32-c2,"3,773592738198677",
2025-07-25T14:05:39.1465480+03:00,A30000000000000000000000,,1,-62,"865,7",Speedwayr-15-32-c2,"3,730641276137879",
2025-07-25T14:05:39.1487430+03:00,A20000000000000000000000,,1,-59,"865,7",Speedwayr-15-32-c2,"0,8160777791551611",
2025-07-25T14:05:39.1499400+03:00,A60000000000000000000000,,1,"-64,5","865,7",Speedwayr-15-32-c2,"5,970253226450915",
2025-07-25T14:05:39.1518930+03:00,A70000000000000000000000,,1,-65,"865,7",Speedwayr-15-32-c2,"0,47860200582032003",
2025-07-25T14:05:39.1532750+03:00,A40000000000000000000000,,1,"-63,5","865,7",Speedwayr-15-32-c2,"4,0987966652304335",
2025-07-25T14:05:39.1667960+03:00,A20000000000000000000000,,1,-59,"865,7",Speedwayr-15-32-c2,"0,8528933180644165",
2025-07-25T14:05:39.1686810+03:00,A30000000000000000000000,,1,-63,"865,7",Speedwayr-15-32-c2,"3,785864584501762",
2025-07-25T14:05:39.1726480+03:00,A40000000000000000000000,,1,"-65,5","865,7",Speedwayr-15-32-c2,"4,196971435655114",
2025-07-25T14:05:39.1779830+03:00,A70000000000000000000000,,1,"-65,5","865,7",Speedwayr-15-32-c2,"0,4172427743048944",
2025-07-25T14:05:39.1800080+03:00,A60000000000000000000000,,1,-65,"865,7",Speedwayr-15-32-c2,"6,025476534814799",
2025-07-25T14:05:39.2113420+03:00,A60000000000000000000000,,1,"-63,5","865,7",Speedwayr-15-32-c2,"5,9088939949354895",
2025-07-25T14:05:39.2130530+03:00,A20000000000000000000000,,1,-59,"865,7",Speedwayr-15-32-c2,"0,8651651643675016",
2025-07-25T14:05:39.2177510+03:00,A40000000000000000000000,,1,"-65,5","865,7",Speedwayr-15-32-c2,"4,1601558967458585",
2025-07-25T14:05:39.2188780+03:00,A30000000000000000000000,,1,"-62,5","865,7",Speedwayr-15-32-c2,"3,8840393549264434",
2025-07-25T14:05:39.2203640+03:00,A70000000000000000000000,,1,-64,"865,7",Speedwayr-15-32-c2,"0,32520392703175593",
2025-07-25T14:05:39.2654790+03:00,A40000000000000000000000,,1,-63,"865,7",Speedwayr-15-32-c2,"4,154019973594316",
2025-07-25T14:05:39.2691010+03:00,A20000000000000000000000,,1,-59,"865,7",Speedwayr-15-32-c2,"0,859029241215959",
2025-07-25T14:05:39.2720090+03:00,A70000000000000000000000,,1,"-64,5","865,7",Speedwayr-15-32-c2,"0,34974761963792617",
2025-07-25T14:05:39.2737450+03:00,A60000000000000000000000,,1,"-63,5","865,7",Speedwayr-15-32-c2,"5,822991070813893",
2025-07-25T14:05:39.2785280+03:00,A30000000000000000000000,,1,-63,"865,7",Speedwayr-15-32-c2,"3,6692820446224537",
2025-07-25T14:05:39.2951750+03:00,A70000000000000000000000,,1,"-64,5","865,7",Speedwayr-15-32-c2,"0,2945243112740431",
2025-07-25T14:05:39.2984110+03:00,A60000000000000000000000,,1,"-63,5","865,7",Speedwayr-15-32-c2,"5,773903685601553",
2025-07-25T14:05:39.3001230+03:00,A30000000000000000000000,,1,"-61,5","865,7",Speedwayr-15-32-c2,"3,5833791205008576",
2025-07-25T14:05:39.3012050+03:00,A40000000000000000000000,,1,-65,"865,7",Speedwayr-15-32-c2,"4,945554060143307",
2025-07-25T14:05:39.3022860+03:00,A20000000000000000000000,,1,"-59,5","865,7",Speedwayr-15-32-c2,"0,8160777791551611",
2025-07-25T14:05:39.3378300+03:00,A70000000000000000000000,,1,-65,"865,7",Speedwayr-15-32-c2,"0,25770877236478773",
2025-07-25T14:05:39.3389660+03:00,A20000000000000000000000,,1,-58,"865,7",Speedwayr-15-32-c2,"0,8160777791551611",
2025-07-25T14:05:39.3402780+03:00,A40000000000000000000000,,1,"-65,5","865,7",Speedwayr-15-32-c2,"3,9392626632903265",
2025-07-25T14:05:39.3418980+03:00,A30000000000000000000000,,1,-63,"865,7",Speedwayr-15-32-c2,"3,6815538909255388",
2025-07-25T14:05:39.3442550+03:00,A60000000000000000000000,,1,-65,"865,7",Speedwayr-15-32-c2,"5,792311455056181",
2025-07-25T14:05:39.3634440+03:00,A20000000000000000000000,,1,"-59,5","865,7",Speedwayr-15-32-c2,"0,7485826244881929",
2025-07-25T14:05:39.3653260+03:00,A30000000000000000000000,,1,"-62,5","865,7",Speedwayr-15-32-c2,"3,7429131224409646",
2025-07-25T14:05:39.3682750+03:00,A70000000000000000000000,,1,-65,"865,7",Speedwayr-15-32-c2,"0,22089323345553233",
2025-07-25T14:05:39.3704360+03:00,A60000000000000000000000,,1,-65,"865,7",Speedwayr-15-32-c2,"5,9088939949354895",
2025-07-25T14:05:39.3715330+03:00,A40000000000000000000000,,1,-63,"865,7",Speedwayr-15-32-c2,"4,172427743048944",
2025-07-25T14:05:39.3836320+03:00,A40000000000000000000000,,1,"-63,5","865,7",Speedwayr-15-32-c2,"4,129476280988146",
2025-07-25T14:05:39.3849850+03:00,A30000000000000000000000,,1,-63,"865,7",Speedwayr-15-32-c2,"3,7551849687440497",
2025-07-25T14:05:39.3888360+03:00,A60000000000000000000000,,1,-64,"865,7",Speedwayr-15-32-c2,"6,086835766330224",
2025-07-25T14:05:39.3903130+03:00,A20000000000000000000000,,1,"-59,5","865,7",Speedwayr-15-32-c2,"0,8222137023067037",
2025-07-25T14:05:39.3955950+03:00,A70000000000000000000000,,1,"-64,5","865,7",Speedwayr-15-32-c2,"0,28225246497095796",
2025-07-25T14:05:39.4482640+03:00,A60000000000000000000000,,1,-64,"865,7",Speedwayr-15-32-c2,"5,816855147662351",
2025-07-25T14:05:39.4497410+03:00,A20000000000000000000000,,1,-58,"865,7",Speedwayr-15-32-c2,"0,7915340865489908",
2025-07-25T14:05:39.4514110+03:00,A30000000000000000000000,,1,"-61,5","865,7",Speedwayr-15-32-c2,"3,773592738198677",
2025-07-25T14:05:39.4556600+03:00,A70000000000000000000000,,1,-65,"865,7",Speedwayr-15-32-c2,"0,2761165418194154",
2025-07-25T14:05:39.4567570+03:00,A40000000000000000000000,,1,"-65,5","865,7",Speedwayr-15-32-c2,"4,037437433715008",
2025-07-25T14:05:39.4687450+03:00,A60000000000000000000000,,1,-64,"865,7",Speedwayr-15-32-c2,"5,872078456026235",
2025-07-25T14:05:39.4703250+03:00,A20000000000000000000000,,1,"-59,5","865,7",Speedwayr-15-32-c2,"0,7915340865489908",
2025-07-25T14:05:39.4771600+03:00,A40000000000000000000000,,1,"-63,5","865,7",Speedwayr-15-32-c2,"4,190835512503572",
2025-07-25T14:05:39.4784970+03:00,A30000000000000000000000,,1,-63,"865,7",Speedwayr-15-32-c2,"3,859495662320273",
2025-07-25T14:05:39.4799630+03:00,A70000000000000000000000,,1,"-64,5","865,7",Speedwayr-15-32-c2,"0,3374757733348411",
2025-07-25T14:05:39.5361900+03:00,A60000000000000000000000,,1,-64,"865,7",Speedwayr-15-32-c2,"5,921165841238575",
2025-07-25T14:05:39.5386230+03:00,A20000000000000000000000,,1,"-58,5","865,7",Speedwayr-15-32-c2,"0,7363107781851077",
2025-07-25T14:05:39.5397920+03:00,A30000000000000000000000,,1,-63,"865,7",Speedwayr-15-32-c2,"3,767456815047135",
2025-07-25T14:05:39.5413160+03:00,A40000000000000000000000,,1,-64,"865,7",Speedwayr-15-32-c2,"4,1417481272912315",
2025-07-25T14:05:39.5560820+03:00,A40000000000000000000000,,1,-65,"865,7",Speedwayr-15-32-c2,"4,221515128261284",
2025-07-25T14:05:39.5601680+03:00,A20000000000000000000000,,1,-58,"865,7",Speedwayr-15-32-c2,"0,8897088569736719",
2025-07-25T14:05:39.5643340+03:00,A30000000000000000000000,,1,-63,"865,7",Speedwayr-15-32-c2,"3,7429131224409646",
2025-07-25T14:05:39.5654010+03:00,A70000000000000000000000,,1,"-64,5","865,7",Speedwayr-15-32-c2,"0,44178646691106466",
2025-07-25T14:05:39.5703250+03:00,A60000000000000000000000,,1,-65,"865,7",Speedwayr-15-32-c2,"5,915029918087033",
2025-07-25T14:05:39.5883800+03:00,A80000000000000000000000,,1,-74,"865,7",Speedwayr-15-32-c2,"3,5711072741977725",
2025-07-25T14:05:39.5922950+03:00,A60000000000000000000000,,1,-64,"865,7",Speedwayr-15-32-c2,"5,9518454569962875",
2025-07-25T14:05:39.5949870+03:00,A30000000000000000000000,,1,-63,"865,7",Speedwayr-15-32-c2,"3,718369429834794",
2025-07-25T14:05:39.5964380+03:00,A20000000000000000000000,,1,"-58,5","865,7",Speedwayr-15-32-c2,"0,7485826244881929",
2025-07-25T14:05:39.5983850+03:00,A40000000000000000000000,,1,-65,"865,7",Speedwayr-15-32-c2,"4,2031073588066565",
2025-07-25T14:05:39.5994390+03:00,A70000000000000000000000,,1,"-65,5","865,7",Speedwayr-15-32-c2,"0,3129320807286708",
2025-07-25T14:05:39.6256190+03:00,A70000000000000000000000,,1,-65,"865,7",Speedwayr-15-32-c2,"0,4295146206079795",
2025-07-25T14:05:39.6291010+03:00,A40000000000000000000000,,1,"-64,5","865,7",Speedwayr-15-32-c2,"4,06811704947272",
2025-07-25T14:05:39.6306390+03:00,A20000000000000000000000,,1,-59,"865,7",Speedwayr-15-32-c2,"0,7485826244881929",
2025-07-25T14:05:39.6317390+03:00,A60000000000000000000000,,1,-64,"865,7",Speedwayr-15-32-c2,"6,191146459906448",
2025-07-25T14:05:39.6341710+03:00,A30000000000000000000000,,1,"-62,5","865,7",Speedwayr-15-32-c2,"3,7122335066832517",
2025-07-25T14:05:39.6623480+03:00,A80000000000000000000000,,1,"-72,5","865,7",Speedwayr-15-32-c2,"0,3773592738198677",
2025-07-25T14:05:39.6672320+03:00,A30000000000000000000000,,1,"-62,5","865,7",Speedwayr-15-32-c2,"3,5956509668039427",
2025-07-25T14:05:39.6686160+03:00,A60000000000000000000000,,1,-64,"865,7",Speedwayr-15-32-c2,"5,835262917116979",
2025-07-25T14:05:39.6699910+03:00,A20000000000000000000000,,1,"-58,5","865,7",Speedwayr-15-32-c2,"0,803805932852076",
2025-07-25T14:05:39.6747390+03:00,A40000000000000000000000,,1,-65,"865,7",Speedwayr-15-32-c2,"3,865631585471816",
2025-07-25T14:05:39.6758650+03:00,A70000000000000000000000,,1,-65,"865,7",Speedwayr-15-32-c2,"0,4356505437595221",
2025-07-25T14:05:39.6909280+03:00,A40000000000000000000000,,1,"-66,5","865,7",Speedwayr-15-32-c2,"4,129476280988146",
2025-07-25T14:05:39.6933490+03:00,A20000000000000000000000,,1,-58,"865,7",Speedwayr-15-32-c2,"0,7547185476397354",
2025-07-25T14:05:39.6960340+03:00,A30000000000000000000000,,1,"-62,5","865,7",Speedwayr-15-32-c2,"3,650874275167826",
2025-07-25T14:05:39.7002670+03:00,A60000000000000000000000,,1,-64,"865,7",Speedwayr-15-32-c2,"6,007068765360171",
2025-07-25T14:05:39.7024910+03:00,A70000000000000000000000,,1,-65,"865,7",Speedwayr-15-32-c2,"0,4540583132141498",
2025-07-25T14:05:39.7205680+03:00,A80000000000000000000000,,1,"-73,5","865,7",Speedwayr-15-32-c2,"0,6105243535784852",
2025-07-25T14:05:39.7257490+03:00,A30000000000000000000000,,1,-63,"865,7",Speedwayr-15-32-c2,"3,6692820446224537",
2025-07-25T14:05:39.7279420+03:00,A40000000000000000000000,,1,"-65,5","865,7",Speedwayr-15-32-c2,"4,025165587411922",
2025-07-25T14:05:39.7357400+03:00,A70000000000000000000000,,1,-64,"865,7",Speedwayr-15-32-c2,"0,4479223900626072",
2025-07-25T14:05:39.7367980+03:00,A20000000000000000000000,,1,-59,"865,7",Speedwayr-15-32-c2,"0,9081166264282996",
2025-07-25T14:05:39.7380820+03:00,A60000000000000000000000,,1,"-64,5","865,7",Speedwayr-15-32-c2,"5,9518454569962875",
2025-07-25T14:05:39.7565190+03:00,A40000000000000000000000,,1,-65,"865,7",Speedwayr-15-32-c2,"4,04357335686655",
2025-07-25T14:05:39.7589590+03:00,A30000000000000000000000,,1,"-62,5","865,7",Speedwayr-15-32-c2,"3,6324665057131984",
2025-07-25T14:05:39.7625360+03:00,A60000000000000000000000,,1,-64,"865,7",Speedwayr-15-32-c2,"6,068427996875596",
2025-07-25T14:05:39.7638460+03:00,A20000000000000000000000,,1,"-58,5","865,7",Speedwayr-15-32-c2,"0,8406214717613314",
2025-07-25T14:05:39.7652990+03:00,A70000000000000000000000,,1,-63,"865,7",Speedwayr-15-32-c2,"0,4295146206079795",
2025-07-25T14:05:39.7802200+03:00,A80000000000000000000000,,1,-74,"865,7",Speedwayr-15-32-c2,"0,6504078540635119",
2025-07-25T14:05:39.7851460+03:00,A20000000000000000000000,,1,-59,"865,7",Speedwayr-15-32-c2,"0,6872233929727672",
2025-07-25T14:05:39.7885170+03:00,A70000000000000000000000,,1,"-63,5","865,7",Speedwayr-15-32-c2,"0,37429131224409645",
2025-07-25T14:05:39.7896060+03:00,A60000000000000000000000,,1,"-65,5","865,7",Speedwayr-15-32-c2,"6,043884304269426",
2025-07-25T14:05:39.7911090+03:00,A30000000000000000000000,,1,"-61,5","865,7",Speedwayr-15-32-c2,"3,6815538909255388",
2025-07-25T14:05:39.8353540+03:00,A30000000000000000000000,,1,"-62,5","865,7",Speedwayr-15-32-c2,"3,693825737228624",
2025-07-25T14:05:39.8389660+03:00,A40000000000000000000000,,1,-64,"865,7",Speedwayr-15-32-c2,"4,025165587411922",
2025-07-25T14:05:39.8402770+03:00,A20000000000000000000000,,1,-59,"865,7",Speedwayr-15-32-c2,"0,8283496254582462",
2025-07-25T14:05:39.8480010+03:00,A60000000000000000000000,,1,-64,"865,7",Speedwayr-15-32-c2,"6,068427996875596",
2025-07-25T14:05:39.8490560+03:00,A70000000000000000000000,,1,-64,"865,7",Speedwayr-15-32-c2,"0,5031456984264903",
2025-07-25T14:05:39.8646870+03:00,A60000000000000000000000,,1,-65,"865,7",Speedwayr-15-32-c2,"6,007068765360171",
2025-07-25T14:05:39.8672230+03:00,A20000000000000000000000,,1,-58,"865,7",Speedwayr-15-32-c2,"0,8651651643675016",
2025-07-25T14:05:39.8692450+03:00,A40000000000000000000000,,1,-65,"865,7",Speedwayr-15-32-c2,"3,902447124381071",
2025-07-25T14:05:39.8729450+03:00,A70000000000000000000000,,1,-64,"865,7",Speedwayr-15-32-c2,"0,5031456984264903",
2025-07-25T14:05:39.8977470+03:00,A20000000000000000000000,,1,-59,"865,7",Speedwayr-15-32-c2,"0,8651651643675016",
2025-07-25T14:05:39.8988480+03:00,A30000000000000000000000,,1,"-62,5","865,7",Speedwayr-15-32-c2,"3,6570101983193686",
2025-07-25T14:05:39.8999030+03:00,A40000000000000000000000,,1,"-65,5","865,7",Speedwayr-15-32-c2,"3,9944859716542096",
2025-07-25T14:05:39.9028190+03:00,A60000000000000000000000,,1,"-63,5","865,7",Speedwayr-15-32-c2,"6,111379458936394",
2025-07-25T14:05:39.9292080+03:00,A20000000000000000000000,,1,"-57,5","865,7",Speedwayr-15-32-c2,"0,9081166264282996",
2025-07-25T14:05:39.9302760+03:00,A30000000000000000000000,,1,"-62,5","865,7",Speedwayr-15-32-c2,"3,6876898140770815",
2025-07-25T14:05:39.9325170+03:00,A60000000000000000000000,,1,"-64,5","865,7",Speedwayr-15-32-c2,"6,1420590746941075",
2025-07-25T14:05:39.9362330+03:00,A70000000000000000000000,,1,-65,"865,7",Speedwayr-15-32-c2,"0,7240389318820226",
2025-07-25T14:05:39.9781220+03:00,A30000000000000000000000,,1,-62,"865,7",Speedwayr-15-32-c2,"3,730641276137879",
2025-07-25T14:05:39.9836240+03:00,A20000000000000000000000,,1,"-58,5","865,7",Speedwayr-15-32-c2,"0,9142525495798421",
2025-07-25T14:05:39.9865550+03:00,A60000000000000000000000,,1,"-65,5","865,7",Speedwayr-15-32-c2,"5,964117303299373",
2025-07-25T14:05:39.9876670+03:00,A70000000000000000000000,,1,-65,"865,7",Speedwayr-15-32-c2,"0,6320000846088841",
2025-07-25T14:05:39.9926350+03:00,A40000000000000000000000,,1,-65,"865,7",Speedwayr-15-32-c2,"4,086524818927348",
2025-07-25T14:05:40.0202320+03:00,A80000000000000000000000,,1,"-73,5","865,7",Speedwayr-15-32-c2,"0,7148350471547088",
2025-07-25T14:05:40.0276720+03:00,A30000000000000000000000,,1,"-62,5","865,7",Speedwayr-15-32-c2,"3,785864584501762",
2025-07-25T14:05:40.0290550+03:00,A20000000000000000000000,,1,-59,"865,7",Speedwayr-15-32-c2,"0,9081166264282996",
2025-07-25T14:05:40.0312230+03:00,A40000000000000000000000,,1,"-65,5","865,7",Speedwayr-15-32-c2,"4,086524818927348",
2025-07-25T14:05:40.0335440+03:00,A60000000000000000000000,,1,-64,"865,7",Speedwayr-15-32-c2,"6,129787228391022",
2025-07-25T14:05:40.0352980+03:00,A70000000000000000000000,,1,-64,"865,7",Speedwayr-15-32-c2,"0,4970097752749477",
2025-07-25T14:05:40.0580070+03:00,A20000000000000000000000,,1,"-57,5","865,7",Speedwayr-15-32-c2,"0,9265243958829272",
2025-07-25T14:05:40.0602460+03:00,A60000000000000000000000,,1,"-63,5","865,7",Speedwayr-15-32-c2,"0,018407769454627694",
2025-07-25T14:05:40.0662790+03:00,A70000000000000000000000,,1,-65,"865,7",Speedwayr-15-32-c2,"0,607456392002714",
2025-07-25T14:05:40.0673370+03:00,A30000000000000000000000,,1,"-62,5","865,7",Speedwayr-15-32-c2,"3,6263305825616556",
2025-07-25T14:05:40.0684620+03:00,A40000000000000000000000,,1,"-65,5","865,7",Speedwayr-15-32-c2,"4,104932588381976",
2025-07-25T14:05:40.0895770+03:00,A80000000000000000000000,,1,-74,"865,7",Speedwayr-15-32-c2,"4,006757817957295",
2025-07-25T14:05:40.0944000+03:00,A60000000000000000000000,,1,-65,"865,7",Speedwayr-15-32-c2,"6,2034183062095325",
2025-07-25T14:05:40.0965690+03:00,A70000000000000000000000,,1,"-65,5","865,7",Speedwayr-15-32-c2,"0,5522330836388308",
2025-07-25T14:05:40.0983160+03:00,A30000000000000000000000,,1,"-62,5","865,7",Speedwayr-15-32-c2,"3,767456815047135",
2025-07-25T14:05:40.0994130+03:00,A20000000000000000000000,,1,"-58,5","865,7",Speedwayr-15-32-c2,"0,9694758579437253",
2025-07-25T14:05:40.1007990+03:00,A40000000000000000000000,,1,"-65,5","865,7",Speedwayr-15-32-c2,"4,086524818927348",
2025-07-25T14:05:40.1205040+03:00,A20000000000000000000000,,1,"-58,5","865,7",Speedwayr-15-32-c2,"0,9203884727313847",
2025-07-25T14:05:40.1217330+03:00,A40000000000000000000000,,1,-64,"865,7",Speedwayr-15-32-c2,"4,1172044346850605",
2025-07-25T14:05:40.1228350+03:00,A30000000000000000000000,,1,-62,"865,7",Speedwayr-15-32-c2,"3,7429131224409646",
2025-07-25T14:05:40.1255520+03:00,A70000000000000000000000,,1,-64,"865,7",Speedwayr-15-32-c2,"0,6442719309119693",
2025-07-25T14:05:40.1266920+03:00,A60000000000000000000000,,1,-65,"865,7",Speedwayr-15-32-c2,"6,277049384028044",
2025-07-25T14:05:40.1396280+03:00,A70000000000000000000000,,1,-65,"865,7",Speedwayr-15-32-c2,"0,6013204688511713",
2025-07-25T14:05:40.1428320+03:00,A20000000000000000000000,,1,-57,"865,7",Speedwayr-15-32-c2,"0,9387962421860124",
2025-07-25T14:05:40.1447830+03:00,A40000000000000000000000,,1,"-65,5","865,7",Speedwayr-15-32-c2,"3,9944859716542096",
2025-07-25T14:05:40.1471620+03:00,A60000000000000000000000,,1,-64,"865,7",Speedwayr-15-32-c2,"6,240233845118788",
2025-07-25T14:05:40.1482460+03:00,A30000000000000000000000,,1,"-61,5","865,7",Speedwayr-15-32-c2,"3,8288160465625602",
2025-07-25T14:05:40.1775310+03:00,A20000000000000000000000,,1,"-58,5","865,7",Speedwayr-15-32-c2,"1,000155473701438",
2025-07-25T14:05:40.1786590+03:00,A60000000000000000000000,,1,-64,"865,7",Speedwayr-15-32-c2,"0,07363107781851078",
2025-07-25T14:05:40.1817280+03:00,A40000000000000000000000,,1,-66,"865,7",Speedwayr-15-32-c2,"3,810408277107933",
2025-07-25T14:05:40.1886030+03:00,A70000000000000000000000,,1,"-65,5","865,7",Speedwayr-15-32-c2,"0,7025632008516236",
2025-07-25T14:05:40.1933500+03:00,A30000000000000000000000,,1,-62,"865,7",Speedwayr-15-32-c2,"0,7332428166093364",
2025-07-25T14:05:40.2042180+03:00,A20000000000000000000000,,1,"-57,5","865,7",Speedwayr-15-32-c2,"0,9817477042468103",
2025-07-25T14:05:40.2056590+03:00,A40000000000000000000000,,1,-65,"865,7",Speedwayr-15-32-c2,"4,049709280018092",
2025-07-25T14:05:40.2069870+03:00,A30000000000000000000000,,1,-62,"865,7",Speedwayr-15-32-c2,"4,381049130201391",
2025-07-25T14:05:40.2094740+03:00,A70000000000000000000000,,1,-66,"865,7",Speedwayr-15-32-c2,"0,6013204688511713",
2025-07-25T14:05:40.2125600+03:00,A60000000000000000000000,,1,"-64,5","865,7",Speedwayr-15-32-c2,"6,2463697682703305",
2025-07-25T14:05:40.2484540+03:00,A20000000000000000000000,,1,-58,"865,7",Speedwayr-15-32-c2,"1,012427320004523",
2025-07-25T14:05:40.2506320+03:00,A30000000000000000000000,,1,"-61,5","865,7",Speedwayr-15-32-c2,"3,8840393549264434",
2025-07-25T14:05:40.2654390+03:00,A60000000000000000000000,,1,-65,"865,7",Speedwayr-15-32-c2,"0,015339807878856412",
2025-07-25T14:05:40.2670670+03:00,A70000000000000000000000,,1,-65,"865,7",Speedwayr-15-32-c2,"0,7148350471547088",
2025-07-25T14:05:40.2686610+03:00,A40000000000000000000000,,1,"-65,5","865,7",Speedwayr-15-32-c2,"0,9510680884890975",
2025-07-25T14:05:40.2759170+03:00,A70000000000000000000000,,1,-65,"865,7",Speedwayr-15-32-c2,"0,7731263170943632",
2025-07-25T14:05:40.2780380+03:00,A20000000000000000000000,,1,-58,"865,7",Speedwayr-15-32-c2,"1,0369710126106935",
2025-07-25T14:05:40.2811160+03:00,A60000000000000000000000,,1,"-64,5","865,7",Speedwayr-15-32-c2,"0,2761165418194154",
2025-07-25T14:05:40.2827070+03:00,A30000000000000000000000,,1,-62,"865,7",Speedwayr-15-32-c2,"3,933126740138784",
2025-07-25T14:05:40.2839470+03:00,A40000000000000000000000,,1,"-66,5","865,7",Speedwayr-15-32-c2,"3,847223816017188",
2025-07-25T14:05:40.2965520+03:00,A20000000000000000000000,,1,-58,"865,7",Speedwayr-15-32-c2,"1,0615147052168636",
2025-07-25T14:05:40.2982140+03:00,A60000000000000000000000,,1,-64,"865,7",Speedwayr-15-32-c2,"0,2638446955163303",
2025-07-25T14:05:40.3012870+03:00,A70000000000000000000000,,1,-65,"865,7",Speedwayr-15-32-c2,"0,7731263170943632",
2025-07-25T14:05:40.3035320+03:00,A30000000000000000000000,,1,"-61,5","865,7",Speedwayr-15-32-c2,"3,9453985864418692",
2025-07-25T14:05:40.3092310+03:00,A40000000000000000000000,,1,"-65,5","865,7",Speedwayr-15-32-c2,"4,031301510563465",
2025-07-25T14:05:40.3473240+03:00,A80000000000000000000000,,1,"-72,5","865,7",Speedwayr-15-32-c2,"4,01902966426038",
2025-07-25T14:05:40.3526950+03:00,A20000000000000000000000,,1,-57,"865,7",Speedwayr-15-32-c2,"1,030835089459151",
2025-07-25T14:05:40.3564800+03:00,A30000000000000000000000,,1,-62,"865,7",Speedwayr-15-32-c2,"3,9515345095934116",
2025-07-25T14:05:40.3584690+03:00,A70000000000000000000000,,1,-63,"865,7",Speedwayr-15-32-c2,"0,9203884727313847",
2025-07-25T14:05:40.3595830+03:00,A40000000000000000000000,,1,"-66,5","865,7",Speedwayr-15-32-c2,"3,9699422790480394",
2025-07-25T14:05:40.3609660+03:00,A60000000000000000000000,,1,"-62,5","865,7",Speedwayr-15-32-c2,"0,32520392703175593",
2025-07-25T14:05:40.4050140+03:00,A70000000000000000000000,,1,-64,"865,7",Speedwayr-15-32-c2,"1,3744467859455345",
2025-07-25T14:05:40.4069780+03:00,A20000000000000000000000,,1,"-57,5","865,7",Speedwayr-15-32-c2,"1,1658253987930873",
2025-07-25T14:05:40.4082170+03:00,A40000000000000000000000,,1,-66,"865,7",Speedwayr-15-32-c2,"3,9638063558964967",
2025-07-25T14:05:40.4093460+03:00,A60000000000000000000000,,1,"-65,5","865,7",Speedwayr-15-32-c2,"0,37429131224409645",
2025-07-25T14:05:40.4104470+03:00,A30000000000000000000000,,1,-62,"865,7",Speedwayr-15-32-c2,"3,9453985864418692",
2025-07-25T14:05:40.4271160+03:00,A60000000000000000000000,,1,"-65,5","865,7",Speedwayr-15-32-c2,"0,521553467881118",
2025-07-25T14:05:40.4309070+03:00,A30000000000000000000000,,1,-62,"865,7",Speedwayr-15-32-c2,"4,0128937411088375",
2025-07-25T14:05:40.4326840+03:00,A70000000000000000000000,,1,"-63,5","865,7",Speedwayr-15-32-c2,"1,055378782065321",
2025-07-25T14:05:40.4340460+03:00,A20000000000000000000000,,1,-56,"865,7",Speedwayr-15-32-c2,"1,1474176293384597",
2025-07-25T14:05:40.4374040+03:00,A40000000000000000000000,,1,"-65,5","865,7",Speedwayr-15-32-c2,"3,9638063558964967",
2025-07-25T14:05:40.4613770+03:00,A80000000000000000000000,,1,"-73,5","865,7",Speedwayr-15-32-c2,"4,328893783413279",
2025-07-25T14:05:40.4671350+03:00,A20000000000000000000000,,1,"-57,5","865,7",Speedwayr-15-32-c2,"1,1596894756415448",
2025-07-25T14:05:40.4686620+03:00,A60000000000000000000000,,1,-64,"865,7",Speedwayr-15-32-c2,"0,5829126993965437",
2025-07-25T14:05:40.4729720+03:00,A70000000000000000000000,,1,"-64,5","865,7",Speedwayr-15-32-c2,"1,141281706186917",
2025-07-25T14:05:40.5054510+03:00,A80000000000000000000000,,1,-72,"865,7",Speedwayr-15-32-c2,"4,359573399170992",
2025-07-25T14:05:40.5111380+03:00,A60000000000000000000000,,1,-65,"865,7",Speedwayr-15-32-c2,"0,6013204688511713",
2025-07-25T14:05:40.5125950+03:00,A20000000000000000000000,,1,"-57,5","865,7",Speedwayr-15-32-c2,"1,2333205534600555",
2025-07-25T14:05:40.5148500+03:00,A30000000000000000000000,,1,"-61,5","865,7",Speedwayr-15-32-c2,"4,025165587411922",
2025-07-25T14:05:40.5177540+03:00,A70000000000000000000000,,1,-65,"865,7",Speedwayr-15-32-c2,"1,1228739367322893",
2025-07-25T14:05:40.5202060+03:00,A40000000000000000000000,,1,"-66,5","865,7",Speedwayr-15-32-c2,"3,9515345095934116",
2025-07-25T14:05:40.5289780+03:00,A80000000000000000000000,,1,"-73,5","865,7",Speedwayr-15-32-c2,"4,479223900626073",
2025-07-25T14:05:40.5394250+03:00,A70000000000000000000000,,1,"-63,5","865,7",Speedwayr-15-32-c2,"1,0615147052168636",
2025-07-25T14:05:40.5427130+03:00,A30000000000000000000000,,1,-61,"865,7",Speedwayr-15-32-c2,"4,037437433715008",
2025-07-25T14:05:40.5438830+03:00,A20000000000000000000000,,1,"-57,5","865,7",Speedwayr-15-32-c2,"1,3314953238847365",
2025-07-25T14:05:40.5470000+03:00,A40000000000000000000000,,1,-66,"865,7",Speedwayr-15-32-c2,"3,902447124381071",
2025-07-25T14:05:40.5484830+03:00,A60000000000000000000000,,1,-63,"865,7",Speedwayr-15-32-c2,"0,6749515466696822",
2025-07-25T14:05:40.5745200+03:00,A70000000000000000000000,,1,"-64,5","865,7",Speedwayr-15-32-c2,"1,184233168247715",
2025-07-25T14:05:40.5788290+03:00,A40000000000000000000000,,1,-66,"865,7",Speedwayr-15-32-c2,"3,9453985864418692",
2025-07-25T14:05:40.5799110+03:00,A20000000000000000000000,,1,"-56,5","865,7",Speedwayr-15-32-c2,"1,1780972450961724",
2025-07-25T14:05:40.5816640+03:00,A30000000000000000000000,,1,"-61,5","865,7",Speedwayr-15-32-c2,"4,000621894805752",
2025-07-25T14:05:40.5839780+03:00,A60000000000000000000000,,1,"-63,5","865,7",Speedwayr-15-32-c2,"0,705631162427395",
2025-07-25T14:05:40.5979140+03:00,A20000000000000000000000,,1,"-57,5","865,7",Speedwayr-15-32-c2,"1,2087768608538851",
2025-07-25T14:05:40.6013520+03:00,A40000000000000000000000,,1,"-66,5","865,7",Speedwayr-15-32-c2,"3,9638063558964967",
2025-07-25T14:05:40.6029510+03:00,A60000000000000000000000,,1,-63,"865,7",Speedwayr-15-32-c2,"0,9878836273983529",
2025-07-25T14:05:40.6039780+03:00,A30000000000000000000000,,1,-61,"865,7",Speedwayr-15-32-c2,"3,9944859716542096",
2025-07-25T14:05:40.6050600+03:00,A70000000000000000000000,,1,"-64,5","865,7",Speedwayr-15-32-c2,"1,1903690913992575",
2025-07-25T14:05:40.6313780+03:00,A80000000000000000000000,,1,"-73,5","865,7",Speedwayr-15-32-c2,"4,40252486123179",
2025-07-25T14:05:40.6369170+03:00,A30000000000000000000000,,1,-61,"865,7",Speedwayr-15-32-c2,"3,9760782021995817",
2025-07-25T14:05:40.6394100+03:00,A20000000000000000000000,,1,"-56,5","865,7",Speedwayr-15-32-c2,"1,2333205534600555",
2025-07-25T14:05:40.6415480+03:00,A70000000000000000000000,,1,"-64,5","865,7",Speedwayr-15-32-c2,"1,1965050145508",
2025-07-25T14:05:40.6437770+03:00,A60000000000000000000000,,1,"-61,5","865,7",Speedwayr-15-32-c2,"0,7915340865489908",
2025-07-25T14:05:40.6454820+03:00,A40000000000000000000000,,1,"-66,5","865,7",Speedwayr-15-32-c2,"4,031301510563465",
2025-07-25T14:05:40.6658310+03:00,A80000000000000000000000,,1,"-72,5","865,7",Speedwayr-15-32-c2,"4,681709364626977",
2025-07-25T14:05:40.6714580+03:00,A70000000000000000000000,,1,-64,"865,7",Speedwayr-15-32-c2,"1,282407938672396",
2025-07-25T14:05:40.6773660+03:00,A20000000000000000000000,,1,"-56,5","865,7",Speedwayr-15-32-c2,"1,2026409377023426",
2025-07-25T14:05:40.6787660+03:00,A30000000000000000000000,,1,-62,"865,7",Speedwayr-15-32-c2,"4,04357335686655",
2025-07-25T14:05:40.6806860+03:00,A60000000000000000000000,,1,-65,"865,7",Speedwayr-15-32-c2,"0,859029241215959",
2025-07-25T14:05:40.6988460+03:00,A80000000000000000000000,,1,-73,"865,7",Speedwayr-15-32-c2,"4,6878452877785195",
2025-07-25T14:05:40.7042000+03:00,A20000000000000000000000,,1,"-56,5","865,7",Speedwayr-15-32-c2,"1,2087768608538851",
2025-07-25T14:05:40.7075070+03:00,A40000000000000000000000,,1,"-66,5","865,7",Speedwayr-15-32-c2,"3,7551849687440497",
2025-07-25T14:05:40.7086350+03:00,A30000000000000000000000,,1,-61,"865,7",Speedwayr-15-32-c2,"3,988350048502667",
2025-07-25T14:05:40.7100180+03:00,A70000000000000000000000,,1,"-64,5","865,7",Speedwayr-15-32-c2,"1,2517283229146832",
2025-07-25T14:05:40.7118420+03:00,A60000000000000000000000,,1,"-64,5","865,7",Speedwayr-15-32-c2,"0,8835729338221293",
2025-07-25T14:05:40.7302740+03:00,A80000000000000000000000,,1,-73,"865,7",Speedwayr-15-32-c2,"4,651029748869264",
2025-07-25T14:05:40.7403790+03:00,A60000000000000000000000,,1,"-64,5","865,7",Speedwayr-15-32-c2,"0,8958447801252144",
2025-07-25T14:05:40.7418360+03:00,A20000000000000000000000,,1,"-57,5","865,7",Speedwayr-15-32-c2,"1,2026409377023426",
2025-07-25T14:05:40.7439600+03:00,A40000000000000000000000,,1,"-63,5","865,7",Speedwayr-15-32-c2,"3,693825737228624",
2025-07-25T14:05:40.7461570+03:00,A70000000000000000000000,,1,"-64,5","865,7",Speedwayr-15-32-c2,"1,3621749396424494",
2025-07-25T14:05:40.7472580+03:00,A30000000000000000000000,,1,-62,"865,7",Speedwayr-15-32-c2,"3,859495662320273",
2025-07-25T14:05:40.7652350+03:00,A80000000000000000000000,,1,-71,"865,7",Speedwayr-15-32-c2,"4,660233633596578",
2025-07-25T14:05:40.7712740+03:00,A60000000000000000000000,,1,-64,"865,7",Speedwayr-15-32-c2,"0,8406214717613314",
2025-07-25T14:05:40.7727860+03:00,A20000000000000000000000,,1,-58,"865,7",Speedwayr-15-32-c2,"1,214912784005428",
2025-07-25T14:05:40.7757370+03:00,A30000000000000000000000,,1,"-61,5","865,7",Speedwayr-15-32-c2,"4,049709280018092",
2025-07-25T14:05:40.7792810+03:00,A40000000000000000000000,,1,-66,"865,7",Speedwayr-15-32-c2,"3,215223731408304",
2025-07-25T14:05:40.7805890+03:00,A70000000000000000000000,,1,"-64,5","865,7",Speedwayr-15-32-c2,"1,3008157081270237",
2025-07-25T14:05:40.8013400+03:00,A80000000000000000000000,,1,"-72,5","865,7",Speedwayr-15-32-c2,"4,595806440505381",
2025-07-25T14:05:40.8087630+03:00,A20000000000000000000000,,1,"-56,5","865,7",Speedwayr-15-32-c2,"1,2026409377023426",
2025-07-25T14:05:40.8121250+03:00,A70000000000000000000000,,1,"-64,5","865,7",Speedwayr-15-32-c2,"1,3192234775816514",
2025-07-25T14:05:40.8152770+03:00,A30000000000000000000000,,1,-62,"865,7",Speedwayr-15-32-c2,"4,086524818927348",
2025-07-25T14:05:40.8194630+03:00,A60000000000000000000000,,1,"-63,5","865,7",Speedwayr-15-32-c2,"0,9756117810952678",
2025-07-25T14:05:40.8209050+03:00,A40000000000000000000000,,1,"-65,5","865,7",Speedwayr-15-32-c2,"3,718369429834794",
2025-07-25T14:05:40.8569490+03:00,A60000000000000000000000,,1,-63,"865,7",Speedwayr-15-32-c2,"0,8406214717613314",
2025-07-25T14:05:40.8586740+03:00,A20000000000000000000000,,1,"-57,5","865,7",Speedwayr-15-32-c2,"1,2455923997631406",
2025-07-25T14:05:40.8611570+03:00,A30000000000000000000000,,1,-62,"865,7",Speedwayr-15-32-c2,"4,037437433715008",
2025-07-25T14:05:40.8625150+03:00,A70000000000000000000000,,1,"-62,5","865,7",Speedwayr-15-32-c2,"1,4173982480063325",
2025-07-25T14:05:40.8860580+03:00,A80000000000000000000000,,1,"-71,5","865,7",Speedwayr-15-32-c2,"4,733864711415088",
2025-07-25T14:05:40.8960510+03:00,A70000000000000000000000,,1,"-62,5","865,7",Speedwayr-15-32-c2,"1,3867186322486196",
2025-07-25T14:05:40.8975760+03:00,A60000000000000000000000,,1,"-64,5","865,7",Speedwayr-15-32-c2,"0,8713010875190442",
2025-07-25T14:05:40.8986600+03:00,A20000000000000000000000,,1,"-57,5","865,7",Speedwayr-15-32-c2,"1,239456476611598",
2025-07-25T14:05:40.8999720+03:00,A30000000000000000000000,,1,"-61,5","865,7",Speedwayr-15-32-c2,"4,006757817957295",
2025-07-25T14:05:40.9018830+03:00,A40000000000000000000000,,1,"-66,5","865,7",Speedwayr-15-32-c2,"3,693825737228624",
2025-07-25T14:05:40.9224320+03:00,A80000000000000000000000,,1,"-71,5","865,7",Speedwayr-15-32-c2,"4,896466674930966",
2025-07-25T14:05:40.9270030+03:00,A30000000000000000000000,,1,-61,"865,7",Speedwayr-15-32-c2,"4,04357335686655",
2025-07-25T14:05:40.9286390+03:00,A20000000000000000000000,,1,"-56,5","865,7",Speedwayr-15-32-c2,"1,2087768608538851",
2025-07-25T14:05:40.9361250+03:00,A70000000000000000000000,,1,-64,"865,7",Speedwayr-15-32-c2,"1,4664856332186729",
2025-07-25T14:05:40.9380530+03:00,A60000000000000000000000,,1,"-63,5","865,7",Speedwayr-15-32-c2,"0,8160777791551611",
2025-07-25T14:05:40.9393830+03:00,A40000000000000000000000,,1,"-65,5","865,7",Speedwayr-15-32-c2,"3,7551849687440497",
2025-07-25T14:05:40.9477440+03:00,A80000000000000000000000,,1,-72,"865,7",Speedwayr-15-32-c2,"1,5953400194010667",
2025-07-25T14:05:40.9596710+03:00,A70000000000000000000000,,1,"-64,5","865,7",Speedwayr-15-32-c2,"1,4480778637640452",
2025-07-25T14:05:40.9607420+03:00,A30000000000000000000000,,1,-62,"865,7",Speedwayr-15-32-c2,"4,025165587411922",
2025-07-25T14:05:40.9655530+03:00,A20000000000000000000000,,1,"-57,5","865,7",Speedwayr-15-32-c2,"1,239456476611598",
2025-07-25T14:05:40.9668950+03:00,A60000000000000000000000,,1,"-63,5","865,7",Speedwayr-15-32-c2,"1,0062913968529805",
2025-07-25T14:05:40.9690640+03:00,A40000000000000000000000,,1,-66,"865,7",Speedwayr-15-32-c2,"3,80427235395639",
2025-07-25T14:05:40.9930000+03:00,A80000000000000000000000,,1,-70,"865,7",Speedwayr-15-32-c2,"4,936350175415993",
2025-07-25T14:05:41.0014890+03:00,A70000000000000000000000,,1,"-65,5","865,7",Speedwayr-15-32-c2,"1,325359400733194",
2025-07-25T14:05:41.0053280+03:00,A40000000000000000000000,,1,-66,"865,7",Speedwayr-15-32-c2,"3,902447124381071",
2025-07-25T14:05:41.0072660+03:00,A30000000000000000000000,,1,"-61,5","865,7",Speedwayr-15-32-c2,"4,031301510563465",
2025-07-25T14:05:41.0084150+03:00,A20000000000000000000000,,1,"-56,5","865,7",Speedwayr-15-32-c2,"1,3069516312785663",
2025-07-25T14:05:41.0099560+03:00,A60000000000000000000000,,1,-63,"865,7",Speedwayr-15-32-c2,"0,8467573949128739",
2025-07-25T14:05:41.0191000+03:00,A80000000000000000000000,,1,"-70,5","865,7",Speedwayr-15-32-c2,"2,073942025221387",
2025-07-25T14:05:41.0339440+03:00,A70000000000000000000000,,1,-63,"865,7",Speedwayr-15-32-c2,"1,2455923997631406",
2025-07-25T14:05:41.0359850+03:00,A30000000000000000000000,,1,-62,"865,7",Speedwayr-15-32-c2,"3,8717675086233583",
2025-07-25T14:05:41.0382390+03:00,A60000000000000000000000,,1,"-63,5","865,7",Speedwayr-15-32-c2,"0,8160777791551611",
2025-07-25T14:05:41.0392950+03:00,A20000000000000000000000,,1,-58,"865,7",Speedwayr-15-32-c2,"1,2333205534600555",
2025-07-25T14:05:41.0485070+03:00,A40000000000000000000000,,1,-66,"865,7",Speedwayr-15-32-c2,"3,810408277107933",
2025-07-25T14:05:41.0620660+03:00,A80000000000000000000000,,1,-71,"865,7",Speedwayr-15-32-c2,"4,868855020749025",
2025-07-25T14:05:41.0709940+03:00,A20000000000000000000000,,1,-57,"865,7",Speedwayr-15-32-c2,"1,2885438618239387",
2025-07-25T14:05:41.0741430+03:00,A30000000000000000000000,,1,"-61,5","865,7",Speedwayr-15-32-c2,"4,184699589352029",
2025-07-25T14:05:41.0770070+03:00,A60000000000000000000000,,1,-63,"865,7",Speedwayr-15-32-c2,"0,705631162427395",
2025-07-25T14:05:41.0793940+03:00,A70000000000000000000000,,1,"-65,5","865,7",Speedwayr-15-32-c2,"1,5585244804918115",
2025-07-25T14:05:41.0808580+03:00,A40000000000000000000000,,1,-65,"865,7",Speedwayr-15-32-c2,"3,988350048502667",
2025-07-25T14:05:41.0911620+03:00,A80000000000000000000000,,1,"-72,5","865,7",Speedwayr-15-32-c2,"1,5922720578252956",
2025-07-25T14:05:41.0970350+03:00,A70000000000000000000000,,1,"-64,5","865,7",Speedwayr-15-32-c2,"1,2946797849754812",
2025-07-25T14:05:41.0986280+03:00,A30000000000000000000000,,1,"-60,5","865,7",Speedwayr-15-32-c2,"4,074252972624263",
2025-07-25T14:05:41.0997130+03:00,A40000000000000000000000,,1,"-66,5","865,7",Speedwayr-15-32-c2,"4,09266074207889",
2025-07-25T14:05:41.1026790+03:00,A60000000000000000000000,,1,-63,"865,7",Speedwayr-15-32-c2,"0,7363107781851077",
2025-07-25T14:05:41.1059570+03:00,A20000000000000000000000,,1,-58,"865,7",Speedwayr-15-32-c2,"1,2026409377023426",
2025-07-25T14:05:41.1197850+03:00,60820101D7224204EA5FEA78,,1,-66,"865,7",Speedwayr-15-32-c2,"0,10737865515199488",
2025-07-25T14:05:41.1245330+03:00,A80000000000000000000000,,1,"-71,5","865,7",Speedwayr-15-32-c2,"4,767612288748572",
2025-07-25T14:05:41.1328230+03:00,A70000000000000000000000,,1,"-64,5","865,7",Speedwayr-15-32-c2,"1,0983302441261191",
2025-07-25T14:05:41.1338900+03:00,A20000000000000000000000,,1,-57,"865,7",Speedwayr-15-32-c2,"1,2210487071569704",
2025-07-25T14:05:41.1372580+03:00,A30000000000000000000000,,1,-62,"865,7",Speedwayr-15-32-c2,"4,0128937411088375",
2025-07-25T14:05:41.1393160+03:00,A40000000000000000000000,,1,-66,"865,7",Speedwayr-15-32-c2,"4,1172044346850605",
2025-07-25T14:05:41.1406990+03:00,A60000000000000000000000,,1,-64,"865,7",Speedwayr-15-32-c2,"0,6565437772150544",
2025-07-25T14:05:41.1539020+03:00,A80000000000000000000000,,1,-72,"865,7",Speedwayr-15-32-c2,"4,755340442445488",
2025-07-25T14:05:41.1615600+03:00,A70000000000000000000000,,1,"-64,5","865,7",Speedwayr-15-32-c2,"1,3192234775816514",
2025-07-25T14:05:41.1650060+03:00,A20000000000000000000000,,1,"-56,5","865,7",Speedwayr-15-32-c2,"1,1965050145508",
2025-07-25T14:05:41.1669730+03:00,A40000000000000000000000,,1,"-65,5","865,7",Speedwayr-15-32-c2,"4,061981126321178",
2025-07-25T14:05:41.1680570+03:00,A60000000000000000000000,,1,"-63,5","865,7",Speedwayr-15-32-c2,"0,6933593161243098",
2025-07-25T14:05:41.1691570+03:00,A30000000000000000000000,,1,"-62,5","865,7",Speedwayr-15-32-c2,"4,196971435655114",
2025-07-25T14:05:41.1813400+03:00,A80000000000000000000000,,1,-73,"865,7",Speedwayr-15-32-c2,"4,841243366567084",
2025-07-25T14:05:41.1862920+03:00,A20000000000000000000000,,1,-57,"865,7",Speedwayr-15-32-c2,"1,2210487071569704",
2025-07-25T14:05:41.1884390+03:00,A30000000000000000000000,,1,"-61,5","865,7",Speedwayr-15-32-c2,"4,049709280018092",
2025-07-25T14:05:41.1895940+03:00,A60000000000000000000000,,1,"-62,5","865,7",Speedwayr-15-32-c2,"0,7853981633974483",
2025-07-25T14:05:41.1917180+03:00,A40000000000000000000000,,1,"-65,5","865,7",Speedwayr-15-32-c2,"4,104932588381976",
2025-07-25T14:05:41.1944580+03:00,A70000000000000000000000,,1,"-63,5","865,7",Speedwayr-15-32-c2,"1,4296700943094176",
2025-07-25T14:05:41.2206470+03:00,A80000000000000000000000,,1,-73,"865,7",Speedwayr-15-32-c2,"4,847379289718626",
2025-07-25T14:05:41.2250620+03:00,A30000000000000000000000,,1,-62,"865,7",Speedwayr-15-32-c2,"4,06811704947272",
2025-07-25T14:05:41.2275130+03:00,A60000000000000000000000,,1,-64,"865,7",Speedwayr-15-32-c2,"0,7424467013366504",
2025-07-25T14:05:41.2292690+03:00,A20000000000000000000000,,1,-58,"865,7",Speedwayr-15-32-c2,"1,2087768608538851",
2025-07-25T14:05:41.2303690+03:00,A40000000000000000000000,,1,-66,"865,7",Speedwayr-15-32-c2,"4,09266074207889",
2025-07-25T14:05:41.2316800+03:00,A70000000000000000000000,,1,"-65,5","865,7",Speedwayr-15-32-c2,"1,2946797849754812",
2025-07-25T14:05:41.2505180+03:00,A80000000000000000000000,,1,"-73,5","865,7",Speedwayr-15-32-c2,"1,859184714917397",
2025-07-25T14:05:41.2585080+03:00,A20000000000000000000000,,1,-57,"865,7",Speedwayr-15-32-c2,"1,214912784005428",
2025-07-25T14:05:41.2604760+03:00,A70000000000000000000000,,1,"-65,5","865,7",Speedwayr-15-32-c2,"1,3192234775816514",
2025-07-25T14:05:41.2618410+03:00,A40000000000000000000000,,1,-64,"865,7",Speedwayr-15-32-c2,"4,1417481272912315",
2025-07-25T14:05:41.2640870+03:00,A60000000000000000000000,,1,-62,"865,7",Speedwayr-15-32-c2,"0,6872233929727672",
2025-07-25T14:05:41.2672000+03:00,A30000000000000000000000,,1,-62,"865,7",Speedwayr-15-32-c2,"4,0128937411088375",
2025-07-25T14:05:41.2823400+03:00,A80000000000000000000000,,1,"-71,5","865,7",Speedwayr-15-32-c2,"1,5585244804918115",
2025-07-25T14:05:41.2896040+03:00,A40000000000000000000000,,1,-65,"865,7",Speedwayr-15-32-c2,"4,1601558967458585",
2025-07-25T14:05:41.2906850+03:00,A70000000000000000000000,,1,"-64,5","865,7",Speedwayr-15-32-c2,"1,2578642460662257",
2025-07-25T14:05:41.2933370+03:00,A20000000000000000000000,,1,"-57,5","865,7",Speedwayr-15-32-c2,"1,1780972450961724",
2025-07-25T14:05:41.2953960+03:00,A30000000000000000000000,,1,-62,"865,7",Speedwayr-15-32-c2,"4,104932588381976",
2025-07-25T14:05:41.2978180+03:00,A60000000000000000000000,,1,"-62,5","865,7",Speedwayr-15-32-c2,"0,7301748550335652",
2025-07-25T14:05:41.3214450+03:00,A80000000000000000000000,,1,"-72,5","865,7",Speedwayr-15-32-c2,"4,789088019778972",
2025-07-25T14:05:41.3294220+03:00,A20000000000000000000000,,1,"-57,5","865,7",Speedwayr-15-32-c2,"1,1965050145508",
2025-07-25T14:05:41.3318970+03:00,A60000000000000000000000,,1,"-61,5","865,7",Speedwayr-15-32-c2,"0,5767767762450011",
2025-07-25T14:05:41.3349400+03:00,A40000000000000000000000,,1,"-65,5","865,7",Speedwayr-15-32-c2,"4,037437433715008",
2025-07-25T14:05:41.3364290+03:00,A30000000000000000000000,,1,"-62,5","865,7",Speedwayr-15-32-c2,"4,086524818927348",
2025-07-25T14:05:41.3375400+03:00,A70000000000000000000000,,1,-65,"865,7",Speedwayr-15-32-c2,"1,214912784005428",
2025-07-25T14:05:41.3708680+03:00,A80000000000000000000000,,1,"-72,5","865,7",Speedwayr-15-32-c2,"1,5953400194010667",
2025-07-25T14:05:41.3749910+03:00,A60000000000000000000000,,1,-64,"865,7",Speedwayr-15-32-c2,"0,6933593161243098",
2025-07-25T14:05:41.3810250+03:00,A70000000000000000000000,,1,-65,"865,7",Speedwayr-15-32-c2,"1,2578642460662257",
2025-07-25T14:05:41.3828310+03:00,A40000000000000000000000,,1,"-66,5","865,7",Speedwayr-15-32-c2,"4,111068511533518",
2025-07-25T14:05:41.3845380+03:00,A20000000000000000000000,,1,-57,"865,7",Speedwayr-15-32-c2,"1,1044661672776617",
2025-07-25T14:05:41.3856040+03:00,A30000000000000000000000,,1,-62,"865,7",Speedwayr-15-32-c2,"4,129476280988146",
2025-07-25T14:05:41.4070970+03:00,A40000000000000000000000,,1,-65,"865,7",Speedwayr-15-32-c2,"4,356505437595221",
2025-07-25T14:05:41.4095490+03:00,A60000000000000000000000,,1,"-63,5","865,7",Speedwayr-15-32-c2,"0,6135923151542565",
2025-07-25T14:05:41.4123270+03:00,A20000000000000000000000,,1,"-56,5","865,7",Speedwayr-15-32-c2,"1,2026409377023426",
2025-07-25T14:05:41.4134130+03:00,A30000000000000000000000,,1,"-61,5","865,7",Speedwayr-15-32-c2,"4,196971435655114",
2025-07-25T14:05:41.4179590+03:00,A70000000000000000000000,,1,-64,"865,7",Speedwayr-15-32-c2,"1,184233168247715",
2025-07-25T14:05:41.4407210+03:00,A80000000000000000000000,,1,-73,"865,7",Speedwayr-15-32-c2,"4,460816131171445",
2025-07-25T14:05:41.4463890+03:00,A20000000000000000000000,,1,-57,"865,7",Speedwayr-15-32-c2,"1,1474176293384597",
2025-07-25T14:05:41.4499410+03:00,A60000000000000000000000,,1,-63,"865,7",Speedwayr-15-32-c2,"0,5276893910326605",
2025-07-25T14:05:41.4518760+03:00,A70000000000000000000000,,1,"-62,5","865,7",Speedwayr-15-32-c2,"1,227184630308513",
2025-07-25T14:05:41.4617820+03:00,A30000000000000000000000,,1,"-61,5","865,7",Speedwayr-15-32-c2,"3,9453985864418692",
2025-07-25T14:05:41.4643580+03:00,A40000000000000000000000,,1,-66,"865,7",Speedwayr-15-32-c2,"4,196971435655114",
2025-07-25T14:05:41.4888190+03:00,A80000000000000000000000,,1,"-72,5","865,7",Speedwayr-15-32-c2,"1,6198837120072371",
2025-07-25T14:05:41.4917320+03:00,A40000000000000000000000,,1,-66,"865,7",Speedwayr-15-32-c2,"4,006757817957295",
2025-07-25T14:05:41.4957590+03:00,A30000000000000000000000,,1,-62,"865,7",Speedwayr-15-32-c2,"3,9944859716542096",
2025-07-25T14:05:41.4983780+03:00,A20000000000000000000000,,1,-58,"865,7",Speedwayr-15-32-c2,"1,043106935762236",
2025-07-25T14:05:41.4997030+03:00,A70000000000000000000000,,1,-65,"865,7",Speedwayr-15-32-c2,"1,141281706186917",
2025-07-25T14:05:41.5012150+03:00,A60000000000000000000000,,1,-63,"865,7",Speedwayr-15-32-c2,"0,6565437772150544",
2025-07-25T14:05:41.5245550+03:00,A70000000000000000000000,,1,-64,"865,7",Speedwayr-15-32-c2,"1,1106020904292042",
2025-07-25T14:05:41.5257240+03:00,A60000000000000000000000,,1,-63,"865,7",Speedwayr-15-32-c2,"0,607456392002714",
2025-07-25T14:05:41.5292830+03:00,A20000000000000000000000,,1,-58,"865,7",Speedwayr-15-32-c2,"1,141281706186917",
2025-07-25T14:05:41.5303660+03:00,A30000000000000000000000,,1,"-62,5","865,7",Speedwayr-15-32-c2,"4,049709280018092",
2025-07-25T14:05:41.5317760+03:00,A40000000000000000000000,,1,"-63,5","865,7",Speedwayr-15-32-c2,"3,8533597391687304",
2025-07-25T14:05:41.5412980+03:00,A80000000000000000000000,,1,-73,"865,7",Speedwayr-15-32-c2,"4,482291862201843",
2025-07-25T14:05:41.5474220+03:00,A20000000000000000000000,,1,-57,"865,7",Speedwayr-15-32-c2,"1,1044661672776617",
2025-07-25T14:05:41.5490310+03:00,A40000000000000000000000,,1,-66,"865,7",Speedwayr-15-32-c2,"4,025165587411922",
2025-07-25T14:05:41.5512860+03:00,A60000000000000000000000,,1,-63,"865,7",Speedwayr-15-32-c2,"0,5092816215780329",
2025-07-25T14:05:41.5525710+03:00,A30000000000000000000000,,1,"-62,5","865,7",Speedwayr-15-32-c2,"4,129476280988146",
2025-07-25T14:05:41.5543800+03:00,A70000000000000000000000,,1,"-61,5","865,7",Speedwayr-15-32-c2,"1,141281706186917",
2025-07-25T14:05:41.5983910+03:00,A80000000000000000000000,,1,"-73,5","865,7",Speedwayr-15-32-c2,"4,500699631656471",
2025-07-25T14:05:41.6026730+03:00,A20000000000000000000000,,1,"-57,5","865,7",Speedwayr-15-32-c2,"1,043106935762236",
2025-07-25T14:05:41.6048500+03:00,A70000000000000000000000,,1,-64,"865,7",Speedwayr-15-32-c2,"1,1290098598838318",
2025-07-25T14:05:41.6081850+03:00,A40000000000000000000000,,1,"-65,5","865,7",Speedwayr-15-32-c2,"4,1172044346850605",
2025-07-25T14:05:41.6106900+03:00,A30000000000000000000000,,1,"-62,5","865,7",Speedwayr-15-32-c2,"4,061981126321178",
2025-07-25T14:05:41.6119320+03:00,A60000000000000000000000,,1,-63,"865,7",Speedwayr-15-32-c2,"0,35588354278946877",
2025-07-25T14:05:41.6311040+03:00,A80000000000000000000000,,1,"-72,5","865,7",Speedwayr-15-32-c2,"4,405592822807561",
2025-07-25T14:05:41.6371300+03:00,A60000000000000000000000,,1,"-62,5","865,7",Speedwayr-15-32-c2,"0,44178646691106466",
2025-07-25T14:05:41.6399220+03:00,A20000000000000000000000,,1,-57,"865,7",Speedwayr-15-32-c2,"1,0369710126106935",
2025-07-25T14:05:41.6410360+03:00,A70000000000000000000000,,1,"-64,5","865,7",Speedwayr-15-32-c2,"0,803805932852076",
2025-07-25T14:05:41.6444290+03:00,A40000000000000000000000,,1,"-65,5","865,7",Speedwayr-15-32-c2,"3,877903431774901",
2025-07-25T14:05:41.6813650+03:00,A80000000000000000000000,,1,-73,"865,7",Speedwayr-15-32-c2,"4,344233591292136",
2025-07-25T14:05:41.6843920+03:00,A20000000000000000000000,,1,"-57,5","865,7",Speedwayr-15-32-c2,"1,0369710126106935",
2025-07-25T14:05:41.6893310+03:00,A40000000000000000000000,,1,"-66,5","865,7",Speedwayr-15-32-c2,"3,847223816017188",
2025-07-25T14:05:41.6907710+03:00,A70000000000000000000000,,1,"-63,5","865,7",Speedwayr-15-32-c2,"1,012427320004523",
2025-07-25T14:05:41.6918840+03:00,A60000000000000000000000,,1,"-63,5","865,7",Speedwayr-15-32-c2,"0,3374757733348411",
2025-07-25T14:05:41.6929360+03:00,A30000000000000000000000,,1,-62,"865,7",Speedwayr-15-32-c2,"3,8288160465625602",
2025-07-25T14:05:41.6984520+03:00,A80000000000000000000000,,1,"-72,5","865,7",Speedwayr-15-32-c2,"1,282407938672396",
2025-07-25T14:05:41.7101380+03:00,A20000000000000000000000,,1,"-57,5","865,7",Speedwayr-15-32-c2,"0,9940195505498954",
2025-07-25T14:05:41.7118190+03:00,A70000000000000000000000,,1,-65,"865,7",Speedwayr-15-32-c2,"1,0921943209745766",
2025-07-25T14:05:41.7131560+03:00,A30000000000000000000000,,1,"-62,5","865,7",Speedwayr-15-32-c2,"3,736777199289422",
2025-07-25T14:05:41.7161960+03:00,A60000000000000000000000,,1,"-61,5","865,7",Speedwayr-15-32-c2,"0,32520392703175593",
2025-07-25T14:05:41.7182020+03:00,A40000000000000000000000,,1,"-66,5","865,7",Speedwayr-15-32-c2,"3,890175278077986",
2025-07-25T14:05:41.7426790+03:00,A80000000000000000000000,,1,-71,"865,7",Speedwayr-15-32-c2,"4,460816131171445",
2025-07-25T14:05:41.7484260+03:00,A70000000000000000000000,,1,"-64,5","865,7",Speedwayr-15-32-c2,"0,9572040116406401",
2025-07-25T14:05:41.7503150+03:00,A60000000000000000000000,,1,"-62,5","865,7",Speedwayr-15-32-c2,"0,3374757733348411",
2025-07-25T14:05:41.7514280+03:00,A30000000000000000000000,,1,"-62,5","865,7",Speedwayr-15-32-c2,"3,877903431774901",
2025-07-25T14:05:41.7525510+03:00,A20000000000000000000000,,1,-57,"865,7",Speedwayr-15-32-c2,"1,0369710126106935",
2025-07-25T14:05:41.7546140+03:00,A40000000000000000000000,,1,-63,"865,7",Speedwayr-15-32-c2,"3,8410878928656453",
2025-07-25T14:05:41.7796720+03:00,A80000000000000000000000,,1,"-72,5","865,7",Speedwayr-15-32-c2,"1,3499030933393643",
2025-07-25T14:05:41.7851620+03:00,A30000000000000000000000,,1,"-61,5","865,7",Speedwayr-15-32-c2,"3,7551849687440497",
2025-07-25T14:05:41.7863450+03:00,A40000000000000000000000,,1,"-64,5","865,7",Speedwayr-15-32-c2,"3,8717675086233583",
2025-07-25T14:05:41.7887950+03:00,A20000000000000000000000,,1,-58,"865,7",Speedwayr-15-32-c2,"0,9817477042468103",
2025-07-25T14:05:41.7916850+03:00,A60000000000000000000000,,1,-63,"865,7",Speedwayr-15-32-c2,"0,3190680038802134",
2025-07-25T14:05:41.8014570+03:00,A70000000000000000000000,,1,-65,"865,7",Speedwayr-15-32-c2,"0,9387962421860124",
2025-07-25T14:05:41.8231230+03:00,A80000000000000000000000,,1,-72,"865,7",Speedwayr-15-32-c2,"4,25833066717054",
2025-07-25T14:05:41.8298190+03:00,A70000000000000000000000,,1,"-64,5","865,7",Speedwayr-15-32-c2,"0,9572040116406401",
2025-07-25T14:05:41.8339840+03:00,A60000000000000000000000,,1,"-63,5","865,7",Speedwayr-15-32-c2,"0,3129320807286708",
2025-07-25T14:05:41.8359640+03:00,A30000000000000000000000,,1,"-61,5","865,7",Speedwayr-15-32-c2,"3,7429131224409646",
2025-07-25T14:05:41.8379210+03:00,A20000000000000000000000,,1,"-57,5","865,7",Speedwayr-15-32-c2,"0,859029241215959",
2025-07-25T14:05:41.8398310+03:00,A40000000000000000000000,,1,-66,"865,7",Speedwayr-15-32-c2,"3,7551849687440497",
2025-07-25T14:05:41.8603430+03:00,A80000000000000000000000,,1,-74,"865,7",Speedwayr-15-32-c2,"4,411728745959104",
2025-07-25T14:05:41.8667140+03:00,A40000000000000000000000,,1,"-64,5","865,7",Speedwayr-15-32-c2,"3,792000507653305",
2025-07-25T14:05:41.8677980+03:00,A30000000000000000000000,,1,-61,"865,7",Speedwayr-15-32-c2,"3,736777199289422",
2025-07-25T14:05:41.8688800+03:00,A70000000000000000000000,,1,"-65,5","865,7",Speedwayr-15-32-c2,"0,9387962421860124",
2025-07-25T14:05:41.8702180+03:00,A20000000000000000000000,,1,-57,"865,7",Speedwayr-15-32-c2,"0,9510680884890975",
2025-07-25T14:05:41.8738170+03:00,A60000000000000000000000,,1,"-62,5","865,7",Speedwayr-15-32-c2,"0,14726215563702155",
2025-07-25T14:05:41.8812900+03:00,A80000000000000000000000,,1,"-68,5","865,7",Speedwayr-15-32-c2,"0,8160777791551611",
2025-07-25T14:05:41.8962260+03:00,A70000000000000000000000,,1,-64,"865,7",Speedwayr-15-32-c2,"0,9572040116406401",
2025-07-25T14:05:41.8989420+03:00,A20000000000000000000000,,1,"-58,5","865,7",Speedwayr-15-32-c2,"0,9326603190344698",
2025-07-25T14:05:41.9012860+03:00,A40000000000000000000000,,1,"-66,5","865,7",Speedwayr-15-32-c2,"3,77972866135022",
2025-07-25T14:05:41.9080430+03:00,A30000000000000000000000,,1,-62,"865,7",Speedwayr-15-32-c2,"3,773592738198677",
2025-07-25T14:05:41.9101710+03:00,A60000000000000000000000,,1,-64,"865,7",Speedwayr-15-32-c2,"0,2638446955163303",
2025-07-25T14:05:41.9299540+03:00,A80000000000000000000000,,1,"-72,5","865,7",Speedwayr-15-32-c2,"0,9940195505498954",
2025-07-25T14:05:41.9377160+03:00,A70000000000000000000000,,1,"-64,5","865,7",Speedwayr-15-32-c2,"0,8099418560036186",
2025-07-25T14:05:41.9394930+03:00,A20000000000000000000000,,1,"-58,5","865,7",Speedwayr-15-32-c2,"0,9326603190344698",
2025-07-25T14:05:41.9417520+03:00,A40000000000000000000000,,1,"-65,5","865,7",Speedwayr-15-32-c2,"3,6876898140770815",
2025-07-25T14:05:41.9435130+03:00,A30000000000000000000000,,1,"-61,5","865,7",Speedwayr-15-32-c2,"3,7981364308048478",
2025-07-25T14:05:41.9470840+03:00,A60000000000000000000000,,1,-63,"865,7",Speedwayr-15-32-c2,"0,09203884727313846",
2025-07-25T14:05:41.9712670+03:00,A80000000000000000000000,,1,"-73,5","865,7",Speedwayr-15-32-c2,"1,055378782065321",
2025-07-25T14:05:41.9760270+03:00,A20000000000000000000000,,1,-57,"865,7",Speedwayr-15-32-c2,"0,9510680884890975",
2025-07-25T14:05:41.9773880+03:00,A70000000000000000000000,,1,-65,"865,7",Speedwayr-15-32-c2,"0,9817477042468103",
2025-07-25T14:05:41.9795550+03:00,A30000000000000000000000,,1,"-62,5","865,7",Speedwayr-15-32-c2,"3,730641276137879",
2025-07-25T14:05:41.9829390+03:00,A60000000000000000000000,,1,"-63,5","865,7",Speedwayr-15-32-c2,"0,02454369260617026",
2025-07-25T14:05:41.9866420+03:00,A40000000000000000000000,,1,-66,"865,7",Speedwayr-15-32-c2,"4,166291819897402",
2025-07-25T14:05:41.9885770+03:00,A80000000000000000000000,,1,"-68,5","865,7",Speedwayr-15-32-c2,"0,8897088569736719",
2025-07-25T14:05:42.0036190+03:00,A20000000000000000000000,,1,"-58,5","865,7",Speedwayr-15-32-c2,"0,944932165337555",
2025-07-25T14:05:42.0049310+03:00,A70000000000000000000000,,1,"-64,5","865,7",Speedwayr-15-32-c2,"0,8344855486097889",
2025-07-25T14:05:42.0060000+03:00,A30000000000000000000000,,1,"-61,5","865,7",Speedwayr-15-32-c2,"3,77972866135022",
2025-07-25T14:05:42.0089280+03:00,A60000000000000000000000,,1,-62,"865,7",Speedwayr-15-32-c2,"0,04295146206079795",
2025-07-25T14:05:42.0242580+03:00,A70000000000000000000000,,1,-63,"865,7",Speedwayr-15-32-c2,"0,7792622402459057",
2025-07-25T14:05:42.0272380+03:00,A30000000000000000000000,,1,"-61,5","865,7",Speedwayr-15-32-c2,"3,773592738198677",
2025-07-25T14:05:42.0289790+03:00,A60000000000000000000000,,1,-63,"865,7",Speedwayr-15-32-c2,"0,04295146206079795",
2025-07-25T14:05:42.0314560+03:00,A20000000000000000000000,,1,"-57,5","865,7",Speedwayr-15-32-c2,"0,9326603190344698",
2025-07-25T14:05:42.0386590+03:00,A40000000000000000000000,,1,"-66,5","865,7",Speedwayr-15-32-c2,"3,7429131224409646",
2025-07-25T14:05:42.1025360+03:00,A80000000000000000000000,,1,-72,"865,7",Speedwayr-15-32-c2,"3,801204392380619",
2025-07-25T14:05:42.1083560+03:00,A40000000000000000000000,,1,"-66,5","865,7",Speedwayr-15-32-c2,"3,816544200259475",
2025-07-25T14:05:42.1096580+03:00,A70000000000000000000000,,1,-64,"865,7",Speedwayr-15-32-c2,"0,6994952392758523",
2025-07-25T14:05:42.1110020+03:00,A30000000000000000000000,,1,"-62,5","865,7",Speedwayr-15-32-c2,"3,767456815047135",
2025-07-25T14:05:42.1128720+03:00,A60000000000000000000000,,1,-64,"865,7",Speedwayr-15-32-c2,"0,3436116964863836",
2025-07-25T14:05:42.1149370+03:00,A20000000000000000000000,,1,"-58,5","865,7",Speedwayr-15-32-c2,"0,9265243958829272",
2025-07-25T14:05:42.1424740+03:00,A80000000000000000000000,,1,-72,"865,7",Speedwayr-15-32-c2,"0,6780195082454534",
2025-07-25T14:05:42.1478220+03:00,A60000000000000000000000,,1,-64,"865,7",Speedwayr-15-32-c2,"0,48473792897186263",
2025-07-25T14:05:42.1499750+03:00,A70000000000000000000000,,1,"-65,5","865,7",Speedwayr-15-32-c2,"0,6258641614573416",
2025-07-25T14:05:42.1510260+03:00,A20000000000000000000000,,1,"-57,5","865,7",Speedwayr-15-32-c2,"0,8713010875190442",
2025-07-25T14:05:42.1537060+03:00,A30000000000000000000000,,1,-61,"865,7",Speedwayr-15-32-c2,"3,80427235395639",
2025-07-25T14:05:42.2666480+03:00,A40000000000000000000000,,1,"-65,5","865,7",Speedwayr-15-32-c2,"3,8840393549264434",
2025-07-25T14:05:42.2899320+03:00,A80000000000000000000000,,1,-73,"865,7",Speedwayr-15-32-c2,"3,68462185250131",
2025-07-25T14:05:42.2973310+03:00,A70000000000000000000000,,1,-65,"865,7",Speedwayr-15-32-c2,"0,6688156235181395",
2025-07-25T14:05:42.2993200+03:00,A20000000000000000000000,,1,"-58,5","865,7",Speedwayr-15-32-c2,"0,9878836273983529",
2025-07-25T14:05:42.3003620+03:00,A40000000000000000000000,,1,"-66,5","865,7",Speedwayr-15-32-c2,"3,9453985864418692",
2025-07-25T14:05:42.3014570+03:00,A30000000000000000000000,,1,"-62,5","865,7",Speedwayr-15-32-c2,"3,8717675086233583",
2025-07-25T14:05:42.3066500+03:00,A60000000000000000000000,,1,"-63,5","865,7",Speedwayr-15-32-c2,"6,1420590746941075",
2025-07-25T14:05:42.3405800+03:00,A80000000000000000000000,,1,"-73,5","865,7",Speedwayr-15-32-c2,"0,7731263170943632",
2025-07-25T14:05:42.3468130+03:00,A30000000000000000000000,,1,"-62,5","865,7",Speedwayr-15-32-c2,"3,8288160465625602",
2025-07-25T14:05:42.3479510+03:00,A60000000000000000000000,,1,-63,"865,7",Speedwayr-15-32-c2,"6,019340611663256",
2025-07-25T14:05:42.3492630+03:00,A70000000000000000000000,,1,-65,"865,7",Speedwayr-15-32-c2,"0,5951845456996288",
2025-07-25T14:05:42.3503300+03:00,A20000000000000000000000,,1,-58,"865,7",Speedwayr-15-32-c2,"0,8528933180644165",
2025-07-25T14:05:42.3517150+03:00,A40000000000000000000000,,1,-66,"865,7",Speedwayr-15-32-c2,"3,7981364308048478",
2025-07-25T14:05:42.3708160+03:00,A80000000000000000000000,,1,-73,"865,7",Speedwayr-15-32-c2,"0,5338253141842031",
2025-07-25T14:05:42.3768180+03:00,A30000000000000000000000,,1,"-62,5","865,7",Speedwayr-15-32-c2,"3,8717675086233583",
2025-07-25T14:05:42.3788390+03:00,A60000000000000000000000,,1,-64,"865,7",Speedwayr-15-32-c2,"6,1420590746941075",
2025-07-25T14:05:42.3810220+03:00,A40000000000000000000000,,1,"-67,5","865,7",Speedwayr-15-32-c2,"3,9085830475326135",
2025-07-25T14:05:42.3823180+03:00,A20000000000000000000000,,1,"-58,5","865,7",Speedwayr-15-32-c2,"1,012427320004523",
2025-07-25T14:05:42.3870660+03:00,A70000000000000000000000,,1,-65,"865,7",Speedwayr-15-32-c2,"0,6504078540635119",
2025-07-25T14:05:42.4111530+03:00,A80000000000000000000000,,1,-73,"865,7",Speedwayr-15-32-c2,"3,7337092377136507",
2025-07-25T14:05:42.4152790+03:00,A20000000000000000000000,,1,-58,"865,7",Speedwayr-15-32-c2,"0,9265243958829272",
2025-07-25T14:05:42.4174770+03:00,A30000000000000000000000,,1,-62,"865,7",Speedwayr-15-32-c2,"4,264466590322082",
2025-07-25T14:05:42.4194450+03:00,A60000000000000000000000,,1,"-64,5","865,7",Speedwayr-15-32-c2,"6,209554229361076",
2025-07-25T14:05:42.4209140+03:00,A70000000000000000000000,,1,"-65,5","865,7",Speedwayr-15-32-c2,"0,6565437772150544",
2025-07-25T14:05:42.4249760+03:00,A40000000000000000000000,,1,-67,"865,7",Speedwayr-15-32-c2,"4,0987966652304335",
2025-07-25T14:05:42.4606510+03:00,A30000000000000000000000,,1,-63,"865,7",Speedwayr-15-32-c2,"3,8717675086233583",
2025-07-25T14:05:42.4637180+03:00,A20000000000000000000000,,1,-59,"865,7",Speedwayr-15-32-c2,"0,9203884727313847",
2025-07-25T14:05:42.4668310+03:00,A60000000000000000000000,,1,"-63,5","865,7",Speedwayr-15-32-c2,"6,2034183062095325",
2025-07-25T14:05:42.4689700+03:00,A70000000000000000000000,,1,"-64,5","865,7",Speedwayr-15-32-c2,"0,5583690067903734",
2025-07-25T14:05:42.4714080+03:00,A40000000000000000000000,,1,-67,"865,7",Speedwayr-15-32-c2,"3,7429131224409646",
2025-07-25T14:05:42.5020460+03:00,A30000000000000000000000,,1,"-61,5","865,7",Speedwayr-15-32-c2,"3,9085830475326135",
2025-07-25T14:05:42.5063130+03:00,A20000000000000000000000,,1,-59,"865,7",Speedwayr-15-32-c2,"1,0369710126106935",
2025-07-25T14:05:42.5082870+03:00,A40000000000000000000000,,1,"-65,5","865,7",Speedwayr-15-32-c2,"3,8410878928656453",
2025-07-25T14:05:42.5094290+03:00,A60000000000000000000000,,1,-64,"865,7",Speedwayr-15-32-c2,"6,074563920027139",
2025-07-25T14:05:42.5108830+03:00,A70000000000000000000000,,1,-65,"865,7",Speedwayr-15-32-c2,"0,6872233929727672",
2025-07-25T14:05:42.5312910+03:00,A60000000000000000000000,,1,"-64,5","865,7",Speedwayr-15-32-c2,"6,234097921967246",
2025-07-25T14:05:42.5355690+03:00,A20000000000000000000000,,1,"-59,5","865,7",Speedwayr-15-32-c2,"0,9572040116406401",
2025-07-25T14:05:42.5381350+03:00,A40000000000000000000000,,1,-65,"865,7",Speedwayr-15-32-c2,"3,9269908169872414",
2025-07-25T14:05:42.5427400+03:00,A70000000000000000000000,,1,"-65,5","865,7",Speedwayr-15-32-c2,"1,3069516312785663",
2025-07-25T14:05:42.5616580+03:00,A20000000000000000000000,,1,"-58,5","865,7",Speedwayr-15-32-c2,"0,9142525495798421",
2025-07-25T14:05:42.5639100+03:00,A40000000000000000000000,,1,-64,"865,7",Speedwayr-15-32-c2,"3,77972866135022",
2025-07-25T14:05:42.5661080+03:00,A60000000000000000000000,,1,"-62,5","865,7",Speedwayr-15-32-c2,"5,982525072754001",
2025-07-25T14:05:42.5708440+03:00,A70000000000000000000000,,1,"-65,5","865,7",Speedwayr-15-32-c2,"0,6902913545485385",
2025-07-25T14:05:42.5753940+03:00,A30000000000000000000000,,1,-62,"865,7",Speedwayr-15-32-c2,"0,7424467013366504",
2025-07-25T14:05:42.5805700+03:00,A80000000000000000000000,,1,-73,"865,7",Speedwayr-15-32-c2,"3,822680123411018",
2025-07-25T14:05:42.5864790+03:00,A20000000000000000000000,,1,-60,"865,7",Speedwayr-15-32-c2,"0,8897088569736719",
2025-07-25T14:05:42.5893170+03:00,A60000000000000000000000,,1,"-65,5","865,7",Speedwayr-15-32-c2,"6,105243535784852",
2025-07-25T14:05:42.5903710+03:00,A30000000000000000000000,,1,-63,"865,7",Speedwayr-15-32-c2,"3,816544200259475",
2025-07-25T14:05:42.5949170+03:00,A70000000000000000000000,,1,"-62,5","865,7",Speedwayr-15-32-c2,"0,6013204688511713",
2025-07-25T14:05:42.5977110+03:00,A40000000000000000000000,,1,"-66,5","865,7",Speedwayr-15-32-c2,"3,9576704327449543",
2025-07-25T14:05:42.6252400+03:00,A20000000000000000000000,,1,-58,"865,7",Speedwayr-15-32-c2,"0,9019807032767571",
2025-07-25T14:05:42.6287910+03:00,A70000000000000000000000,,1,"-63,5","865,7",Speedwayr-15-32-c2,"0,5951845456996288",
2025-07-25T14:05:42.6300560+03:00,A30000000000000000000000,,1,"-62,5","865,7",Speedwayr-15-32-c2,"3,902447124381071",
2025-07-25T14:05:42.6314970+03:00,A60000000000000000000000,,1,"-64,5","865,7",Speedwayr-15-32-c2,"6,12365130523948",
2025-07-25T14:05:42.6367670+03:00,A40000000000000000000000,,1,-67,"865,7",Speedwayr-15-32-c2,"3,933126740138784",
2025-07-25T14:05:42.6596170+03:00,A80000000000000000000000,,1,-72,"865,7",Speedwayr-15-32-c2,"3,8717675086233583",
2025-07-25T14:05:42.6649280+03:00,A20000000000000000000000,,1,-59,"865,7",Speedwayr-15-32-c2,"0,7915340865489908",
2025-07-25T14:05:42.6671950+03:00,A30000000000000000000000,,1,-63,"865,7",Speedwayr-15-32-c2,"3,816544200259475",
2025-07-25T14:05:42.6691460+03:00,A70000000000000000000000,,1,"-66,5","865,7",Speedwayr-15-32-c2,"0,6320000846088841",
2025-07-25T14:05:42.6718110+03:00,A60000000000000000000000,,1,-64,"865,7",Speedwayr-15-32-c2,"5,884350302329319",
2025-07-25T14:05:42.6787430+03:00,A40000000000000000000000,,1,-67,"865,7",Speedwayr-15-32-c2,"3,8717675086233583",
2025-07-25T14:05:42.6807780+03:00,A80000000000000000000000,,1,-69,"865,7",Speedwayr-15-32-c2,"0,8283496254582462",
2025-07-25T14:05:42.6965840+03:00,A60000000000000000000000,,1,"-63,5","865,7",Speedwayr-15-32-c2,"5,994796919057086",
2025-07-25T14:05:42.6979220+03:00,A20000000000000000000000,,1,"-58,5","865,7",Speedwayr-15-32-c2,"0,8651651643675016",
2025-07-25T14:05:42.6990350+03:00,A40000000000000000000000,,1,-67,"865,7",Speedwayr-15-32-c2,"3,859495662320273",
2025-07-25T14:05:42.7015830+03:00,A70000000000000000000000,,1,"-66,5","865,7",Speedwayr-15-32-c2,"0,7547185476397354",
2025-07-25T14:05:42.7044360+03:00,A30000000000000000000000,,1,"-61,5","865,7",Speedwayr-15-32-c2,"3,8410878928656453",
2025-07-25T14:05:42.7293390+03:00,A80000000000000000000000,,1,-73,"865,7",Speedwayr-15-32-c2,"0,8467573949128739",
2025-07-25T14:05:42.7358430+03:00,A60000000000000000000000,,1,"-62,5","865,7",Speedwayr-15-32-c2,"6,14819499784565",
2025-07-25T14:05:42.7399870+03:00,A20000000000000000000000,,1,"-59,5","865,7",Speedwayr-15-32-c2,"0,8283496254582462",
2025-07-25T14:05:42.7417140+03:00,A30000000000000000000000,,1,-63,"865,7",Speedwayr-15-32-c2,"3,9208548938356986",
2025-07-25T14:05:42.7483450+03:00,A40000000000000000000000,,1,"-67,5","865,7",Speedwayr-15-32-c2,"3,7981364308048478",
2025-07-25T14:05:42.7802850+03:00,A80000000000000000000000,,1,"-72,5","865,7",Speedwayr-15-32-c2,"0,9265243958829272",
2025-07-25T14:05:42.7877790+03:00,A60000000000000000000000,,1,-63,"865,7",Speedwayr-15-32-c2,"5,859806609723149",
2025-07-25T14:05:42.7891470+03:00,A20000000000000000000000,,1,-59,"865,7",Speedwayr-15-32-c2,"0,7792622402459057",
2025-07-25T14:05:42.7906200+03:00,A30000000000000000000000,,1,"-62,5","865,7",Speedwayr-15-32-c2,"3,9453985864418692",
2025-07-25T14:05:42.7916850+03:00,A40000000000000000000000,,1,"-66,5","865,7",Speedwayr-15-32-c2,"4,000621894805752",
2025-07-25T14:05:42.7974390+03:00,A70000000000000000000000,,1,-65,"865,7",Speedwayr-15-32-c2,"0,8222137023067037",
2025-07-25T14:05:42.8105150+03:00,A80000000000000000000000,,1,-72,"865,7",Speedwayr-15-32-c2,"0,3313398501832985",
2025-07-25T14:05:42.8266120+03:00,A60000000000000000000000,,1,"-62,5","865,7",Speedwayr-15-32-c2,"5,829126993965437",
2025-07-25T14:05:42.8283370+03:00,A30000000000000000000000,,1,-64,"865,7",Speedwayr-15-32-c2,"3,9822141253511245",
2025-07-25T14:05:42.8299120+03:00,A20000000000000000000000,,1,"-59,5","865,7",Speedwayr-15-32-c2,"0,7915340865489908",
2025-07-25T14:05:42.8317610+03:00,A40000000000000000000000,,1,"-67,5","865,7",Speedwayr-15-32-c2,"3,9944859716542096",
2025-07-25T14:05:42.8338000+03:00,A70000000000000000000000,,1,-65,"865,7",Speedwayr-15-32-c2,"0,6749515466696822",
2025-07-25T14:05:42.8709480+03:00,A80000000000000000000000,,1,-73,"865,7",Speedwayr-15-32-c2,"0,9050486648525283",
2025-07-25T14:05:42.8771350+03:00,A30000000000000000000000,,1,-63,"865,7",Speedwayr-15-32-c2,"3,8717675086233583",
2025-07-25T14:05:42.8790990+03:00,A60000000000000000000000,,1,"-64,5","865,7",Speedwayr-15-32-c2,"5,724816300389213",
2025-07-25T14:05:42.8802450+03:00,A40000000000000000000000,,1,-67,"865,7",Speedwayr-15-32-c2,"3,890175278077986",
2025-07-25T14:05:42.8820240+03:00,A20000000000000000000000,,1,-59,"865,7",Speedwayr-15-32-c2,"0,6749515466696822",
2025-07-25T14:05:42.8875450+03:00,A70000000000000000000000,,1,-65,"865,7",Speedwayr-15-32-c2,"0,34974761963792617",
2025-07-25T14:05:42.8914480+03:00,A80000000000000000000000,,1,"-71,5","865,7",Speedwayr-15-32-c2,"0,9387962421860124",
2025-07-25T14:05:42.9039630+03:00,A20000000000000000000000,,1,-61,"865,7",Speedwayr-15-32-c2,"0,6933593161243098",
2025-07-25T14:05:42.9081460+03:00,A30000000000000000000000,,1,"-63,5","865,7",Speedwayr-15-32-c2,"3,9453985864418692",
2025-07-25T14:05:42.9096090+03:00,A40000000000000000000000,,1,"-67,5","865,7",Speedwayr-15-32-c2,"3,8840393549264434",
2025-07-25T14:05:42.9107360+03:00,A60000000000000000000000,,1,"-64,5","865,7",Speedwayr-15-32-c2,"5,841398840268521",
2025-07-25T14:05:42.9189960+03:00,A70000000000000000000000,,1,"-66,5","865,7",Speedwayr-15-32-c2,"0,47860200582032003",
2025-07-25T14:05:42.9515780+03:00,A30000000000000000000000,,1,"-63,5","865,7",Speedwayr-15-32-c2,"3,80427235395639",
2025-07-25T14:05:42.9538160+03:00,A60000000000000000000000,,1,-64,"865,7",Speedwayr-15-32-c2,"5,608233760509904",
2025-07-25T14:05:42.9549390+03:00,A20000000000000000000000,,1,-59,"865,7",Speedwayr-15-32-c2,"0,7669903939428205",
2025-07-25T14:05:42.9587960+03:00,A40000000000000000000000,,1,-66,"865,7",Speedwayr-15-32-c2,"4,000621894805752",
2025-07-25T14:05:42.9598920+03:00,A70000000000000000000000,,1,"-65,5","865,7",Speedwayr-15-32-c2,"0,5154175447295755",
2025-07-25T14:05:42.9764920+03:00,A20000000000000000000000,,1,-58,"865,7",Speedwayr-15-32-c2,"0,705631162427395",
2025-07-25T14:05:42.9799210+03:00,A30000000000000000000000,,1,"-63,5","865,7",Speedwayr-15-32-c2,"4,074252972624263",
2025-07-25T14:05:42.9818900+03:00,A70000000000000000000000,,1,-66,"865,7",Speedwayr-15-32-c2,"0,6933593161243098",
2025-07-25T14:05:42.9877110+03:00,A60000000000000000000000,,1,"-64,5","865,7",Speedwayr-15-32-c2,"5,767767762450011",
2025-07-25T14:05:42.9894580+03:00,A40000000000000000000000,,1,"-67,5","865,7",Speedwayr-15-32-c2,"3,9638063558964967",
2025-07-25T14:05:43.0376280+03:00,A60000000000000000000000,,1,-64,"865,7",Speedwayr-15-32-c2,"5,737088146692298",
2025-07-25T14:05:43.0403280+03:00,A20000000000000000000000,,1,-60,"865,7",Speedwayr-15-32-c2,"0,705631162427395",
2025-07-25T14:05:43.0468850+03:00,A40000000000000000000000,,1,-63,"865,7",Speedwayr-15-32-c2,"3,9760782021995817",
2025-07-25T14:05:43.0488250+03:00,A70000000000000000000000,,1,-65,"865,7",Speedwayr-15-32-c2,"0,5645049299419159",
2025-07-25T14:05:43.0641080+03:00,A20000000000000000000000,,1,"-61,5","865,7",Speedwayr-15-32-c2,"0,6565437772150544",
2025-07-25T14:05:43.0681080+03:00,A30000000000000000000000,,1,-64,"865,7",Speedwayr-15-32-c2,"4,104932588381976",
2025-07-25T14:05:43.0691760+03:00,A70000000000000000000000,,1,"-65,5","865,7",Speedwayr-15-32-c2,"0,5092816215780329",
2025-07-25T14:05:43.0706090+03:00,A60000000000000000000000,,1,-64,"865,7",Speedwayr-15-32-c2,"5,632777453116074",
2025-07-25T14:05:43.0812320+03:00,A40000000000000000000000,,1,"-67,5","865,7",Speedwayr-15-32-c2,"3,80427235395639",
2025-07-25T14:05:43.1174260+03:00,A20000000000000000000000,,1,-60,"865,7",Speedwayr-15-32-c2,"0,6135923151542565",
2025-07-25T14:05:43.1195500+03:00,A40000000000000000000000,,1,-68,"865,7",Speedwayr-15-32-c2,"3,9147189706841563",
2025-07-25T14:05:43.1212310+03:00,A30000000000000000000000,,1,"-63,5","865,7",Speedwayr-15-32-c2,"3,9760782021995817",
2025-07-25T14:05:43.1232460+03:00,A60000000000000000000000,,1,"-64,5","865,7",Speedwayr-15-32-c2,"5,534602682691394",
2025-07-25T14:05:43.1274920+03:00,A70000000000000000000000,,1,"-67,5","865,7",Speedwayr-15-32-c2,"0,5951845456996288",
2025-07-25T14:05:43.1409340+03:00,A30000000000000000000000,,1,-63,"865,7",Speedwayr-15-32-c2,"3,9392626632903265",
2025-07-25T14:05:43.1455290+03:00,A60000000000000000000000,,1,-63,"865,7",Speedwayr-15-32-c2,"5,798447378207723",
2025-07-25T14:05:43.1469210+03:00,A20000000000000000000000,,1,"-59,5","865,7",Speedwayr-15-32-c2,"0,6565437772150544",
2025-07-25T14:05:43.1556320+03:00,A70000000000000000000000,,1,-67,"865,7",Speedwayr-15-32-c2,"0,4111068511533518",
2025-07-25T14:05:43.1593780+03:00,A40000000000000000000000,,1,"-66,5","865,7",Speedwayr-15-32-c2,"3,988350048502667",
2025-07-25T14:05:43.1807900+03:00,A80000000000000000000000,,1,"-73,5","865,7",Speedwayr-15-32-c2,"0,7424467013366504",
2025-07-25T14:05:43.1846940+03:00,A60000000000000000000000,,1,"-62,5","865,7",Speedwayr-15-32-c2,"5,626641529964532",
2025-07-25T14:05:43.1869120+03:00,A30000000000000000000000,,1,"-62,5","865,7",Speedwayr-15-32-c2,"4,01902966426038",
2025-07-25T14:05:43.1886130+03:00,A20000000000000000000000,,1,-61,"865,7",Speedwayr-15-32-c2,"0,6258641614573416",
2025-07-25T14:05:43.1896820+03:00,A40000000000000000000000,,1,"-67,5","865,7",Speedwayr-15-32-c2,"3,9515345095934116",
2025-07-25T14:05:43.1915060+03:00,A70000000000000000000000,,1,-67,"865,7",Speedwayr-15-32-c2,"0,48473792897186263",
2025-07-25T14:05:43.2096390+03:00,A80000000000000000000000,,1,-73,"865,7",Speedwayr-15-32-c2,"0,7363107781851077",
2025-07-25T14:05:43.2190410+03:00,A40000000000000000000000,,1,"-67,5","865,7",Speedwayr-15-32-c2,"4,344233591292136",
2025-07-25T14:05:43.2201670+03:00,A60000000000000000000000,,1,"-64,5","865,7",Speedwayr-15-32-c2,"6,000932842208628",
2025-07-25T14:05:43.2213490+03:00,A30000000000000000000000,,1,"-62,5","865,7",Speedwayr-15-32-c2,"4,04357335686655",
2025-07-25T14:05:43.2250450+03:00,A20000000000000000000000,,1,-60,"865,7",Speedwayr-15-32-c2,"0,9510680884890975",
2025-07-25T14:05:43.2274920+03:00,A70000000000000000000000,,1,-66,"865,7",Speedwayr-15-32-c2,"0,4724660826687775",
2025-07-25T14:05:43.2509800+03:00,A80000000000000000000000,,1,"-73,5","865,7",Speedwayr-15-32-c2,"0,6749515466696822",
2025-07-25T14:05:43.2564780+03:00,A70000000000000000000000,,1,-63,"865,7",Speedwayr-15-32-c2,"0,3313398501832985",
2025-07-25T14:05:43.2582570+03:00,A20000000000000000000000,,1,-61,"865,7",Speedwayr-15-32-c2,"0,607456392002714",
2025-07-25T14:05:43.2602170+03:00,A30000000000000000000000,,1,"-63,5","865,7",Speedwayr-15-32-c2,"4,006757817957295",
2025-07-25T14:05:43.2613040+03:00,A40000000000000000000000,,1,"-67,5","865,7",Speedwayr-15-32-c2,"3,8533597391687304",
2025-07-25T14:05:43.2634410+03:00,A60000000000000000000000,,1,"-61,5","865,7",Speedwayr-15-32-c2,"5,43029198911517",
2025-07-25T14:05:43.2800220+03:00,A80000000000000000000000,,1,-73,"865,7",Speedwayr-15-32-c2,"3,813476238683704",
2025-07-25T14:05:43.2853850+03:00,A20000000000000000000000,,1,"-61,5","865,7",Speedwayr-15-32-c2,"0,7117670855789375",
2025-07-25T14:05:43.2868690+03:00,A60000000000000000000000,,1,"-61,5","865,7",Speedwayr-15-32-c2,"5,546874528994478",
2025-07-25T14:05:43.2884880+03:00,A30000000000000000000000,,1,-63,"865,7",Speedwayr-15-32-c2,"4,006757817957295",
2025-07-25T14:05:43.2979820+03:00,A40000000000000000000000,,1,"-66,5","865,7",Speedwayr-15-32-c2,"3,9515345095934116",
2025-07-25T14:05:43.2993550+03:00,A70000000000000000000000,,1,"-65,5","865,7",Speedwayr-15-32-c2,"0,5706408530934585",
2025-07-25T14:05:43.3202460+03:00,A80000000000000000000000,,1,"-73,5","865,7",Speedwayr-15-32-c2,"0,5553010452146021",
2025-07-25T14:05:43.3232160+03:00,A30000000000000000000000,,1,-61,"865,7",Speedwayr-15-32-c2,"3,9822141253511245",
2025-07-25T14:05:43.3310200+03:00,A40000000000000000000000,,1,-68,"865,7",Speedwayr-15-32-c2,"3,822680123411018",
2025-07-25T14:05:43.3321740+03:00,A60000000000000000000000,,1,"-64,5","865,7",Speedwayr-15-32-c2,"5,6941366846315",
2025-07-25T14:05:43.3332990+03:00,A20000000000000000000000,,1,"-59,5","865,7",Speedwayr-15-32-c2,"0,6320000846088841",
2025-07-25T14:05:43.3373420+03:00,A70000000000000000000000,,1,-67,"865,7",Speedwayr-15-32-c2,"0,1043106935762236",
2025-07-25T14:05:43.3861780+03:00,A60000000000000000000000,,1,-64,"865,7",Speedwayr-15-32-c2,"5,313709449235861",
2025-07-25T14:05:43.3873590+03:00,A20000000000000000000000,,1,-61,"865,7",Speedwayr-15-32-c2,"0,6872233929727672",
2025-07-25T14:05:43.3897820+03:00,A30000000000000000000000,,1,"-63,5","865,7",Speedwayr-15-32-c2,"4,037437433715008",
2025-07-25T14:05:43.3932030+03:00,A40000000000000000000000,,1,-66,"865,7",Speedwayr-15-32-c2,"3,411573272257666",
2025-07-25T14:05:43.3963950+03:00,A70000000000000000000000,,1,"-66,5","865,7",Speedwayr-15-32-c2,"0,32520392703175593",
2025-07-25T14:05:43.4202030+03:00,A80000000000000000000000,,1,-74,"865,7",Speedwayr-15-32-c2,"0,7853981633974483",
2025-07-25T14:05:43.4253600+03:00,A30000000000000000000000,,1,"-63,5","865,7",Speedwayr-15-32-c2,"4,049709280018092",
2025-07-25T14:05:43.4273540+03:00,A20000000000000000000000,,1,-61,"865,7",Speedwayr-15-32-c2,"0,6013204688511713",
2025-07-25T14:05:43.4290300+03:00,A60000000000000000000000,,1,"-63,5","865,7",Speedwayr-15-32-c2,"5,522330836388308",
2025-07-25T14:05:43.4309700+03:00,A70000000000000000000000,,1,"-66,5","865,7",Speedwayr-15-32-c2,"0,28838838812250056",
2025-07-25T14:05:43.4519110+03:00,A80000000000000000000000,,1,"-73,5","865,7",Speedwayr-15-32-c2,"0,607456392002714",
2025-07-25T14:05:43.4594300+03:00,A30000000000000000000000,,1,"-63,5","865,7",Speedwayr-15-32-c2,"4,031301510563465",
2025-07-25T14:05:43.4620850+03:00,A20000000000000000000000,,1,-62,"865,7",Speedwayr-15-32-c2,"0,5522330836388308",
2025-07-25T14:05:43.4631550+03:00,A60000000000000000000000,,1,-65,"865,7",Speedwayr-15-32-c2,"5,497787143782138",
2025-07-25T14:05:43.4690120+03:00,A70000000000000000000000,,1,-66,"865,7",Speedwayr-15-32-c2,"0,32520392703175593",
2025-07-25T14:05:43.5018710+03:00,A20000000000000000000000,,1,"-60,5","865,7",Speedwayr-15-32-c2,"0,607456392002714",
2025-07-25T14:05:43.5048660+03:00,A30000000000000000000000,,1,-61,"865,7",Speedwayr-15-32-c2,"4,0128937411088375",
2025-07-25T14:05:43.5097250+03:00,A60000000000000000000000,,1,-65,"865,7",Speedwayr-15-32-c2,"5,6573211457222445",
2025-07-25T14:05:43.5206400+03:00,A40000000000000000000000,,1,"-67,5","865,7",Speedwayr-15-32-c2,"0,7639224323670493",
2025-07-25T14:05:43.5296750+03:00,A70000000000000000000000,,1,"-66,5","865,7",Speedwayr-15-32-c2,"0,3313398501832985",
2025-07-25T14:05:43.5383340+03:00,A20000000000000000000000,,1,-60,"865,7",Speedwayr-15-32-c2,"0,6442719309119693",
2025-07-25T14:05:43.5427830+03:00,A30000000000000000000000,,1,-63,"865,7",Speedwayr-15-32-c2,"3,7429131224409646",
2025-07-25T14:05:43.5476320+03:00,A60000000000000000000000,,1,"-64,5","865,7",Speedwayr-15-32-c2,"5,66959299202533",
2025-07-25T14:05:43.5488330+03:00,A70000000000000000000000,,1,-67,"865,7",Speedwayr-15-32-c2,"0,7424467013366504",
2025-07-25T14:05:43.5612990+03:00,A40000000000000000000000,,1,"-66,5","865,7",Speedwayr-15-32-c2,"3,77972866135022",
2025-07-25T14:05:43.5637080+03:00,A70000000000000000000000,,1,"-63,5","865,7",Speedwayr-15-32-c2,"0,380427235395639",
2025-07-25T14:05:43.5664930+03:00,A20000000000000000000000,,1,"-61,5","865,7",Speedwayr-15-32-c2,"0,6565437772150544",
2025-07-25T14:05:43.5676350+03:00,A60000000000000000000000,,1,-63,"865,7",Speedwayr-15-32-c2,"5,688000761479957",
2025-07-25T14:05:43.5694890+03:00,A30000000000000000000000,,1,"-63,5","865,7",Speedwayr-15-32-c2,"4,086524818927348",
2025-07-25T14:05:43.5910190+03:00,A80000000000000000000000,,1,"-72,5","865,7",Speedwayr-15-32-c2,"0,7179030087304801",
2025-07-25T14:05:43.5999080+03:00,A20000000000000000000000,,1,"-61,5","865,7",Speedwayr-15-32-c2,"0,5951845456996288",
2025-07-25T14:05:43.6012040+03:00,A30000000000000000000000,,1,"-64,5","865,7",Speedwayr-15-32-c2,"4,09266074207889",
2025-07-25T14:05:43.6022710+03:00,A40000000000000000000000,,1,-68,"865,7",Speedwayr-15-32-c2,"3,859495662320273",
2025-07-25T14:05:43.6108750+03:00,A60000000000000000000000,,1,-63,"865,7",Speedwayr-15-32-c2,"5,755495916146925",
2025-07-25T14:05:43.6119460+03:00,A70000000000000000000000,,1,-67,"865,7",Speedwayr-15-32-c2,"0,42337869745643697",
2025-07-25T14:05:43.6314210+03:00,A80000000000000000000000,,1,-73,"865,7",Speedwayr-15-32-c2,"0,6258641614573416",
2025-07-25T14:05:43.6387780+03:00,A20000000000000000000000,,1,-62,"865,7",Speedwayr-15-32-c2,"0,6933593161243098",
2025-07-25T14:05:43.6398690+03:00,A60000000000000000000000,,1,-65,"865,7",Speedwayr-15-32-c2,"5,841398840268521",
2025-07-25T14:05:43.6410090+03:00,A30000000000000000000000,,1,-63,"865,7",Speedwayr-15-32-c2,"4,1417481272912315",
2025-07-25T14:05:43.6683160+03:00,A40000000000000000000000,,1,"-67,5","865,7",Speedwayr-15-32-c2,"0,7240389318820226",
2025-07-25T14:05:43.6711150+03:00,A80000000000000000000000,,1,-72,"865,7",Speedwayr-15-32-c2,"0,5706408530934585",
2025-07-25T14:05:43.6768430+03:00,A30000000000000000000000,,1,-63,"865,7",Speedwayr-15-32-c2,"3,988350048502667",
2025-07-25T14:05:43.6779230+03:00,A20000000000000000000000,,1,-61,"865,7",Speedwayr-15-32-c2,"0,6135923151542565",
2025-07-25T14:05:43.6800640+03:00,A80000000000000000000000,,1,"-68,5","865,7",Speedwayr-15-32-c2,"0,9081166264282996",
2025-07-25T14:05:43.6814610+03:00,A60000000000000000000000,,1,-65,"865,7",Speedwayr-15-32-c2,"5,773903685601553",
2025-07-25T14:05:43.6914190+03:00,A40000000000000000000000,,1,-68,"865,7",Speedwayr-15-32-c2,"3,8840393549264434",
2025-07-25T14:05:43.6935850+03:00,A70000000000000000000000,,1,"-65,5","865,7",Speedwayr-15-32-c2,"0,3620194659410113",
2025-07-25T14:05:43.7093660+03:00,A30000000000000000000000,,1,-63,"865,7",Speedwayr-15-32-c2,"4,086524818927348",
2025-07-25T14:05:43.7104490+03:00,A20000000000000000000000,,1,-62,"865,7",Speedwayr-15-32-c2,"0,7117670855789375",
2025-07-25T14:05:43.7190250+03:00,A70000000000000000000000,,1,"-66,5","865,7",Speedwayr-15-32-c2,"0,44178646691106466",
2025-07-25T14:05:43.7201690+03:00,A60000000000000000000000,,1,"-64,5","865,7",Speedwayr-15-32-c2,"6,062292073724054",
2025-07-25T14:05:43.7491420+03:00,A70000000000000000000000,,1,-66,"865,7",Speedwayr-15-32-c2,"0,6688156235181395",
2025-07-25T14:05:43.7501960+03:00,A40000000000000000000000,,1,"-66,5","865,7",Speedwayr-15-32-c2,"4,031301510563465",
2025-07-25T14:05:43.7515080+03:00,A30000000000000000000000,,1,-63,"865,7",Speedwayr-15-32-c2,"4,154019973594316",
2025-07-25T14:05:43.7525910+03:00,A20000000000000000000000,,1,-62,"865,7",Speedwayr-15-32-c2,"0,6442719309119693",
2025-07-25T14:05:43.7540910+03:00,A60000000000000000000000,,1,-60,"865,7",Speedwayr-15-32-c2,"5,921165841238575",
2025-07-25T14:05:43.7702050+03:00,A60000000000000000000000,,1,-64,"865,7",Speedwayr-15-32-c2,"5,8659425328746915",
2025-07-25T14:05:43.7717990+03:00,A70000000000000000000000,,1,-66,"865,7",Speedwayr-15-32-c2,"0,48473792897186263",
2025-07-25T14:05:43.7766010+03:00,A30000000000000000000000,,1,"-63,5","865,7",Speedwayr-15-32-c2,"4,178563666200486",
2025-07-25T14:05:43.7776730+03:00,A20000000000000000000000,,1,"-61,5","865,7",Speedwayr-15-32-c2,"0,8160777791551611",
2025-07-25T14:05:43.7803000+03:00,A40000000000000000000000,,1,"-68,5","865,7",Speedwayr-15-32-c2,"3,8288160465625602",
2025-07-25T14:05:43.7816000+03:00,A80000000000000000000000,,1,"-69,5","865,7",Speedwayr-15-32-c2,"0,6442719309119693",
2025-07-25T14:05:43.7951640+03:00,A20000000000000000000000,,1,-61,"865,7",Speedwayr-15-32-c2,"0,7424467013366504",
2025-07-25T14:05:43.7962680+03:00,A30000000000000000000000,,1,"-63,5","865,7",Speedwayr-15-32-c2,"4,516039439535327",
2025-07-25T14:05:43.7990210+03:00,A60000000000000000000000,,1,-64,"865,7",Speedwayr-15-32-c2,"5,988660995905543",
2025-07-25T14:05:43.8016660+03:00,A70000000000000000000000,,1,"-65,5","865,7",Speedwayr-15-32-c2,"0,5338253141842031",
2025-07-25T14:05:43.8121360+03:00,A40000000000000000000000,,1,"-68,5","865,7",Speedwayr-15-32-c2,"3,9638063558964967",
2025-07-25T14:05:43.8413530+03:00,A60000000000000000000000,,1,"-64,5","865,7",Speedwayr-15-32-c2,"5,9518454569962875",
2025-07-25T14:05:43.8449570+03:00,A30000000000000000000000,,1,"-62,5","865,7",Speedwayr-15-32-c2,"4,23378697456437",
2025-07-25T14:05:43.8491940+03:00,A70000000000000000000000,,1,-66,"865,7",Speedwayr-15-32-c2,"0,5522330836388308",
2025-07-25T14:05:43.8516380+03:00,A40000000000000000000000,,1,"-67,5","865,7",Speedwayr-15-32-c2,"3,9147189706841563",
2025-07-25T14:05:43.8527390+03:00,A20000000000000000000000,,1,-62,"865,7",Speedwayr-15-32-c2,"0,6994952392758523",
2025-07-25T14:05:43.8595280+03:00,A80000000000000000000000,,1,"-72,5","865,7",Speedwayr-15-32-c2,"0,6872233929727672",
2025-07-25T14:05:43.8773640+03:00,A30000000000000000000000,,1,-62,"865,7",Speedwayr-15-32-c2,"4,01902966426038",
2025-07-25T14:05:43.8784740+03:00,A70000000000000000000000,,1,-65,"865,7",Speedwayr-15-32-c2,"0,6258641614573416",
2025-07-25T14:05:43.8800530+03:00,A20000000000000000000000,,1,"-60,5","865,7",Speedwayr-15-32-c2,"0,7485826244881929",
2025-07-25T14:05:43.8817500+03:00,A60000000000000000000000,,1,"-64,5","865,7",Speedwayr-15-32-c2,"5,988660995905543",
2025-07-25T14:05:43.8880010+03:00,A40000000000000000000000,,1,-67,"865,7",Speedwayr-15-32-c2,"3,847223816017188",
2025-07-25T14:05:43.8912850+03:00,A80000000000000000000000,,1,-71,"865,7",Speedwayr-15-32-c2,"0,7853981633974483",
2025-07-25T14:05:43.9064150+03:00,A20000000000000000000000,,1,-60,"865,7",Speedwayr-15-32-c2,"0,8099418560036186",
2025-07-25T14:05:43.9098880+03:00,A70000000000000000000000,,1,"-65,5","865,7",Speedwayr-15-32-c2,"0,619728238305799",
2025-07-25T14:05:43.9115090+03:00,A40000000000000000000000,,1,-67,"865,7",Speedwayr-15-32-c2,"4,006757817957295",
2025-07-25T14:05:43.9138170+03:00,A30000000000000000000000,,1,"-60,5","865,7",Speedwayr-15-32-c2,"4,154019973594316",
2025-07-25T14:05:43.9150740+03:00,A60000000000000000000000,,1,-64,"865,7",Speedwayr-15-32-c2,"6,12365130523948",
2025-07-25T14:05:43.9328280+03:00,A20000000000000000000000,,1,-61,"865,7",Speedwayr-15-32-c2,"0,7301748550335652",
2025-07-25T14:05:43.9346770+03:00,A70000000000000000000000,,1,"-64,5","865,7",Speedwayr-15-32-c2,"0,6320000846088841",
2025-07-25T14:05:43.9407640+03:00,A40000000000000000000000,,1,-67,"865,7",Speedwayr-15-32-c2,"4,031301510563465",
2025-07-25T14:05:43.9471560+03:00,A60000000000000000000000,,1,-64,"865,7",Speedwayr-15-32-c2,"6,12365130523948",
2025-07-25T14:05:43.9507000+03:00,A80000000000000000000000,,1,-69,"865,7",Speedwayr-15-32-c2,"1,3069516312785663",
2025-07-25T14:05:43.9663960+03:00,A60000000000000000000000,,1,-64,"865,7",Speedwayr-15-32-c2,"6,19728238305799",
2025-07-25T14:05:43.9681170+03:00,A20000000000000000000000,,1,-61,"865,7",Speedwayr-15-32-c2,"0,8099418560036186",
2025-07-25T14:05:43.9718790+03:00,A30000000000000000000000,,1,-63,"865,7",Speedwayr-15-32-c2,"4,2092432819582",
2025-07-25T14:05:43.9747030+03:00,A70000000000000000000000,,1,"-64,5","865,7",Speedwayr-15-32-c2,"0,9633399347921826",
2025-07-25T14:05:43.9787510+03:00,A40000000000000000000000,,1,-68,"865,7",Speedwayr-15-32-c2,"3,890175278077986",
2025-07-25T14:05:44.0082290+03:00,A60000000000000000000000,,1,"-63,5","865,7",Speedwayr-15-32-c2,"0,11044661672776616",
2025-07-25T14:05:44.0093340+03:00,A20000000000000000000000,,1,"-60,5","865,7",Speedwayr-15-32-c2,"0,8835729338221293",
2025-07-25T14:05:44.0104460+03:00,A70000000000000000000000,,1,-66,"865,7",Speedwayr-15-32-c2,"0,7240389318820226",
2025-07-25T14:05:44.0158580+03:00,A30000000000000000000000,,1,"-62,5","865,7",Speedwayr-15-32-c2,"4,252194744018997",
2025-07-25T14:05:44.0204180+03:00,A40000000000000000000000,,1,-68,"865,7",Speedwayr-15-32-c2,"3,9699422790480394",
2025-07-25T14:05:44.0319040+03:00,A80000000000000000000000,,1,"-72,5","865,7",Speedwayr-15-32-c2,"0,7731263170943632",
2025-07-25T14:05:44.0478180+03:00,A20000000000000000000000,,1,"-61,5","865,7",Speedwayr-15-32-c2,"1,1596894756415448",
2025-07-25T14:05:44.0504260+03:00,A60000000000000000000000,,1,"-64,5","865,7",Speedwayr-15-32-c2,"6,1850105367549055",
2025-07-25T14:05:44.0524430+03:00,A30000000000000000000000,,1,-63,"865,7",Speedwayr-15-32-c2,"4,166291819897402",
2025-07-25T14:05:44.0568240+03:00,A70000000000000000000000,,1,-67,"865,7",Speedwayr-15-32-c2,"0,6749515466696822",
2025-07-25T14:05:44.0587290+03:00,A40000000000000000000000,,1,"-67,5","865,7",Speedwayr-15-32-c2,"3,9208548938356986",
2025-07-25T14:05:44.0700470+03:00,A80000000000000000000000,,1,"-71,5","865,7",Speedwayr-15-32-c2,"0,760854470791278",
2025-07-25T14:05:44.0890230+03:00,A60000000000000000000000,,1,-65,"865,7",Speedwayr-15-32-c2,"6,234097921967246",
2025-07-25T14:05:44.0907600+03:00,A30000000000000000000000,,1,-63,"865,7",Speedwayr-15-32-c2,"4,239922897715912",
2025-07-25T14:05:44.0918700+03:00,A70000000000000000000000,,1,"-64,5","865,7",Speedwayr-15-32-c2,"0,7731263170943632",
2025-07-25T14:05:44.0990800+03:00,A20000000000000000000000,,1,-61,"865,7",Speedwayr-15-32-c2,"0,9203884727313847",
2025-07-25T14:05:44.1173590+03:00,A40000000000000000000000,,1,-67,"865,7",Speedwayr-15-32-c2,"0,8406214717613314",
2025-07-25T14:05:44.1260070+03:00,A80000000000000000000000,,1,"-70,5","865,7",Speedwayr-15-32-c2,"0,8160777791551611",
2025-07-25T14:05:44.1303770+03:00,A60000000000000000000000,,1,-64,"865,7",Speedwayr-15-32-c2,"6,154330920997192",
2025-07-25T14:05:44.1323560+03:00,A20000000000000000000000,,1,"-60,5","865,7",Speedwayr-15-32-c2,"0,9019807032767571",
2025-07-25T14:05:44.1360870+03:00,A70000000000000000000000,,1,-66,"865,7",Speedwayr-15-32-c2,"0,7976700097005334",
2025-07-25T14:05:44.1395050+03:00,A30000000000000000000000,,1,"-62,5","865,7",Speedwayr-15-32-c2,"4,313553975534423",
2025-07-25T14:05:44.1412400+03:00,A40000000000000000000000,,1,-68,"865,7",Speedwayr-15-32-c2,"3,933126740138784",
2025-07-25T14:05:44.1620890+03:00,A80000000000000000000000,,1,"-72,5","865,7",Speedwayr-15-32-c2,"0,8559612796401878",
2025-07-25T14:05:44.1688590+03:00,A40000000000000000000000,,1,-68,"865,7",Speedwayr-15-32-c2,"3,9453985864418692",
2025-07-25T14:05:44.1703490+03:00,A60000000000000000000000,,1,"-64,5","865,7",Speedwayr-15-32-c2,"6,252505691421874",
2025-07-25T14:05:44.1717330+03:00,A70000000000000000000000,,1,"-65,5","865,7",Speedwayr-15-32-c2,"0,8222137023067037",
2025-07-25T14:05:44.1731620+03:00,A20000000000000000000000,,1,-61,"865,7",Speedwayr-15-32-c2,"0,7976700097005334",
2025-07-25T14:05:44.1756180+03:00,A30000000000000000000000,,1,"-62,5","865,7",Speedwayr-15-32-c2,"4,301282129231338",
2025-07-25T14:05:44.2051530+03:00,A80000000000000000000000,,1,-71,"865,7",Speedwayr-15-32-c2,"0,8068738944278473",
2025-07-25T14:05:44.2087490+03:00,A30000000000000000000000,,1,-62,"865,7",Speedwayr-15-32-c2,"4,313553975534423",
2025-07-25T14:05:44.2112280+03:00,A60000000000000000000000,,1,-64,"865,7",Speedwayr-15-32-c2,"6,191146459906448",
2025-07-25T14:05:44.2149870+03:00,A20000000000000000000000,,1,"-60,5","865,7",Speedwayr-15-32-c2,"1,0615147052168636",
2025-07-25T14:05:44.2198940+03:00,A40000000000000000000000,,1,-68,"865,7",Speedwayr-15-32-c2,"3,7981364308048478",
2025-07-25T14:05:44.2237730+03:00,A70000000000000000000000,,1,-64,"865,7",Speedwayr-15-32-c2,"0,7363107781851077",
2025-07-25T14:05:44.2316730+03:00,A80000000000000000000000,,1,-68,"865,7",Speedwayr-15-32-c2,"0,6135923151542565",
2025-07-25T14:05:44.2445870+03:00,A20000000000000000000000,,1,-60,"865,7",Speedwayr-15-32-c2,"0,944932165337555",
2025-07-25T14:05:44.2514450+03:00,A30000000000000000000000,,1,-63,"865,7",Speedwayr-15-32-c2,"4,3074180523828804",
2025-07-25T14:05:44.2569180+03:00,A60000000000000000000000,,1,-65,"865,7",Speedwayr-15-32-c2,"6,0991076126333095",
2025-07-25T14:05:44.2583600+03:00,A70000000000000000000000,,1,-65,"865,7",Speedwayr-15-32-c2,"0,7240389318820226",
2025-07-25T14:05:44.2594830+03:00,A40000000000000000000000,,1,-68,"865,7",Speedwayr-15-32-c2,"3,9208548938356986",
2025-07-25T14:05:44.2808120+03:00,A20000000000000000000000,,1,"-59,5","865,7",Speedwayr-15-32-c2,"0,944932165337555",
2025-07-25T14:05:44.2838690+03:00,A40000000000000000000000,,1,"-65,5","865,7",Speedwayr-15-32-c2,"3,890175278077986",
2025-07-25T14:05:44.2897060+03:00,A60000000000000000000000,,1,-64,"865,7",Speedwayr-15-32-c2,"0,006135923151542565",
2025-07-25T14:05:44.2908160+03:00,A30000000000000000000000,,1,"-62,5","865,7",Speedwayr-15-32-c2,"4,313553975534423",
2025-07-25T14:05:44.2920130+03:00,A70000000000000000000000,,1,-65,"865,7",Speedwayr-15-32-c2,"0,7179030087304801",
2025-07-25T14:05:44.3006450+03:00,A80000000000000000000000,,1,-69,"865,7",Speedwayr-15-32-c2,"1,0492428589137786",
2025-07-25T14:05:44.3142030+03:00,A20000000000000000000000,,1,"-61,5","865,7",Speedwayr-15-32-c2,"0,6504078540635119",
2025-07-25T14:05:44.3172660+03:00,A70000000000000000000000,,1,"-61,5","865,7",Speedwayr-15-32-c2,"0,6381360077604268",
2025-07-25T14:05:44.3185990+03:00,A60000000000000000000000,,1,-62,"865,7",Speedwayr-15-32-c2,"6,17273869045182",
2025-07-25T14:05:44.3213140+03:00,A30000000000000000000000,,1,-62,"865,7",Speedwayr-15-32-c2,"4,454680208019902",
2025-07-25T14:05:44.3393540+03:00,A40000000000000000000000,,1,"-67,5","865,7",Speedwayr-15-32-c2,"0,8467573949128739",
2025-07-25T14:05:44.3522990+03:00,A80000000000000000000000,,1,"-72,5","865,7",Speedwayr-15-32-c2,"0,8559612796401878",
2025-07-25T14:05:44.3574120+03:00,A70000000000000000000000,,1,"-66,5","865,7",Speedwayr-15-32-c2,"0,8099418560036186",
2025-07-25T14:05:44.3605080+03:00,A60000000000000000000000,,1,"-64,5","865,7",Speedwayr-15-32-c2,"6,240233845118788",
2025-07-25T14:05:44.3624560+03:00,A20000000000000000000000,,1,"-61,5","865,7",Speedwayr-15-32-c2,"1,0246991663076084",
2025-07-25T14:05:44.3635360+03:00,A30000000000000000000000,,1,-61,"865,7",Speedwayr-15-32-c2,"4,295146206079795",
2025-07-25T14:05:44.3717760+03:00,A40000000000000000000000,,1,"-67,5","865,7",Speedwayr-15-32-c2,"3,9638063558964967",
2025-07-25T14:05:44.3823620+03:00,A80000000000000000000000,,1,"-72,5","865,7",Speedwayr-15-32-c2,"0,7976700097005334",
2025-07-25T14:05:44.3921830+03:00,A70000000000000000000000,,1,-66,"865,7",Speedwayr-15-32-c2,"0,5092816215780329",
2025-07-25T14:05:44.3936370+03:00,A60000000000000000000000,,1,-60,"865,7",Speedwayr-15-32-c2,"6,277049384028044",
2025-07-25T14:05:44.3947350+03:00,A20000000000000000000000,,1,"-59,5","865,7",Speedwayr-15-32-c2,"0,9081166264282996",
2025-07-25T14:05:44.3970520+03:00,A30000000000000000000000,,1,-63,"865,7",Speedwayr-15-32-c2,"4,295146206079795",
2025-07-25T14:05:44.4001580+03:00,A40000000000000000000000,,1,-68,"865,7",Speedwayr-15-32-c2,"3,9453985864418692",
2025-07-25T14:05:44.4207550+03:00,A80000000000000000000000,,1,"-72,5","865,7",Speedwayr-15-32-c2,"3,825748084986789",
2025-07-25T14:05:44.4303500+03:00,A30000000000000000000000,,1,-63,"865,7",Speedwayr-15-32-c2,"4,356505437595221",
2025-07-25T14:05:44.4341580+03:00,A60000000000000000000000,,1,"-64,5","865,7",Speedwayr-15-32-c2,"6,252505691421874",
2025-07-25T14:05:44.4355500+03:00,A20000000000000000000000,,1,"-60,5","865,7",Speedwayr-15-32-c2,"0,8160777791551611",
2025-07-25T14:05:44.4493900+03:00,A70000000000000000000000,,1,"-65,5","865,7",Speedwayr-15-32-c2,"0,7179030087304801",
2025-07-25T14:05:44.4520460+03:00,A40000000000000000000000,,1,-68,"865,7",Speedwayr-15-32-c2,"3,730641276137879",
2025-07-25T14:05:44.4804420+03:00,A80000000000000000000000,,1,-72,"865,7",Speedwayr-15-32-c2,"0,5522330836388308",
2025-07-25T14:05:44.4868820+03:00,A20000000000000000000000,,1,"-61,5","865,7",Speedwayr-15-32-c2,"1,282407938672396",
2025-07-25T14:05:44.4895700+03:00,A60000000000000000000000,,1,"-63,5","865,7",Speedwayr-15-32-c2,"6,277049384028044",
2025-07-25T14:05:44.4918900+03:00,A40000000000000000000000,,1,-68,"865,7",Speedwayr-15-32-c2,"3,9760782021995817",
2025-07-25T14:05:44.4941270+03:00,A30000000000000000000000,,1,-61,"865,7",Speedwayr-15-32-c2,"4,221515128261284",
2025-07-25T14:05:44.4976900+03:00,A70000000000000000000000,,1,"-66,5","865,7",Speedwayr-15-32-c2,"0,5645049299419159",
2025-07-25T14:05:44.5202420+03:00,A20000000000000000000000,,1,"-60,5","865,7",Speedwayr-15-32-c2,"0,8713010875190442",
2025-07-25T14:05:44.5226070+03:00,A70000000000000000000000,,1,"-64,5","865,7",Speedwayr-15-32-c2,"0,6381360077604268",
2025-07-25T14:05:44.5237080+03:00,A30000000000000000000000,,1,"-62,5","865,7",Speedwayr-15-32-c2,"3,767456815047135",
2025-07-25T14:05:44.5273340+03:00,A60000000000000000000000,,1,"-63,5","865,7",Speedwayr-15-32-c2,"6,277049384028044",
2025-07-25T14:05:44.5301460+03:00,A40000000000000000000000,,1,"-67,5","865,7",Speedwayr-15-32-c2,"3,9392626632903265",
2025-07-25T14:05:44.5514360+03:00,A80000000000000000000000,,1,"-71,5","865,7",Speedwayr-15-32-c2,"0,5368932757599744",
2025-07-25T14:05:44.5582510+03:00,A70000000000000000000000,,1,"-65,5","865,7",Speedwayr-15-32-c2,"0,4111068511533518",
2025-07-25T14:05:44.5596000+03:00,A20000000000000000000000,,1,"-60,5","865,7",Speedwayr-15-32-c2,"0,6933593161243098",
2025-07-25T14:05:44.5654460+03:00,A60000000000000000000000,,1,"-62,5","865,7",Speedwayr-15-32-c2,"6,19728238305799",
2025-07-25T14:05:44.5690510+03:00,A30000000000000000000000,,1,"-63,5","865,7",Speedwayr-15-32-c2,"4,331961744989051",
2025-07-25T14:05:44.5824790+03:00,A40000000000000000000000,,1,"-66,5","865,7",Speedwayr-15-32-c2,"3,877903431774901",
2025-07-25T14:05:44.5996520+03:00,A30000000000000000000000,,1,-63,"865,7",Speedwayr-15-32-c2,"4,252194744018997",
2025-07-25T14:05:44.6024900+03:00,A70000000000000000000000,,1,"-65,5","865,7",Speedwayr-15-32-c2,"0,46019423636569234",
2025-07-25T14:05:44.6044200+03:00,A60000000000000000000000,,1,"-63,5","865,7",Speedwayr-15-32-c2,"6,227961998815704",
2025-07-25T14:05:44.6060420+03:00,A20000000000000000000000,,1,-61,"865,7",Speedwayr-15-32-c2,"0,6688156235181395",
2025-07-25T14:05:44.6097790+03:00,A40000000000000000000000,,1,"-66,5","865,7",Speedwayr-15-32-c2,"3,6999616603801666",
2025-07-25T14:05:44.6398000+03:00,A40000000000000000000000,,1,-68,"865,7",Speedwayr-15-32-c2,"3,80427235395639",
2025-07-25T14:05:44.6418430+03:00,A60000000000000000000000,,1,"-63,5","865,7",Speedwayr-15-32-c2,"6,277049384028044",
2025-07-25T14:05:44.6450250+03:00,A30000000000000000000000,,1,"-62,5","865,7",Speedwayr-15-32-c2,"3,9269908169872414",
2025-07-25T14:05:44.6461470+03:00,A20000000000000000000000,,1,-60,"865,7",Speedwayr-15-32-c2,"0,5829126993965437",
2025-07-25T14:05:44.6494760+03:00,A70000000000000000000000,,1,-65,"865,7",Speedwayr-15-32-c2,"0,44178646691106466",
2025-07-25T14:05:44.6764850+03:00,A30000000000000000000000,,1,-63,"865,7",Speedwayr-15-32-c2,"4,2092432819582",
2025-07-25T14:05:44.6783640+03:00,A60000000000000000000000,,1,-62,"865,7",Speedwayr-15-32-c2,"6,240233845118788",
2025-07-25T14:05:44.6803140+03:00,A20000000000000000000000,,1,"-60,5","865,7",Speedwayr-15-32-c2,"0,7301748550335652",
2025-07-25T14:05:44.6818600+03:00,A70000000000000000000000,,1,-66,"865,7",Speedwayr-15-32-c2,"0,4540583132141498",
2025-07-25T14:05:44.6894720+03:00,A40000000000000000000000,,1,-68,"865,7",Speedwayr-15-32-c2,"3,7551849687440497",
2025-07-25T14:05:44.7024540+03:00,A30000000000000000000000,,1,-63,"865,7",Speedwayr-15-32-c2,"4,301282129231338",
2025-07-25T14:05:44.7043880+03:00,A20000000000000000000000,,1,"-60,5","865,7",Speedwayr-15-32-c2,"0,5645049299419159",
2025-07-25T14:05:44.7089140+03:00,A60000000000000000000000,,1,"-62,5","865,7",Speedwayr-15-32-c2,"5,927301764390117",
2025-07-25T14:05:44.7100260+03:00,A70000000000000000000000,,1,-65,"865,7",Speedwayr-15-32-c2,"0,4908738521234052",
2025-07-25T14:05:44.7212760+03:00,A40000000000000000000000,,1,-66,"865,7",Speedwayr-15-32-c2,"3,792000507653305",
2025-07-25T14:05:44.7517370+03:00,A60000000000000000000000,,1,-63,"865,7",Speedwayr-15-32-c2,"6,191146459906448",
2025-07-25T14:05:44.7528640+03:00,A20000000000000000000000,,1,"-59,5","865,7",Speedwayr-15-32-c2,"0,6442719309119693",
2025-07-25T14:05:44.7581380+03:00,A70000000000000000000000,,1,-66,"865,7",Speedwayr-15-32-c2,"0,5031456984264903",
2025-07-25T14:05:44.7604050+03:00,A40000000000000000000000,,1,-68,"865,7",Speedwayr-15-32-c2,"3,834951969714103",
2025-07-25T14:05:44.7617070+03:00,A30000000000000000000000,,1,"-62,5","865,7",Speedwayr-15-32-c2,"4,276738436625168",
2025-07-25T14:05:44.7745170+03:00,A20000000000000000000000,,1,-61,"865,7",Speedwayr-15-32-c2,"0,6933593161243098",
2025-07-25T14:05:44.7794990+03:00,A60000000000000000000000,,1,-63,"865,7",Speedwayr-15-32-c2,"0,07363107781851078",
2025-07-25T14:05:44.7809230+03:00,A30000000000000000000000,,1,"-63,5","865,7",Speedwayr-15-32-c2,"4,239922897715912",
2025-07-25T14:05:44.7836550+03:00,A70000000000000000000000,,1,-65,"865,7",Speedwayr-15-32-c2,"0,4356505437595221",
2025-07-25T14:05:44.7911500+03:00,A40000000000000000000000,,1,-68,"865,7",Speedwayr-15-32-c2,"3,822680123411018",
2025-07-25T14:05:44.8129500+03:00,A60000000000000000000000,,1,-63,"865,7",Speedwayr-15-32-c2,"5,945709533844745",
2025-07-25T14:05:44.8185220+03:00,A20000000000000000000000,,1,"-60,5","865,7",Speedwayr-15-32-c2,"0,5767767762450011",
2025-07-25T14:05:44.8200140+03:00,A30000000000000000000000,,1,"-62,5","865,7",Speedwayr-15-32-c2,"4,25833066717054",
2025-07-25T14:05:44.8270030+03:00,A70000000000000000000000,,1,-65,"865,7",Speedwayr-15-32-c2,"0,39269908169872414",
2025-07-25T14:05:44.8283580+03:00,A40000000000000000000000,,1,-65,"865,7",Speedwayr-15-32-c2,"3,6079228131070282",
2025-07-25T14:05:44.8608560+03:00,A20000000000000000000000,,1,-61,"865,7",Speedwayr-15-32-c2,"0,6013204688511713",
2025-07-25T14:05:44.8619110+03:00,A70000000000000000000000,,1,"-65,5","865,7",Speedwayr-15-32-c2,"0,34974761963792617",
2025-07-25T14:05:44.8664830+03:00,A30000000000000000000000,,1,-63,"865,7",Speedwayr-15-32-c2,"4,289010282928253",
2025-07-25T14:05:44.8704680+03:00,A60000000000000000000000,,1,"-63,5","865,7",Speedwayr-15-32-c2,"6,080699843178682",
2025-07-25T14:05:44.8982580+03:00,A70000000000000000000000,,1,"-65,5","865,7",Speedwayr-15-32-c2,"0,521553467881118",
2025-07-25T14:05:44.8996330+03:00,A20000000000000000000000,,1,"-61,5","865,7",Speedwayr-15-32-c2,"0,619728238305799",
2025-07-25T14:05:44.9047700+03:00,A30000000000000000000000,,1,"-61,5","865,7",Speedwayr-15-32-c2,"4,166291819897402",
2025-07-25T14:05:44.9085310+03:00,A60000000000000000000000,,1,"-63,5","865,7",Speedwayr-15-32-c2,"6,117515382087937",
2025-07-25T14:05:44.9110890+03:00,A40000000000000000000000,,1,"-67,5","865,7",Speedwayr-15-32-c2,"3,6447383520162835",
2025-07-25T14:05:44.9230940+03:00,A20000000000000000000000,,1,"-60,5","865,7",Speedwayr-15-32-c2,"0,6013204688511713",
2025-07-25T14:05:44.9273760+03:00,A30000000000000000000000,,1,-63,"865,7",Speedwayr-15-32-c2,"4,473087977474529",
2025-07-25T14:05:44.9305160+03:00,A60000000000000000000000,,1,-64,"865,7",Speedwayr-15-32-c2,"6,068427996875596",
2025-07-25T14:05:44.9358850+03:00,A70000000000000000000000,,1,"-65,5","865,7",Speedwayr-15-32-c2,"0,5706408530934585",
2025-07-25T14:05:44.9403160+03:00,A40000000000000000000000,,1,-67,"865,7",Speedwayr-15-32-c2,"3,7981364308048478",
2025-07-25T14:05:44.9804870+03:00,A70000000000000000000000,,1,"-64,5","865,7",Speedwayr-15-32-c2,"0,39269908169872414",
2025-07-25T14:05:44.9820560+03:00,A20000000000000000000000,,1,-61,"865,7",Speedwayr-15-32-c2,"0,5583690067903734",
2025-07-25T14:05:44.9859950+03:00,A30000000000000000000000,,1,-63,"865,7",Speedwayr-15-32-c2,"4,190835512503572",
2025-07-25T14:05:44.9898300+03:00,A60000000000000000000000,,1,"-63,5","865,7",Speedwayr-15-32-c2,"6,025476534814799",
2025-07-25T14:05:44.9917380+03:00,A40000000000000000000000,,1,-68,"865,7",Speedwayr-15-32-c2,"3,663146121470911",
2025-07-25T14:05:45.0047940+03:00,A30000000000000000000000,,1,"-62,5","865,7",Speedwayr-15-32-c2,"4,190835512503572",
2025-07-25T14:05:45.0083080+03:00,A40000000000000000000000,,1,"-67,5","865,7",Speedwayr-15-32-c2,"3,663146121470911",
2025-07-25T14:05:45.0100950+03:00,A60000000000000000000000,,1,-64,"865,7",Speedwayr-15-32-c2,"6,068427996875596",
2025-07-25T14:05:45.0183820+03:00,A20000000000000000000000,,1,"-61,5","865,7",Speedwayr-15-32-c2,"0,6013204688511713",
2025-07-25T14:05:45.0196940+03:00,A70000000000000000000000,,1,"-65,5","865,7",Speedwayr-15-32-c2,"0,3988350048502667",
2025-07-25T14:05:45.0680980+03:00,A30000000000000000000000,,1,"-61,5","865,7",Speedwayr-15-32-c2,"4,0987966652304335",
2025-07-25T14:05:45.0702360+03:00,A70000000000000000000000,,1,-66,"865,7",Speedwayr-15-32-c2,"0,34974761963792617",
2025-07-25T14:05:45.0745140+03:00,A60000000000000000000000,,1,"-63,5","865,7",Speedwayr-15-32-c2,"6,135923151542564",
2025-07-25T14:05:45.0755820+03:00,A20000000000000000000000,,1,-59,"865,7",Speedwayr-15-32-c2,"0,5645049299419159",
2025-07-25T14:05:45.0912530+03:00,A20000000000000000000000,,1,"-60,5","865,7",Speedwayr-15-32-c2,"0,7363107781851077",
2025-07-25T14:05:45.0949960+03:00,A70000000000000000000000,,1,"-64,5","865,7",Speedwayr-15-32-c2,"0,47860200582032003",
2025-07-25T14:05:45.0971460+03:00,A30000000000000000000000,,1,-63,"865,7",Speedwayr-15-32-c2,"4,2031073588066565",
2025-07-25T14:05:45.1035910+03:00,A60000000000000000000000,,1,-64,"865,7",Speedwayr-15-32-c2,"6,111379458936394",
2025-07-25T14:05:45.1091820+03:00,A40000000000000000000000,,1,"-66,5","865,7",Speedwayr-15-32-c2,"3,6201946594101133",
2025-07-25T14:05:45.1429600+03:00,A20000000000000000000000,,1,-61,"865,7",Speedwayr-15-32-c2,"0,7547185476397354",
2025-07-25T14:05:45.1477790+03:00,A30000000000000000000000,,1,-63,"865,7",Speedwayr-15-32-c2,"4,104932588381976",
2025-07-25T14:05:45.1497150+03:00,A70000000000000000000000,,1,-65,"865,7",Speedwayr-15-32-c2,"0,4356505437595221",
2025-07-25T14:05:45.1512240+03:00,A40000000000000000000000,,1,"-67,5","865,7",Speedwayr-15-32-c2,"3,792000507653305",
2025-07-25T14:05:45.1523350+03:00,A60000000000000000000000,,1,-64,"865,7",Speedwayr-15-32-c2,"6,074563920027139",
2025-07-25T14:05:45.1624800+03:00,A80000000000000000000000,,1,"-74,5","865,7",Speedwayr-15-32-c2,"0,09203884727313846",
2025-07-25T14:05:45.1704580+03:00,A20000000000000000000000,,1,-61,"865,7",Speedwayr-15-32-c2,"0,6688156235181395",
2025-07-25T14:05:45.1719300+03:00,A40000000000000000000000,,1,"-68,5","865,7",Speedwayr-15-32-c2,"3,7429131224409646",
2025-07-25T14:05:45.1732710+03:00,A60000000000000000000000,,1,-63,"865,7",Speedwayr-15-32-c2,"5,902758071783947",
2025-07-25T14:05:45.1743970+03:00,A30000000000000000000000,,1,"-62,5","865,7",Speedwayr-15-32-c2,"4,1601558967458585",
2025-07-25T14:05:45.1763340+03:00,A70000000000000000000000,,1,"-65,5","865,7",Speedwayr-15-32-c2,"0,380427235395639",
2025-07-25T14:05:45.1994160+03:00,A80000000000000000000000,,1,-72,"865,7",Speedwayr-15-32-c2,"0,08283496254582462",
2025-07-25T14:05:45.2042090+03:00,A70000000000000000000000,,1,-65,"865,7",Speedwayr-15-32-c2,"0,607456392002714",
2025-07-25T14:05:45.2064080+03:00,A60000000000000000000000,,1,"-64,5","865,7",Speedwayr-15-32-c2,"5,859806609723149",
2025-07-25T14:05:45.2078310+03:00,A30000000000000000000000,,1,"-62,5","865,7",Speedwayr-15-32-c2,"4,196971435655114",
2025-07-25T14:05:45.2103490+03:00,A40000000000000000000000,,1,"-68,5","865,7",Speedwayr-15-32-c2,"3,724505352986337",
2025-07-25T14:05:45.2114870+03:00,A20000000000000000000000,,1,-60,"865,7",Speedwayr-15-32-c2,"0,5890486225480862",
2025-07-25T14:05:45.2315520+03:00,A80000000000000000000000,,1,"-73,5","865,7",Speedwayr-15-32-c2,"0,04601942363656923",
2025-07-25T14:05:45.2376080+03:00,A70000000000000000000000,,1,"-65,5","865,7",Speedwayr-15-32-c2,"0,5583690067903734",
2025-07-25T14:05:45.2386880+03:00,A20000000000000000000000,,1,-59,"865,7",Speedwayr-15-32-c2,"0,6258641614573416",
2025-07-25T14:05:45.2403000+03:00,A40000000000000000000000,,1,-67,"865,7",Speedwayr-15-32-c2,"3,5342917352885173",
2025-07-25T14:05:45.2413540+03:00,A30000000000000000000000,,1,-64,"865,7",Speedwayr-15-32-c2,"4,2092432819582",
2025-07-25T14:05:45.2460880+03:00,A60000000000000000000000,,1,-63,"865,7",Speedwayr-15-32-c2,"6,14819499784565",
2025-07-25T14:05:45.2617460+03:00,A80000000000000000000000,,1,"-73,5","865,7",Speedwayr-15-32-c2,"0,20248546400090464",
2025-07-25T14:05:45.2662300+03:00,A20000000000000000000000,,1,"-57,5","865,7",Speedwayr-15-32-c2,"0,6013204688511713",
2025-07-25T14:05:45.2688510+03:00,A70000000000000000000000,,1,-65,"865,7",Speedwayr-15-32-c2,"0,42337869745643697",
2025-07-25T14:05:45.2708600+03:00,A60000000000000000000000,,1,-64,"865,7",Speedwayr-15-32-c2,"5,976389149602458",
2025-07-25T14:05:45.2722320+03:00,A30000000000000000000000,,1,-62,"865,7",Speedwayr-15-32-c2,"4,2092432819582",
2025-07-25T14:05:45.2800700+03:00,A40000000000000000000000,,1,"-66,5","865,7",Speedwayr-15-32-c2,"3,650874275167826",
2025-07-25T14:05:45.3078630+03:00,A20000000000000000000000,,1,-60,"865,7",Speedwayr-15-32-c2,"0,7117670855789375",
2025-07-25T14:05:45.3100720+03:00,A60000000000000000000000,,1,-64,"865,7",Speedwayr-15-32-c2,"6,043884304269426",
2025-07-25T14:05:45.3111260+03:00,A70000000000000000000000,,1,-66,"865,7",Speedwayr-15-32-c2,"0,4295146206079795",
2025-07-25T14:05:45.3142250+03:00,A30000000000000000000000,,1,-63,"865,7",Speedwayr-15-32-c2,"3,650874275167826",
2025-07-25T14:05:45.3204150+03:00,A40000000000000000000000,,1,"-68,5","865,7",Speedwayr-15-32-c2,"3,7122335066832517",
2025-07-25T14:05:45.3329510+03:00,A30000000000000000000000,,1,-63,"865,7",Speedwayr-15-32-c2,"4,123340357836604",
2025-07-25T14:05:45.3343700+03:00,A20000000000000000000000,,1,-58,"865,7",Speedwayr-15-32-c2,"0,6688156235181395",
2025-07-25T14:05:45.3357780+03:00,A60000000000000000000000,,1,-63,"865,7",Speedwayr-15-32-c2,"6,111379458936394",
2025-07-25T14:05:45.3390220+03:00,A70000000000000000000000,,1,-65,"865,7",Speedwayr-15-32-c2,"0,16566992509164924",
2025-07-25T14:05:45.3403410+03:00,A40000000000000000000000,,1,"-67,5","865,7",Speedwayr-15-32-c2,"3,522019888985432",
2025-07-25T14:05:45.3623000+03:00,A80000000000000000000000,,1,-73,"865,7",Speedwayr-15-32-c2,"0,25464081078901646",
2025-07-25T14:05:45.3666200+03:00,A30000000000000000000000,,1,-62,"865,7",Speedwayr-15-32-c2,"4,166291819897402",
2025-07-25T14:05:45.3688750+03:00,A20000000000000000000000,,1,"-61,5","865,7",Speedwayr-15-32-c2,"0,5338253141842031",
2025-07-25T14:05:45.3706710+03:00,A60000000000000000000000,,1,"-63,5","865,7",Speedwayr-15-32-c2,"6,043884304269426",
2025-07-25T14:05:45.3784910+03:00,A70000000000000000000000,,1,"-65,5","865,7",Speedwayr-15-32-c2,"0,4111068511533518",
2025-07-25T14:05:45.3795750+03:00,A40000000000000000000000,,1,-68,"865,7",Speedwayr-15-32-c2,"3,77972866135022",
2025-07-25T14:05:45.4096960+03:00,A60000000000000000000000,,1,"-64,5","865,7",Speedwayr-15-32-c2,"5,9518454569962875",
2025-07-25T14:05:45.4107520+03:00,A30000000000000000000000,,1,-63,"865,7",Speedwayr-15-32-c2,"4,135612204139688",
2025-07-25T14:05:45.4121440+03:00,A70000000000000000000000,,1,-65,"865,7",Speedwayr-15-32-c2,"0,46019423636569234",
2025-07-25T14:05:45.4131990+03:00,A20000000000000000000000,,1,"-60,5","865,7",Speedwayr-15-32-c2,"0,6688156235181395",
2025-07-25T14:05:45.4193920+03:00,A40000000000000000000000,,1,"-68,5","865,7",Speedwayr-15-32-c2,"3,9638063558964967",
2025-07-25T14:05:45.4329640+03:00,A60000000000000000000000,,1,"-64,5","865,7",Speedwayr-15-32-c2,"6,043884304269426",
2025-07-25T14:05:45.4371060+03:00,A30000000000000000000000,,1,-63,"865,7",Speedwayr-15-32-c2,"3,9944859716542096",
2025-07-25T14:05:45.4381170+03:00,A20000000000000000000000,,1,-61,"865,7",Speedwayr-15-32-c2,"0,7179030087304801",
2025-07-25T14:05:45.4393040+03:00,A70000000000000000000000,,1,"-65,5","865,7",Speedwayr-15-32-c2,"0,5890486225480862",
2025-07-25T14:05:45.4404150+03:00,A40000000000000000000000,,1,-68,"865,7",Speedwayr-15-32-c2,"3,393165502803038",
2025-07-25T14:05:45.4669710+03:00,A20000000000000000000000,,1,"-59,5","865,7",Speedwayr-15-32-c2,"0,7240389318820226",
2025-07-25T14:05:45.4684250+03:00,A30000000000000000000000,,1,-62,"865,7",Speedwayr-15-32-c2,"4,196971435655114",
2025-07-25T14:05:45.4695110+03:00,A70000000000000000000000,,1,-66,"865,7",Speedwayr-15-32-c2,"0,3865631585471816",
2025-07-25T14:05:45.4720360+03:00,A60000000000000000000000,,1,"-64,5","865,7",Speedwayr-15-32-c2,"6,14819499784565",
2025-07-25T14:05:45.4872740+03:00,A30000000000000000000000,,1,-63,"865,7",Speedwayr-15-32-c2,"4,166291819897402",
2025-07-25T14:05:45.4889990+03:00,A70000000000000000000000,,1,"-65,5","865,7",Speedwayr-15-32-c2,"0,5583690067903734",
2025-07-25T14:05:45.4901240+03:00,A60000000000000000000000,,1,"-62,5","865,7",Speedwayr-15-32-c2,"5,9518454569962875",
2025-07-25T14:05:45.4911800+03:00,A20000000000000000000000,,1,-61,"865,7",Speedwayr-15-32-c2,"0,7240389318820226",
2025-07-25T14:05:45.4990470+03:00,A40000000000000000000000,,1,-68,"865,7",Speedwayr-15-32-c2,"3,3870295796514958",
2025-07-25T14:05:45.5266800+03:00,A70000000000000000000000,,1,"-63,5","865,7",Speedwayr-15-32-c2,"0,36815538909255385",
2025-07-25T14:05:45.5308080+03:00,A30000000000000000000000,,1,"-62,5","865,7",Speedwayr-15-32-c2,"4,154019973594316",
2025-07-25T14:05:45.5321350+03:00,A40000000000000000000000,,1,"-68,5","865,7",Speedwayr-15-32-c2,"3,3072625786814425",
2025-07-25T14:05:45.5371140+03:00,A20000000000000000000000,,1,-60,"865,7",Speedwayr-15-32-c2,"0,6688156235181395",
2025-07-25T14:05:45.5394010+03:00,A60000000000000000000000,,1,"-64,5","865,7",Speedwayr-15-32-c2,"6,043884304269426",
2025-07-25T14:05:45.5882950+03:00,A60000000000000000000000,,1,"-64,5","865,7",Speedwayr-15-32-c2,"5,712544454086128",
2025-07-25T14:05:45.5896340+03:00,A30000000000000000000000,,1,"-62,5","865,7",Speedwayr-15-32-c2,"4,104932588381976",
2025-07-25T14:05:45.5909800+03:00,A20000000000000000000000,,1,"-60,5","865,7",Speedwayr-15-32-c2,"0,6810874698212247",
2025-07-25T14:05:45.5935610+03:00,A70000000000000000000000,,1,"-65,5","865,7",Speedwayr-15-32-c2,"0,3313398501832985",
2025-07-25T14:05:45.5992670+03:00,A40000000000000000000000,,1,"-68,5","865,7",Speedwayr-15-32-c2,"3,442252888015379",
2025-07-25T14:05:45.6145350+03:00,A40000000000000000000000,,1,"-67,5","865,7",Speedwayr-15-32-c2,"3,411573272257666",
2025-07-25T14:05:45.6184290+03:00,A70000000000000000000000,,1,-66,"865,7",Speedwayr-15-32-c2,"0,380427235395639",
2025-07-25T14:05:45.6203430+03:00,A30000000000000000000000,,1,"-63,5","865,7",Speedwayr-15-32-c2,"4,086524818927348",
2025-07-25T14:05:45.6214770+03:00,A20000000000000000000000,,1,"-59,5","865,7",Speedwayr-15-32-c2,"0,6810874698212247",
2025-07-25T14:05:45.6227210+03:00,A60000000000000000000000,,1,"-64,5","865,7",Speedwayr-15-32-c2,"6,0991076126333095",
2025-07-25T14:05:45.6599070+03:00,A40000000000000000000000,,1,"-68,5","865,7",Speedwayr-15-32-c2,"3,3379421944391554",
2025-07-25T14:05:45.6635590+03:00,A30000000000000000000000,,1,-63,"865,7",Speedwayr-15-32-c2,"4,061981126321178",
2025-07-25T14:05:45.6648550+03:00,A20000000000000000000000,,1,-61,"865,7",Speedwayr-15-32-c2,"0,7117670855789375",
2025-07-25T14:05:45.6678290+03:00,A60000000000000000000000,,1,"-64,5","865,7",Speedwayr-15-32-c2,"5,780039608753096",
2025-07-25T14:05:45.6707550+03:00,A70000000000000000000000,,1,"-65,5","865,7",Speedwayr-15-32-c2,"0,3190680038802134",
2025-07-25T14:05:45.6865510+03:00,A20000000000000000000000,,1,-61,"865,7",Speedwayr-15-32-c2,"1,0062913968529805",
2025-07-25T14:05:45.6884340+03:00,A60000000000000000000000,,1,"-64,5","865,7",Speedwayr-15-32-c2,"5,792311455056181",
2025-07-25T14:05:45.6900290+03:00,A70000000000000000000000,,1,"-65,5","865,7",Speedwayr-15-32-c2,"0,2761165418194154",
2025-07-25T14:05:45.6924910+03:00,A40000000000000000000000,,1,"-66,5","865,7",Speedwayr-15-32-c2,"3,2397674240144743",
2025-07-25T14:05:45.6950120+03:00,A30000000000000000000000,,1,"-62,5","865,7",Speedwayr-15-32-c2,"4,178563666200486",
2025-07-25T14:05:45.7161500+03:00,A20000000000000000000000,,1,"-60,5","865,7",Speedwayr-15-32-c2,"0,6320000846088841",
2025-07-25T14:05:45.7189800+03:00,A30000000000000000000000,,1,-63,"865,7",Speedwayr-15-32-c2,"4,154019973594316",
2025-07-25T14:05:45.7226880+03:00,A70000000000000000000000,,1,-66,"865,7",Speedwayr-15-32-c2,"0,2699806186678728",
2025-07-25T14:05:45.7297440+03:00,A60000000000000000000000,,1,"-64,5","865,7",Speedwayr-15-32-c2,"6,037748381117884",
2025-07-25T14:05:45.7307980+03:00,A40000000000000000000000,,1,"-67,5","865,7",Speedwayr-15-32-c2,"3,2949907323783574",
2025-07-25T14:05:45.7701700+03:00,A30000000000000000000000,,1,"-62,5","865,7",Speedwayr-15-32-c2,"4,1417481272912315",
2025-07-25T14:05:45.7715110+03:00,A70000000000000000000000,,1,"-66,5","865,7",Speedwayr-15-32-c2,"0,2454369260617026",
2025-07-25T14:05:45.7725640+03:00,A60000000000000000000000,,1,-65,"865,7",Speedwayr-15-32-c2,"5,902758071783947",
2025-07-25T14:05:45.7753570+03:00,A20000000000000000000000,,1,-61,"865,7",Speedwayr-15-32-c2,"0,6810874698212247",
2025-07-25T14:05:45.7881620+03:00,A30000000000000000000000,,1,"-62,5","865,7",Speedwayr-15-32-c2,"4,1417481272912315",
2025-07-25T14:05:45.7903500+03:00,A20000000000000000000000,,1,"-60,5","865,7",Speedwayr-15-32-c2,"0,6381360077604268",
2025-07-25T14:05:45.7930470+03:00,A60000000000000000000000,,1,-64,"865,7",Speedwayr-15-32-c2,"5,737088146692298",
2025-07-25T14:05:45.8002610+03:00,A40000000000000000000000,,1,-69,"865,7",Speedwayr-15-32-c2,"3,718369429834794",
2025-07-25T14:05:45.8214070+03:00,A80000000000000000000000,,1,-74,"865,7",Speedwayr-15-32-c2,"2,5249323768597653",
2025-07-25T14:05:45.8305870+03:00,A60000000000000000000000,,1,"-64,5","865,7",Speedwayr-15-32-c2,"5,835262917116979",
2025-07-25T14:05:45.8316170+03:00,A30000000000000000000000,,1,"-62,5","865,7",Speedwayr-15-32-c2,"4,239922897715912",
2025-07-25T14:05:45.8332100+03:00,A20000000000000000000000,,1,-61,"865,7",Speedwayr-15-32-c2,"0,6320000846088841",
2025-07-25T14:05:45.8421320+03:00,A70000000000000000000000,,1,-65,"865,7",Speedwayr-15-32-c2,"0,1043106935762236",
2025-07-25T14:05:45.8637740+03:00,A30000000000000000000000,,1,"-62,5","865,7",Speedwayr-15-32-c2,"4,2092432819582",
2025-07-25T14:05:45.8697360+03:00,A20000000000000000000000,,1,-61,"865,7",Speedwayr-15-32-c2,"0,6504078540635119",
2025-07-25T14:05:45.8713390+03:00,A70000000000000000000000,,1,-66,"865,7",Speedwayr-15-32-c2,"0,03681553890925539",
2025-07-25T14:05:45.8725210+03:00,A40000000000000000000000,,1,"-67,5","865,7",Speedwayr-15-32-c2,"3,479068426924634",
2025-07-25T14:05:45.8775810+03:00,A60000000000000000000000,,1,-63,"865,7",Speedwayr-15-32-c2,"5,755495916146925",
2025-07-25T14:05:45.9080010+03:00,A80000000000000000000000,,1,-72,"865,7",Speedwayr-15-32-c2,"2,1690488340702965",
2025-07-25T14:05:45.9118700+03:00,A20000000000000000000000,,1,"-60,5","865,7",Speedwayr-15-32-c2,"0,5706408530934585",
2025-07-25T14:05:45.9132310+03:00,A60000000000000000000000,,1,-64,"865,7",Speedwayr-15-32-c2,"5,737088146692298",
2025-07-25T14:05:45.9178840+03:00,A30000000000000000000000,,1,"-62,5","865,7",Speedwayr-15-32-c2,"4,2031073588066565",
2025-07-25T14:05:45.9197070+03:00,A70000000000000000000000,,1,-66,"865,7",Speedwayr-15-32-c2,"0,06135923151542565",
2025-07-25T14:05:45.9208930+03:00,A40000000000000000000000,,1,"-66,5","865,7",Speedwayr-15-32-c2,"3,4913402732277192",
2025-07-25T14:05:45.9521330+03:00,A40000000000000000000000,,1,"-68,5","865,7",Speedwayr-15-32-c2,"3,5158839658338894",
2025-07-25T14:05:45.9540140+03:00,A30000000000000000000000,,1,-62,"865,7",Speedwayr-15-32-c2,"4,374913207049849",
2025-07-25T14:05:45.9551510+03:00,A20000000000000000000000,,1,"-58,5","865,7",Speedwayr-15-32-c2,"0,6442719309119693",
2025-07-25T14:05:45.9572450+03:00,A60000000000000000000000,,1,-64,"865,7",Speedwayr-15-32-c2,"5,651185222570702",
2025-07-25T14:05:45.9599300+03:00,A70000000000000000000000,,1,-64,"865,7",Speedwayr-15-32-c2,"0,018407769454627694",
2025-07-25T14:05:45.9781360+03:00,A20000000000000000000000,,1,"-60,5","865,7",Speedwayr-15-32-c2,"0,4908738521234052",
2025-07-25T14:05:45.9819490+03:00,A30000000000000000000000,,1,-63,"865,7",Speedwayr-15-32-c2,"4,25833066717054",
2025-07-25T14:05:45.9841180+03:00,A70000000000000000000000,,1,"-64,5","865,7",Speedwayr-15-32-c2,"0,28225246497095796",
2025-07-25T14:05:45.9889870+03:00,A60000000000000000000000,,1,-64,"865,7",Speedwayr-15-32-c2,"5,546874528994478",
2025-07-25T14:05:45.9922920+03:00,A40000000000000000000000,,1,-68,"865,7",Speedwayr-15-32-c2,"3,509748042682347",
2025-07-25T14:05:46.0075650+03:00,A60000000000000000000000,,1,"-63,5","865,7",Speedwayr-15-32-c2,"5,553010452146021",
2025-07-25T14:05:46.0095020+03:00,A40000000000000000000000,,1,-68,"865,7",Speedwayr-15-32-c2,"3,5588354278946874",
2025-07-25T14:05:46.0130250+03:00,A20000000000000000000000,,1,"-61,5","865,7",Speedwayr-15-32-c2,"0,5399612373357456",
2025-07-25T14:05:46.0156150+03:00,A30000000000000000000000,,1,-63,"865,7",Speedwayr-15-32-c2,"4,344233591292136",
2025-07-25T14:05:46.0175370+03:00,A70000000000000000000000,,1,-66,"865,7",Speedwayr-15-32-c2,"6,17273869045182",
2025-07-25T14:05:46.0458780+03:00,A80000000000000000000000,,1,-72,"865,7",Speedwayr-15-32-c2,"1,3284273623089653",
2025-07-25T14:05:46.0499390+03:00,A30000000000000000000000,,1,-63,"865,7",Speedwayr-15-32-c2,"4,2092432819582",
2025-07-25T14:05:46.0565610+03:00,A20000000000000000000000,,1,-60,"865,7",Speedwayr-15-32-c2,"0,44178646691106466",
2025-07-25T14:05:46.0582520+03:00,A60000000000000000000000,,1,-65,"865,7",Speedwayr-15-32-c2,"5,491651220630596",
2025-07-25T14:05:46.0601300+03:00,A70000000000000000000000,,1,-66,"865,7",Speedwayr-15-32-c2,"5,896622148632405",
2025-07-25T14:05:46.0614290+03:00,A40000000000000000000000,,1,"-67,5","865,7",Speedwayr-15-32-c2,"3,6017868899554855",
2025-07-25T14:05:46.1823110+03:00,A80000000000000000000000,,1,"-72,5","865,7",Speedwayr-15-32-c2,"4,466952054322987",
2025-07-25T14:05:46.1908920+03:00,A70000000000000000000000,,1,-66,"865,7",Speedwayr-15-32-c2,"5,890486225480862",
2025-07-25T14:05:46.1931110+03:00,A20000000000000000000000,,1,-61,"865,7",Speedwayr-15-32-c2,"0,14112623248547898",
2025-07-25T14:05:46.1991680+03:00,A60000000000000000000000,,1,"-64,5","865,7",Speedwayr-15-32-c2,"5,583690067903734",
2025-07-25T14:05:46.2002370+03:00,A40000000000000000000000,,1,"-68,5","865,7",Speedwayr-15-32-c2,"3,429981041712294",
2025-07-25T14:05:46.2014200+03:00,A30000000000000000000000,,1,"-63,5","865,7",Speedwayr-15-32-c2,"4,2092432819582",
2025-07-25T14:05:46.2128940+03:00,A80000000000000000000000,,1,-72,"865,7",Speedwayr-15-32-c2,"1,3192234775816514",
2025-07-25T14:05:46.2185290+03:00,A20000000000000000000000,,1,-60,"865,7",Speedwayr-15-32-c2,"0,1595340019401067",
2025-07-25T14:05:46.2215390+03:00,A40000000000000000000000,,1,"-68,5","865,7",Speedwayr-15-32-c2,"3,6263305825616556",
2025-07-25T14:05:46.2225930+03:00,A30000000000000000000000,,1,"-63,5","865,7",Speedwayr-15-32-c2,"4,025165587411922",
2025-07-25T14:05:46.2245900+03:00,A70000000000000000000000,,1,"-63,5","865,7",Speedwayr-15-32-c2,"5,8475347634200645",
2025-07-25T14:05:46.2280130+03:00,A60000000000000000000000,,1,"-64,5","865,7",Speedwayr-15-32-c2,"5,902758071783947",
2025-07-25T14:05:46.2493210+03:00,A80000000000000000000000,,1,-71,"865,7",Speedwayr-15-32-c2,"1,3867186322486196",
2025-07-25T14:05:46.2562370+03:00,A30000000000000000000000,,1,-63,"865,7",Speedwayr-15-32-c2,"3,8288160465625602",
2025-07-25T14:05:46.2579490+03:00,A60000000000000000000000,,1,-65,"865,7",Speedwayr-15-32-c2,"5,546874528994478",
2025-07-25T14:05:46.2607460+03:00,A70000000000000000000000,,1,-66,"865,7",Speedwayr-15-32-c2,"6,1850105367549055",
2025-07-25T14:05:46.2624960+03:00,A20000000000000000000000,,1,-60,"865,7",Speedwayr-15-32-c2,"0,11658253987930872",
2025-07-25T14:05:46.2694540+03:00,A40000000000000000000000,,1,"-68,5","865,7",Speedwayr-15-32-c2,"3,2520392703175593",
2025-07-25T14:05:46.2725170+03:00,A80000000000000000000000,,1,-72,"865,7",Speedwayr-15-32-c2,"4,816699673960914",
2025-07-25T14:05:46.2848760+03:00,A30000000000000000000000,,1,"-62,5","865,7",Speedwayr-15-32-c2,"4,025165587411922",
2025-07-25T14:05:46.2883090+03:00,A60000000000000000000000,,1,"-62,5","865,7",Speedwayr-15-32-c2,"5,45483568172134",
2025-07-25T14:05:46.2906160+03:00,A70000000000000000000000,,1,-66,"865,7",Speedwayr-15-32-c2,"6,068427996875596",
2025-07-25T14:05:46.2917150+03:00,A20000000000000000000000,,1,"-61,5","865,7",Speedwayr-15-32-c2,"0,16566992509164924",
2025-07-25T14:05:46.2940030+03:00,A40000000000000000000000,,1,"-67,5","865,7",Speedwayr-15-32-c2,"3,2090878082567613",
2025-07-25T14:05:46.3085530+03:00,A80000000000000000000000,,1,"-71,5","865,7",Speedwayr-15-32-c2,"1,380582709097077",
2025-07-25T14:05:46.3121390+03:00,A40000000000000000000000,,1,-68,"865,7",Speedwayr-15-32-c2,"3,1231848841351653",
2025-07-25T14:05:46.3193460+03:00,A60000000000000000000000,,1,"-64,5","865,7",Speedwayr-15-32-c2,"5,663457068873787",
2025-07-25T14:05:46.3208800+03:00,A30000000000000000000000,,1,-64,"865,7",Speedwayr-15-32-c2,"3,5281558121369745",
2025-07-25T14:05:46.3219490+03:00,A20000000000000000000000,,1,-61,"865,7",Speedwayr-15-32-c2,"0,05522330836388308",
2025-07-25T14:05:46.3240140+03:00,A70000000000000000000000,,1,"-65,5","865,7",Speedwayr-15-32-c2,"5,9088939949354895",
2025-07-25T14:05:46.3401550+03:00,A80000000000000000000000,,1,"-72,5","865,7",Speedwayr-15-32-c2,"1,6935147898257479",
2025-07-25T14:05:46.3439630+03:00,A60000000000000000000000,,1,"-64,5","865,7",Speedwayr-15-32-c2,"5,47937937432751",
2025-07-25T14:05:46.3461600+03:00,A30000000000000000000000,,1,"-63,5","865,7",Speedwayr-15-32-c2,"3,5772431973493153",
2025-07-25T14:05:46.3480560+03:00,A20000000000000000000000,,1,-61,"865,7",Speedwayr-15-32-c2,"6,129787228391022",
2025-07-25T14:05:46.3527920+03:00,A70000000000000000000000,,1,"-65,5","865,7",Speedwayr-15-32-c2,"6,111379458936394",
2025-07-25T14:05:46.3597850+03:00,A40000000000000000000000,,1,"-67,5","865,7",Speedwayr-15-32-c2,"3,2643111166206444",
2025-07-25T14:05:46.3624530+03:00,A80000000000000000000000,,1,"-72,5","865,7",Speedwayr-15-32-c2,"5,0253210611133605",
2025-07-25T14:05:46.3781030+03:00,A20000000000000000000000,,1,"-60,5","865,7",Speedwayr-15-32-c2,"0,15339807878856412",
2025-07-25T14:05:46.3795850+03:00,A30000000000000000000000,,1,-63,"865,7",Speedwayr-15-32-c2,"3,749049045592507",
2025-07-25T14:05:46.3821600+03:00,A40000000000000000000000,,1,"-67,5","865,7",Speedwayr-15-32-c2,"3,129320807286708",
2025-07-25T14:05:46.3902120+03:00,A70000000000000000000000,,1,"-65,5","865,7",Speedwayr-15-32-c2,"6,019340611663256",
2025-07-25T14:05:46.4025150+03:00,A80000000000000000000000,,1,-72,"865,7",Speedwayr-15-32-c2,"1,9972429858271048",
2025-07-25T14:05:46.4101460+03:00,A20000000000000000000000,,1,-60,"865,7",Speedwayr-15-32-c2,"6,092971689481767",
2025-07-25T14:05:46.4141160+03:00,A70000000000000000000000,,1,"-62,5","865,7",Speedwayr-15-32-c2,"6,111379458936394",
2025-07-25T14:05:46.4155970+03:00,A60000000000000000000000,,1,-62,"865,7",Speedwayr-15-32-c2,"5,5284667595398505",
2025-07-25T14:05:46.4180110+03:00,A30000000000000000000000,,1,"-63,5","865,7",Speedwayr-15-32-c2,"3,6324665057131984",
2025-07-25T14:05:46.4208110+03:00,A40000000000000000000000,,1,-67,"865,7",Speedwayr-15-32-c2,"3,147728576741336",
2025-07-25T14:05:46.4491990+03:00,A20000000000000000000000,,1,"-59,5","865,7",Speedwayr-15-32-c2,"6,1420590746941075",
2025-07-25T14:05:46.4502710+03:00,A30000000000000000000000,,1,-63,"865,7",Speedwayr-15-32-c2,"3,6386024288647407",
2025-07-25T14:05:46.4539120+03:00,A40000000000000000000000,,1,-67,"865,7",Speedwayr-15-32-c2,"2,9820586516496865",
2025-07-25T14:05:46.4594130+03:00,A60000000000000000000000,,1,"-65,5","865,7",Speedwayr-15-32-c2,"5,712544454086128",
2025-07-25T14:05:46.4607360+03:00,A70000000000000000000000,,1,-66,"865,7",Speedwayr-15-32-c2,"6,252505691421874",
2025-07-25T14:05:46.4724020+03:00,A80000000000000000000000,,1,-72,"865,7",Speedwayr-15-32-c2,"2,3285828360104035",
2025-07-25T14:05:46.4799760+03:00,A20000000000000000000000,,1,-59,"865,7",Speedwayr-15-32-c2,"6,12365130523948",
2025-07-25T14:05:46.4819720+03:00,A40000000000000000000000,,1,"-67,5","865,7",Speedwayr-15-32-c2,"2,497320722677824",
2025-07-25T14:05:46.4837030+03:00,A30000000000000000000000,,1,-61,"865,7",Speedwayr-15-32-c2,"3,54042765844006",
2025-07-25T14:05:46.4879530+03:00,A70000000000000000000000,,1,-66,"865,7",Speedwayr-15-32-c2,"0,018407769454627694",
2025-07-25T14:05:46.4903870+03:00,A60000000000000000000000,,1,-65,"865,7",Speedwayr-15-32-c2,"5,632777453116074",
2025-07-25T14:05:46.5099750+03:00,A70000000000000000000000,,1,"-65,5","865,7",Speedwayr-15-32-c2,"0,07976700097005335",
2025-07-25T14:05:46.5113380+03:00,A20000000000000000000000,,1,-60,"865,7",Speedwayr-15-32-c2,"6,056156150572511",
2025-07-25T14:05:46.5145170+03:00,A60000000000000000000000,,1,"-64,5","865,7",Speedwayr-15-32-c2,"5,688000761479957",
2025-07-25T14:05:46.5167260+03:00,A30000000000000000000000,,1,"-62,5","865,7",Speedwayr-15-32-c2,"3,466796580621549",
2025-07-25T14:05:46.5197240+03:00,A40000000000000000000000,,1,"-67,5","865,7",Speedwayr-15-32-c2,"2,7550294950426117",
2025-07-25T14:05:46.5386540+03:00,A60000000000000000000000,,1,-65,"865,7",Speedwayr-15-32-c2,"5,773903685601553",
2025-07-25T14:05:46.5413100+03:00,A70000000000000000000000,,1,-66,"865,7",Speedwayr-15-32-c2,"0,30679615757712825",
2025-07-25T14:05:46.5427770+03:00,A30000000000000000000000,,1,"-63,5","865,7",Speedwayr-15-32-c2,"3,153864499892878",
2025-07-25T14:05:46.5472260+03:00,A20000000000000000000000,,1,-60,"865,7",Speedwayr-15-32-c2,"6,252505691421874",
2025-07-25T14:05:46.5516380+03:00,A40000000000000000000000,,1,"-67,5","865,7",Speedwayr-15-32-c2,"2,890019804376548",
2025-07-25T14:05:46.5698720+03:00,A60000000000000000000000,,1,-65,"865,7",Speedwayr-15-32-c2,"5,829126993965437",
2025-07-25T14:05:46.5713020+03:00,A30000000000000000000000,,1,-64,"865,7",Speedwayr-15-32-c2,"3,454524734318464",
2025-07-25T14:05:46.5744850+03:00,A70000000000000000000000,,1,-65,"865,7",Speedwayr-15-32-c2,"0,1595340019401067",
2025-07-25T14:05:46.5758880+03:00,A20000000000000000000000,,1,-60,"865,7",Speedwayr-15-32-c2,"6,037748381117884",
2025-07-25T14:05:46.5817220+03:00,A40000000000000000000000,,1,-67,"865,7",Speedwayr-15-32-c2,"2,6813984172241008",
2025-07-25T14:05:46.5987760+03:00,A80000000000000000000000,,1,"-71,5","865,7",Speedwayr-15-32-c2,"5,875146417602005",
2025-07-25T14:05:46.6056210+03:00,A20000000000000000000000,,1,-59,"865,7",Speedwayr-15-32-c2,"5,872078456026235",
2025-07-25T14:05:46.6080320+03:00,A30000000000000000000000,,1,-63,"865,7",Speedwayr-15-32-c2,"3,472932503773092",
2025-07-25T14:05:46.6100200+03:00,A70000000000000000000000,,1,"-64,5","865,7",Speedwayr-15-32-c2,"0,14112623248547898",
2025-07-25T14:05:46.6113900+03:00,A40000000000000000000000,,1,"-67,5","865,7",Speedwayr-15-32-c2,"2,730485802436441",
2025-07-25T14:05:46.6125060+03:00,A60000000000000000000000,,1,"-64,5","865,7",Speedwayr-15-32-c2,"5,994796919057086",
2025-07-25T14:05:46.6218450+03:00,A80000000000000000000000,,1,"-70,5","865,7",Speedwayr-15-32-c2,"6,050020227420969",
2025-07-25T14:05:46.6357100+03:00,A40000000000000000000000,,1,-66,"865,7",Speedwayr-15-32-c2,"2,5280003384355365",
2025-07-25T14:05:46.6378580+03:00,A30000000000000000000000,,1,"-63,5","865,7",Speedwayr-15-32-c2,"3,380893656499953",
2025-07-25T14:05:46.6394350+03:00,A60000000000000000000000,,1,"-64,5","865,7",Speedwayr-15-32-c2,"5,829126993965437",
2025-07-25T14:05:46.6407190+03:00,A20000000000000000000000,,1,"-59,5","865,7",Speedwayr-15-32-c2,"5,976389149602458",
2025-07-25T14:05:46.6442800+03:00,A70000000000000000000000,,1,"-63,5","865,7",Speedwayr-15-32-c2,"0,2699806186678728",
2025-07-25T14:05:46.6512550+03:00,A80000000000000000000000,,1,-68,"865,7",Speedwayr-15-32-c2,"5,184855063053467",
2025-07-25T14:05:46.6644190+03:00,A20000000000000000000000,,1,"-59,5","865,7",Speedwayr-15-32-c2,"6,013204688511713",
2025-07-25T14:05:46.6786880+03:00,A30000000000000000000000,,1,"-63,5","865,7",Speedwayr-15-32-c2,"0,21168934872821848",
2025-07-25T14:05:46.6824200+03:00,A60000000000000000000000,,1,-66,"865,7",Speedwayr-15-32-c2,"5,869010494450463",
2025-07-25T14:05:46.6854280+03:00,A40000000000000000000000,,1,"-66,5","865,7",Speedwayr-15-32-c2,"5,684932799904186",
2025-07-25T14:05:46.6871260+03:00,A70000000000000000000000,,1,-65,"865,7",Speedwayr-15-32-c2,"0,3282718886075272",
2025-07-25T14:05:46.6900540+03:00,A80000000000000000000000,,1,-72,"865,7",Speedwayr-15-32-c2,"2,834796496012665",
2025-07-25T14:05:46.6955470+03:00,A30000000000000000000000,,1,-63,"865,7",Speedwayr-15-32-c2,"3,3870295796514958",
2025-07-25T14:05:46.6967040+03:00,A60000000000000000000000,,1,-64,"865,7",Speedwayr-15-32-c2,"5,730952223540755",
2025-07-25T14:05:46.7013110+03:00,A20000000000000000000000,,1,-60,"865,7",Speedwayr-15-32-c2,"6,056156150572511",
2025-07-25T14:05:46.7026770+03:00,A70000000000000000000000,,1,-65,"865,7",Speedwayr-15-32-c2,"0,3190680038802134",
2025-07-25T14:05:46.7183640+03:00,A40000000000000000000000,,1,-66,"865,7",Speedwayr-15-32-c2,"2,12916533358527",
2025-07-25T14:05:46.7311060+03:00,A80000000000000000000000,,1,-72,"865,7",Speedwayr-15-32-c2,"6,10217557420908",
2025-07-25T14:05:46.7415300+03:00,A40000000000000000000000,,1,-67,"865,7",Speedwayr-15-32-c2,"2,466641106920111",
2025-07-25T14:05:46.7459710+03:00,A20000000000000000000000,,1,-60,"865,7",Speedwayr-15-32-c2,"6,025476534814799",
2025-07-25T14:05:46.7473820+03:00,A30000000000000000000000,,1,"-63,5","865,7",Speedwayr-15-32-c2,"3,4177091954092087",
2025-07-25T14:05:46.7495750+03:00,A70000000000000000000000,,1,-64,"865,7",Speedwayr-15-32-c2,"0,3190680038802134",
2025-07-25T14:05:46.7508880+03:00,A60000000000000000000000,,1,-64,"865,7",Speedwayr-15-32-c2,"0,018407769454627694",
2025-07-25T14:05:46.7529010+03:00,A80000000000000000000000,,1,-71,"865,7",Speedwayr-15-32-c2,"5,896622148632405",
2025-07-25T14:05:46.7681830+03:00,A40000000000000000000000,,1,-65,"865,7",Speedwayr-15-32-c2,"2,791845033951867",
2025-07-25T14:05:46.7709130+03:00,A60000000000000000000000,,1,-65,"865,7",Speedwayr-15-32-c2,"5,9088939949354895",
2025-07-25T14:05:46.7752160+03:00,A20000000000000000000000,,1,-59,"865,7",Speedwayr-15-32-c2,"6,068427996875596",
2025-07-25T14:05:46.7784950+03:00,A30000000000000000000000,,1,-63,"865,7",Speedwayr-15-32-c2,"3,3379421944391554",
2025-07-25T14:05:46.7809660+03:00,A70000000000000000000000,,1,-66,"865,7",Speedwayr-15-32-c2,"0,4172427743048944",
2025-07-25T14:05:46.7908110+03:00,A80000000000000000000000,,1,"-70,5","865,7",Speedwayr-15-32-c2,"0,4663301595172349",
2025-07-25T14:05:46.8062600+03:00,A20000000000000000000000,,1,-60,"865,7",Speedwayr-15-32-c2,"6,092971689481767",
2025-07-25T14:05:46.8103770+03:00,A60000000000000000000000,,1,"-65,5","865,7",Speedwayr-15-32-c2,"6,043884304269426",
2025-07-25T14:05:46.8154060+03:00,A40000000000000000000000,,1,-66,"865,7",Speedwayr-15-32-c2,"5,81378718608658",
2025-07-25T14:05:46.8200950+03:00,A70000000000000000000000,,1,"-65,5","865,7",Speedwayr-15-32-c2,"3,4913402732277192",
2025-07-25T14:05:46.8231190+03:00,A30000000000000000000000,,1,"-63,5","865,7",Speedwayr-15-32-c2,"0,25770877236478773",
2025-07-25T14:05:46.8325040+03:00,A80000000000000000000000,,1,"-72,5","865,7",Speedwayr-15-32-c2,"6,175806652027592",
2025-07-25T14:05:46.8385690+03:00,A70000000000000000000000,,1,-64,"865,7",Speedwayr-15-32-c2,"0,48473792897186263",
2025-07-25T14:05:46.8399550+03:00,A30000000000000000000000,,1,"-63,5","865,7",Speedwayr-15-32-c2,"3,423845118560751",
2025-07-25T14:05:46.8432620+03:00,A20000000000000000000000,,1,-60,"865,7",Speedwayr-15-32-c2,"6,12365130523948",
2025-07-25T14:05:46.8509420+03:00,A40000000000000000000000,,1,-67,"865,7",Speedwayr-15-32-c2,"5,905826033359719",
2025-07-25T14:05:46.8612560+03:00,A80000000000000000000000,,1,"-72,5","865,7",Speedwayr-15-32-c2,"0,039883500485026674",
2025-07-25T14:05:46.8629340+03:00,A60000000000000000000000,,1,-66,"865,7",Speedwayr-15-32-c2,"5,970253226450915",
2025-07-25T14:05:46.8685530+03:00,A20000000000000000000000,,1,"-58,5","865,7",Speedwayr-15-32-c2,"6,19728238305799",
2025-07-25T14:05:46.8705470+03:00,A60000000000000000000000,,1,"-64,5","865,7",Speedwayr-15-32-c2,"5,93343768754166",
2025-07-25T14:05:46.8722590+03:00,A40000000000000000000000,,1,-67,"865,7",Speedwayr-15-32-c2,"2,9697868053466014",
2025-07-25T14:05:46.8744090+03:00,A70000000000000000000000,,1,-62,"865,7",Speedwayr-15-32-c2,"0,3129320807286708",
2025-07-25T14:05:46.8778970+03:00,A30000000000000000000000,,1,"-62,5","865,7",Speedwayr-15-32-c2,"3,399301425954581",
2025-07-25T14:05:46.8999280+03:00,A80000000000000000000000,,1,"-71,5","865,7",Speedwayr-15-32-c2,"0,11044661672776616",
2025-07-25T14:05:46.9098660+03:00,A70000000000000000000000,,1,-66,"865,7",Speedwayr-15-32-c2,"0,5583690067903734",
2025-07-25T14:05:46.9114420+03:00,A60000000000000000000000,,1,"-64,5","865,7",Speedwayr-15-32-c2,"6,025476534814799",
2025-07-25T14:05:46.9127370+03:00,A30000000000000000000000,,1,"-63,5","865,7",Speedwayr-15-32-c2,"3,466796580621549",
2025-07-25T14:05:46.9139330+03:00,A20000000000000000000000,,1,"-59,5","865,7",Speedwayr-15-32-c2,"6,14819499784565",
2025-07-25T14:05:46.9224860+03:00,A40000000000000000000000,,1,"-67,5","865,7",Speedwayr-15-32-c2,"2,380738182798515",
2025-07-25T14:05:46.9314370+03:00,A80000000000000000000000,,1,"-70,5","865,7",Speedwayr-15-32-c2,"0,07976700097005335",
2025-07-25T14:05:46.9473530+03:00,A20000000000000000000000,,1,-60,"865,7",Speedwayr-15-32-c2,"6,227961998815704",
2025-07-25T14:05:46.9497160+03:00,A30000000000000000000000,,1,-63,"865,7",Speedwayr-15-32-c2,"3,448388811166921",
2025-07-25T14:05:46.9508500+03:00,A70000000000000000000000,,1,"-64,5","865,7",Speedwayr-15-32-c2,"0,5092816215780329",
2025-07-25T14:05:46.9519800+03:00,A60000000000000000000000,,1,"-64,5","865,7",Speedwayr-15-32-c2,"5,945709533844745",
2025-07-25T14:05:46.9544790+03:00,A40000000000000000000000,,1,-63,"865,7",Speedwayr-15-32-c2,"2,742757648739526",
2025-07-25T14:05:46.9823880+03:00,A80000000000000000000000,,1,"-72,5","865,7",Speedwayr-15-32-c2,"0,260776733940559",
2025-07-25T14:05:46.9890380+03:00,A60000000000000000000000,,1,-65,"865,7",Speedwayr-15-32-c2,"5,976389149602458",
2025-07-25T14:05:46.9909960+03:00,A20000000000000000000000,,1,-60,"865,7",Speedwayr-15-32-c2,"6,252505691421874",
2025-07-25T14:05:46.9929540+03:00,A80000000000000000000000,,1,"-71,5","865,7",Speedwayr-15-32-c2,"0,19634954084936207",
2025-07-25T14:05:46.9996700+03:00,A70000000000000000000000,,1,-66,"865,7",Speedwayr-15-32-c2,"0,39269908169872414",
2025-07-25T14:05:47.0019530+03:00,A40000000000000000000000,,1,-67,"865,7",Speedwayr-15-32-c2,"2,705942109830271",
2025-07-25T14:05:47.0174230+03:00,A20000000000000000000000,,1,-60,"865,7",Speedwayr-15-32-c2,"6,264777537724958",
2025-07-25T14:05:47.0189890+03:00,A40000000000000000000000,,1,"-67,5","865,7",Speedwayr-15-32-c2,"2,773437264497239",
2025-07-25T14:05:47.0203150+03:00,A30000000000000000000000,,1,-63,"865,7",Speedwayr-15-32-c2,"3,4606606574700063",
2025-07-25T14:05:47.0219550+03:00,A70000000000000000000000,,1,"-65,5","865,7",Speedwayr-15-32-c2,"0,5031456984264903",
2025-07-25T14:05:47.0248410+03:00,A60000000000000000000000,,1,"-62,5","865,7",Speedwayr-15-32-c2,"5,964117303299373",
2025-07-25T14:05:47.0621810+03:00,A40000000000000000000000,,1,"-67,5","865,7",Speedwayr-15-32-c2,"2,804116880254952",
2025-07-25T14:05:47.0668090+03:00,A20000000000000000000000,,1,"-59,5","865,7",Speedwayr-15-32-c2,"0,006135923151542565",
2025-07-25T14:05:47.0696210+03:00,A30000000000000000000000,,1,"-63,5","865,7",Speedwayr-15-32-c2,"3,472932503773092",
2025-07-25T14:05:47.0709020+03:00,A70000000000000000000000,,1,"-65,5","865,7",Speedwayr-15-32-c2,"0,5829126993965437",
2025-07-25T14:05:47.0721720+03:00,A60000000000000000000000,,1,-65,"865,7",Speedwayr-15-32-c2,"5,921165841238575",
2025-07-25T14:05:47.0827330+03:00,A80000000000000000000000,,1,-72,"865,7",Speedwayr-15-32-c2,"0,37429131224409645",
2025-07-25T14:05:47.0888800+03:00,A30000000000000000000000,,1,-63,"865,7",Speedwayr-15-32-c2,"3,454524734318464",
2025-07-25T14:05:47.0911390+03:00,A60000000000000000000000,,1,-65,"865,7",Speedwayr-15-32-c2,"5,964117303299373",
2025-07-25T14:05:47.0925500+03:00,A40000000000000000000000,,1,"-67,5","865,7",Speedwayr-15-32-c2,"2,5464081078901644",
2025-07-25T14:05:47.0954330+03:00,A20000000000000000000000,,1,"-59,5","865,7",Speedwayr-15-32-c2,"0,1349903093339364",
2025-07-25T14:05:47.0974290+03:00,A70000000000000000000000,,1,"-66,5","865,7",Speedwayr-15-32-c2,"0,7117670855789375",
2025-07-25T14:05:47.1098710+03:00,A60000000000000000000000,,1,-65,"865,7",Speedwayr-15-32-c2,"6,013204688511713",
2025-07-25T14:05:47.1128740+03:00,A20000000000000000000000,,1,-59,"865,7",Speedwayr-15-32-c2,"0,09817477042468103",
2025-07-25T14:05:47.1161740+03:00,A70000000000000000000000,,1,"-64,5","865,7",Speedwayr-15-32-c2,"0,6749515466696822",
2025-07-25T14:05:47.1203010+03:00,A40000000000000000000000,,1,"-66,5","865,7",Speedwayr-15-32-c2,"2,6200391857086753",
2025-07-25T14:05:47.1216880+03:00,A30000000000000000000000,,1,"-63,5","865,7",Speedwayr-15-32-c2,"3,509748042682347",
2025-07-25T14:05:47.1527440+03:00,A80000000000000000000000,,1,"-72,5","865,7",Speedwayr-15-32-c2,"0,28225246497095796",
2025-07-25T14:05:47.1589800+03:00,A40000000000000000000000,,1,-68,"865,7",Speedwayr-15-32-c2,"3,018874190558942",
2025-07-25T14:05:47.1615350+03:00,A70000000000000000000000,,1,"-65,5","865,7",Speedwayr-15-32-c2,"0,5829126993965437",
2025-07-25T14:05:47.1677270+03:00,A20000000000000000000000,,1,"-60,5","865,7",Speedwayr-15-32-c2,"0,3313398501832985",
2025-07-25T14:05:47.1724690+03:00,A30000000000000000000000,,1,"-63,5","865,7",Speedwayr-15-32-c2,"3,54042765844006",
2025-07-25T14:05:47.1735860+03:00,A60000000000000000000000,,1,-65,"865,7",Speedwayr-15-32-c2,"5,71868037723767",
2025-07-25T14:05:47.1859100+03:00,A20000000000000000000000,,1,-59,"865,7",Speedwayr-15-32-c2,"0,1227184630308513",
2025-07-25T14:05:47.1904270+03:00,A40000000000000000000000,,1,-68,"865,7",Speedwayr-15-32-c2,"2,9268353432858034",
2025-07-25T14:05:47.1927510+03:00,A60000000000000000000000,,1,"-65,5","865,7",Speedwayr-15-32-c2,"5,859806609723149",
2025-07-25T14:05:47.1984300+03:00,A30000000000000000000000,,1,-63,"865,7",Speedwayr-15-32-c2,"3,466796580621549",
2025-07-25T14:05:47.2008940+03:00,A70000000000000000000000,,1,"-65,5","865,7",Speedwayr-15-32-c2,"0,6013204688511713",
2025-07-25T14:05:47.2210580+03:00,A80000000000000000000000,,1,-72,"865,7",Speedwayr-15-32-c2,"3,706097583531709",
2025-07-25T14:05:47.2258410+03:00,A20000000000000000000000,,1,"-59,5","865,7",Speedwayr-15-32-c2,"0,2454369260617026",
2025-07-25T14:05:47.2268970+03:00,A30000000000000000000000,,1,"-63,5","865,7",Speedwayr-15-32-c2,"3,56497135104623",
2025-07-25T14:05:47.2287870+03:00,A60000000000000000000000,,1,-66,"865,7",Speedwayr-15-32-c2,"6,000932842208628",
2025-07-25T14:05:47.2300840+03:00,A40000000000000000000000,,1,-68,"865,7",Speedwayr-15-32-c2,"2,8286605728611223",
2025-07-25T14:05:47.2323720+03:00,A70000000000000000000000,,1,-66,"865,7",Speedwayr-15-32-c2,"0,6749515466696822",
2025-07-25T14:05:47.2514870+03:00,A40000000000000000000000,,1,-68,"865,7",Speedwayr-15-32-c2,"2,988194574801229",
2025-07-25T14:05:47.2525840+03:00,A70000000000000000000000,,1,-66,"865,7",Speedwayr-15-32-c2,"0,6565437772150544",
2025-07-25T14:05:47.2588580+03:00,A30000000000000000000000,,1,"-63,5","865,7",Speedwayr-15-32-c2,"3,4606606574700063",
2025-07-25T14:05:47.2600100+03:00,A20000000000000000000000,,1,-59,"865,7",Speedwayr-15-32-c2,"0,1718058482431918",
2025-07-25T14:05:47.2619320+03:00,A60000000000000000000000,,1,-65,"865,7",Speedwayr-15-32-c2,"5,9518454569962875",
2025-07-25T14:05:47.2907120+03:00,A80000000000000000000000,,1,"-71,5","865,7",Speedwayr-15-32-c2,"3,463728619045778",
2025-07-25T14:05:47.2984150+03:00,A70000000000000000000000,,1,"-65,5","865,7",Speedwayr-15-32-c2,"0,5583690067903734",
2025-07-25T14:05:47.2996490+03:00,A20000000000000000000000,,1,"-58,5","865,7",Speedwayr-15-32-c2,"0,25157284921324513",
2025-07-25T14:05:47.3007720+03:00,A30000000000000000000000,,1,"-62,5","865,7",Speedwayr-15-32-c2,"3,552699504743145",
2025-07-25T14:05:47.3090000+03:00,A40000000000000000000000,,1,-67,"865,7",Speedwayr-15-32-c2,"6,19728238305799",
2025-07-25T14:05:47.3125360+03:00,A60000000000000000000000,,1,-66,"865,7",Speedwayr-15-32-c2,"5,887418263905091",
2025-07-25T14:05:47.3199350+03:00,A80000000000000000000000,,1,-72,"865,7",Speedwayr-15-32-c2,"0,4387185053352934",
2025-07-25T14:05:47.3238440+03:00,A60000000000000000000000,,1,-65,"865,7",Speedwayr-15-32-c2,"6,117515382087937",
2025-07-25T14:05:47.3257410+03:00,A20000000000000000000000,,1,-59,"865,7",Speedwayr-15-32-c2,"0,28838838812250056",
2025-07-25T14:05:47.3301080+03:00,A30000000000000000000000,,1,"-63,5","865,7",Speedwayr-15-32-c2,"3,423845118560751",
2025-07-25T14:05:47.3318940+03:00,A70000000000000000000000,,1,-65,"865,7",Speedwayr-15-32-c2,"0,7179030087304801",
2025-07-25T14:05:47.3343830+03:00,A40000000000000000000000,,1,"-67,5","865,7",Speedwayr-15-32-c2,"3,1784081924990484",
2025-07-25T14:05:47.3424220+03:00,A80000000000000000000000,,1,"-69,5","865,7",Speedwayr-15-32-c2,"0,4049709280018093",
2025-07-25T14:05:47.3582370+03:00,A20000000000000000000000,,1,-58,"865,7",Speedwayr-15-32-c2,"0,2945243112740431",
2025-07-25T14:05:47.3592910+03:00,A70000000000000000000000,,1,"-64,5","865,7",Speedwayr-15-32-c2,"0,6381360077604268",
2025-07-25T14:05:47.3613710+03:00,A40000000000000000000000,,1,"-65,5","865,7",Speedwayr-15-32-c2,"3,1906800388021335",
2025-07-25T14:05:47.3625980+03:00,A30000000000000000000000,,1,-63,"865,7",Speedwayr-15-32-c2,"3,429981041712294",
2025-07-25T14:05:47.3642250+03:00,A60000000000000000000000,,1,-66,"865,7",Speedwayr-15-32-c2,"6,019340611663256",
2025-07-25T14:05:47.3917850+03:00,A80000000000000000000000,,1,-72,"865,7",Speedwayr-15-32-c2,"0,3712233506683252",
2025-07-25T14:05:47.3980410+03:00,A60000000000000000000000,,1,-65,"865,7",Speedwayr-15-32-c2,"5,853670686571607",
2025-07-25T14:05:47.4001060+03:00,A70000000000000000000000,,1,"-64,5","865,7",Speedwayr-15-32-c2,"0,6933593161243098",
2025-07-25T14:05:47.4011770+03:00,A40000000000000000000000,,1,"-67,5","865,7",Speedwayr-15-32-c2,"3,1968159619536762",
2025-07-25T14:05:47.4052090+03:00,A20000000000000000000000,,1,"-58,5","865,7",Speedwayr-15-32-c2,"0,2761165418194154",
2025-07-25T14:05:47.4066650+03:00,A30000000000000000000000,,1,-63,"865,7",Speedwayr-15-32-c2,"3,32567034813607",
2025-07-25T14:05:47.4120420+03:00,A80000000000000000000000,,1,"-71,5","865,7",Speedwayr-15-32-c2,"0,3988350048502667",
2025-07-25T14:05:47.4263040+03:00,A20000000000000000000000,,1,"-58,5","865,7",Speedwayr-15-32-c2,"0,32520392703175593",
2025-07-25T14:05:47.4298380+03:00,A30000000000000000000000,,1,-63,"865,7",Speedwayr-15-32-c2,"3,411573272257666",
2025-07-25T14:05:47.4332210+03:00,A60000000000000000000000,,1,-65,"865,7",Speedwayr-15-32-c2,"5,994796919057086",
2025-07-25T14:05:47.4420610+03:00,A70000000000000000000000,,1,-64,"865,7",Speedwayr-15-32-c2,"0,7240389318820226",
2025-07-25T14:05:47.4431140+03:00,A40000000000000000000000,,1,"-67,5","865,7",Speedwayr-15-32-c2,"3,227495577711389",
2025-07-25T14:05:47.4525310+03:00,A80000000000000000000000,,1,-72,"865,7",Speedwayr-15-32-c2,"0,4356505437595221",
2025-07-25T14:05:47.4593370+03:00,A20000000000000000000000,,1,"-59,5","865,7",Speedwayr-15-32-c2,"0,3129320807286708",
2025-07-25T14:05:47.4614480+03:00,A80000000000000000000000,,1,-69,"865,7",Speedwayr-15-32-c2,"0,48473792897186263",
2025-07-25T14:05:47.4633890+03:00,A70000000000000000000000,,1,-64,"865,7",Speedwayr-15-32-c2,"0,5645049299419159",
2025-07-25T14:05:47.4649520+03:00,A30000000000000000000000,,1,"-61,5","865,7",Speedwayr-15-32-c2,"3,368621810196868",
2025-07-25T14:05:47.4822730+03:00,A60000000000000000000000,,1,-66,"865,7",Speedwayr-15-32-c2,"2,7212819177091276",
2025-07-25T14:05:47.4842880+03:00,A40000000000000000000000,,1,-67,"865,7",Speedwayr-15-32-c2,"0,13192234775816514",
2025-07-25T14:05:47.4883190+03:00,A20000000000000000000000,,1,-59,"865,7",Speedwayr-15-32-c2,"0,3988350048502667",
2025-07-25T14:05:47.4907600+03:00,A60000000000000000000000,,1,"-63,5","865,7",Speedwayr-15-32-c2,"6,129787228391022",
2025-07-25T14:05:47.4922260+03:00,A40000000000000000000000,,1,"-66,5","865,7",Speedwayr-15-32-c2,"3,2949907323783574",
2025-07-25T14:05:47.4946610+03:00,A70000000000000000000000,,1,"-61,5","865,7",Speedwayr-15-32-c2,"0,6810874698212247",
2025-07-25T14:05:47.4993310+03:00,A30000000000000000000000,,1,-63,"865,7",Speedwayr-15-32-c2,"3,393165502803038",
2025-07-25T14:05:47.5028210+03:00,A80000000000000000000000,,1,-71,"865,7",Speedwayr-15-32-c2,"0,8160777791551611",
2025-07-25T14:05:47.5216750+03:00,A70000000000000000000000,,1,"-65,5","865,7",Speedwayr-15-32-c2,"0,607456392002714",
2025-07-25T14:05:47.5230150+03:00,A30000000000000000000000,,1,"-62,5","865,7",Speedwayr-15-32-c2,"3,32567034813607",
2025-07-25T14:05:47.5246340+03:00,A20000000000000000000000,,1,-59,"865,7",Speedwayr-15-32-c2,"0,3374757733348411",
2025-07-25T14:05:47.5285110+03:00,A60000000000000000000000,,1,-65,"865,7",Speedwayr-15-32-c2,"5,8045833013592665",
2025-07-25T14:05:47.5319300+03:00,A40000000000000000000000,,1,"-66,5","865,7",Speedwayr-15-32-c2,"3,509748042682347",
2025-07-25T14:05:47.5425050+03:00,A80000000000000000000000,,1,"-71,5","865,7",Speedwayr-15-32-c2,"0,39269908169872414",
2025-07-25T14:05:47.5584810+03:00,A30000000000000000000000,,1,-63,"865,7",Speedwayr-15-32-c2,"3,436116964863836",
2025-07-25T14:05:47.5599320+03:00,A20000000000000000000000,,1,-58,"865,7",Speedwayr-15-32-c2,"0,30679615757712825",
2025-07-25T14:05:47.5610300+03:00,A60000000000000000000000,,1,-65,"865,7",Speedwayr-15-32-c2,"5,921165841238575",
2025-07-25T14:05:47.5621140+03:00,A40000000000000000000000,,1,-67,"865,7",Speedwayr-15-32-c2,"3,2888548092268146",
2025-07-25T14:05:47.5631620+03:00,A70000000000000000000000,,1,-64,"865,7",Speedwayr-15-32-c2,"0,5583690067903734",
2025-07-25T14:05:47.5706360+03:00,A80000000000000000000000,,1,"-69,5","865,7",Speedwayr-15-32-c2,"0,4111068511533518",
2025-07-25T14:05:47.5862540+03:00,A20000000000000000000000,,1,"-59,5","865,7",Speedwayr-15-32-c2,"0,3988350048502667",
2025-07-25T14:05:47.5899690+03:00,A60000000000000000000000,,1,-64,"865,7",Speedwayr-15-32-c2,"6,062292073724054",
2025-07-25T14:05:47.5914250+03:00,A30000000000000000000000,,1,"-62,5","865,7",Speedwayr-15-32-c2,"3,368621810196868",
2025-07-25T14:05:47.5927880+03:00,A40000000000000000000000,,1,"-66,5","865,7",Speedwayr-15-32-c2,"3,2520392703175593",
2025-07-25T14:05:47.5947250+03:00,A70000000000000000000000,,1,-64,"865,7",Speedwayr-15-32-c2,"0,521553467881118",
2025-07-25T14:05:47.6112360+03:00,A80000000000000000000000,,1,-71,"865,7",Speedwayr-15-32-c2,"0,4970097752749477",
2025-07-25T14:05:47.6252110+03:00,A70000000000000000000000,,1,-64,"865,7",Speedwayr-15-32-c2,"0,6749515466696822",
2025-07-25T14:05:47.6271940+03:00,A20000000000000000000000,,1,"-58,5","865,7",Speedwayr-15-32-c2,"0,4540583132141498",
2025-07-25T14:05:47.6294720+03:00,A30000000000000000000000,,1,-63,"865,7",Speedwayr-15-32-c2,"3,2029518851052186",
2025-07-25T14:05:47.6357790+03:00,A60000000000000000000000,,1,-64,"865,7",Speedwayr-15-32-c2,"6,000932842208628",
2025-07-25T14:05:47.6384960+03:00,A40000000000000000000000,,1,-66,"865,7",Speedwayr-15-32-c2,"3,3747577333484107",
2025-07-25T14:05:47.6408400+03:00,A80000000000000000000000,,1,"-71,5","865,7",Speedwayr-15-32-c2,"5,9518454569962875",
2025-07-25T14:05:47.6541880+03:00,A20000000000000000000000,,1,"-58,5","865,7",Speedwayr-15-32-c2,"0,47860200582032003",
2025-07-25T14:05:47.6603860+03:00,A60000000000000000000000,,1,-64,"865,7",Speedwayr-15-32-c2,"5,976389149602458",
2025-07-25T14:05:47.6614430+03:00,A30000000000000000000000,,1,"-62,5","865,7",Speedwayr-15-32-c2,"3,448388811166921",
2025-07-25T14:05:47.6625530+03:00,A70000000000000000000000,,1,"-64,5","865,7",Speedwayr-15-32-c2,"0,5399612373357456",
2025-07-25T14:05:47.6687530+03:00,A40000000000000000000000,,1,-66,"865,7",Speedwayr-15-32-c2,"3,650874275167826",
2025-07-25T14:05:47.6808400+03:00,A80000000000000000000000,,1,-72,"865,7",Speedwayr-15-32-c2,"0,1932815792735908",
2025-07-25T14:05:47.6903700+03:00,A70000000000000000000000,,1,"-63,5","865,7",Speedwayr-15-32-c2,"0,47860200582032003",
2025-07-25T14:05:47.6920840+03:00,A60000000000000000000000,,1,-64,"865,7",Speedwayr-15-32-c2,"6,0991076126333095",
2025-07-25T14:05:47.6942610+03:00,A40000000000000000000000,,1,-66,"865,7",Speedwayr-15-32-c2,"3,877903431774901",
2025-07-25T14:05:47.6964370+03:00,A30000000000000000000000,,1,"-62,5","865,7",Speedwayr-15-32-c2,"3,5036121195308043",
2025-07-25T14:05:47.6978010+03:00,A20000000000000000000000,,1,"-58,5","865,7",Speedwayr-15-32-c2,"0,3865631585471816",
2025-07-25T14:05:47.7009440+03:00,A80000000000000000000000,,1,-73,"865,7",Speedwayr-15-32-c2,"0,030679615757712823",
2025-07-25T14:05:47.7138630+03:00,A20000000000000000000000,,1,"-58,5","865,7",Speedwayr-15-32-c2,"0,3988350048502667",
2025-07-25T14:05:47.7158180+03:00,A70000000000000000000000,,1,"-63,5","865,7",Speedwayr-15-32-c2,"0,5645049299419159",
2025-07-25T14:05:47.7181530+03:00,A30000000000000000000000,,1,"-62,5","865,7",Speedwayr-15-32-c2,"3,4913402732277192",
2025-07-25T14:05:47.7214790+03:00,A40000000000000000000000,,1,-66,"865,7",Speedwayr-15-32-c2,"3,6386024288647407",
2025-07-25T14:05:47.7238680+03:00,A60000000000000000000000,,1,-64,"865,7",Speedwayr-15-32-c2,"5,9518454569962875",
2025-07-25T14:05:47.7617720+03:00,A80000000000000000000000,,1,-72,"865,7",Speedwayr-15-32-c2,"0,1349903093339364",
2025-07-25T14:05:47.7648350+03:00,A30000000000000000000000,,1,-62,"865,7",Speedwayr-15-32-c2,"3,5281558121369745",
2025-07-25T14:05:47.7667160+03:00,A60000000000000000000000,,1,-64,"865,7",Speedwayr-15-32-c2,"5,829126993965437",
2025-07-25T14:05:47.7678130+03:00,A70000000000000000000000,,1,"-64,5","865,7",Speedwayr-15-32-c2,"0,3620194659410113",
2025-07-25T14:05:47.7718050+03:00,A40000000000000000000000,,1,"-65,5","865,7",Speedwayr-15-32-c2,"3,730641276137879",
2025-07-25T14:05:47.7731440+03:00,A20000000000000000000000,,1,"-59,5","865,7",Speedwayr-15-32-c2,"0,4049709280018093",
2025-07-25T14:05:47.7801320+03:00,A80000000000000000000000,,1,"-70,5","865,7",Speedwayr-15-32-c2,"0,4172427743048944",
2025-07-25T14:05:47.7934690+03:00,A60000000000000000000000,,1,-64,"865,7",Speedwayr-15-32-c2,"5,872078456026235",
2025-07-25T14:05:47.7948060+03:00,A20000000000000000000000,,1,-58,"865,7",Speedwayr-15-32-c2,"0,4049709280018093",
2025-07-25T14:05:47.7975710+03:00,A30000000000000000000000,,1,-63,"865,7",Speedwayr-15-32-c2,"3,6692820446224537",
2025-07-25T14:05:47.7989110+03:00,A70000000000000000000000,,1,"-64,5","865,7",Speedwayr-15-32-c2,"0,4479223900626072",
2025-07-25T14:05:47.8042420+03:00,A40000000000000000000000,,1,"-66,5","865,7",Speedwayr-15-32-c2,"3,663146121470911",
2025-07-25T14:05:47.8231900+03:00,A80000000000000000000000,,1,"-72,5","865,7",Speedwayr-15-32-c2,"0,10124273200045232",
2025-07-25T14:05:47.8270010+03:00,A20000000000000000000000,,1,-59,"865,7",Speedwayr-15-32-c2,"0,4724660826687775",
2025-07-25T14:05:47.8297050+03:00,A30000000000000000000000,,1,"-62,5","865,7",Speedwayr-15-32-c2,"3,54042765844006",
2025-07-25T14:05:47.8316560+03:00,A40000000000000000000000,,1,-66,"865,7",Speedwayr-15-32-c2,"3,865631585471816",
2025-07-25T14:05:47.8331130+03:00,A70000000000000000000000,,1,"-63,5","865,7",Speedwayr-15-32-c2,"0,4479223900626072",
2025-07-25T14:05:47.8345080+03:00,A60000000000000000000000,,1,-64,"865,7",Speedwayr-15-32-c2,"5,890486225480862",
2025-07-25T14:05:47.8601020+03:00,A80000000000000000000000,,1,-72,"865,7",Speedwayr-15-32-c2,"0,1718058482431918",
2025-07-25T14:05:47.8647510+03:00,A60000000000000000000000,,1,"-63,5","865,7",Speedwayr-15-32-c2,"5,8475347634200645",
2025-07-25T14:05:47.8686210+03:00,A30000000000000000000000,,1,-63,"865,7",Speedwayr-15-32-c2,"3,8840393549264434",
2025-07-25T14:05:47.8696890+03:00,A40000000000000000000000,,1,-67,"865,7",Speedwayr-15-32-c2,"4,000621894805752",
2025-07-25T14:05:47.8708940+03:00,A20000000000000000000000,,1,-58,"865,7",Speedwayr-15-32-c2,"0,4356505437595221",
2025-07-25T14:05:47.8750310+03:00,A70000000000000000000000,,1,"-61,5","865,7",Speedwayr-15-32-c2,"0,44178646691106466",
2025-07-25T14:05:47.8999220+03:00,A80000000000000000000000,,1,"-71,5","865,7",Speedwayr-15-32-c2,"0,1718058482431918",
2025-07-25T14:05:47.9054310+03:00,A60000000000000000000000,,1,"-63,5","865,7",Speedwayr-15-32-c2,"5,9518454569962875",
2025-07-25T14:05:47.9073980+03:00,A70000000000000000000000,,1,"-62,5","865,7",Speedwayr-15-32-c2,"0,25770877236478773",
2025-07-25T14:05:47.9096080+03:00,A30000000000000000000000,,1,"-62,5","865,7",Speedwayr-15-32-c2,"3,6570101983193686",
2025-07-25T14:05:47.9109750+03:00,A20000000000000000000000,,1,-58,"865,7",Speedwayr-15-32-c2,"0,4663301595172349",
2025-07-25T14:05:47.9136520+03:00,A40000000000000000000000,,1,"-64,5","865,7",Speedwayr-15-32-c2,"3,9638063558964967",
2025-07-25T14:05:47.9433590+03:00,A70000000000000000000000,,1,"-63,5","865,7",Speedwayr-15-32-c2,"0,44178646691106466",
2025-07-25T14:05:47.9451660+03:00,A60000000000000000000000,,1,-64,"865,7",Speedwayr-15-32-c2,"5,786175531904639",
2025-07-25T14:05:47.9484710+03:00,A20000000000000000000000,,1,"-59,5","865,7",Speedwayr-15-32-c2,"0,607456392002714",
2025-07-25T14:05:47.9539390+03:00,A30000000000000000000000,,1,"-60,5","865,7",Speedwayr-15-32-c2,"3,650874275167826",
2025-07-25T14:05:47.9821000+03:00,A80000000000000000000000,,1,"-72,5","865,7",Speedwayr-15-32-c2,"0,2239611950313036",
2025-07-25T14:05:47.9869950+03:00,A70000000000000000000000,,1,-64,"865,7",Speedwayr-15-32-c2,"0,39269908169872414",
2025-07-25T14:05:47.9892740+03:00,A60000000000000000000000,,1,-64,"865,7",Speedwayr-15-32-c2,"5,915029918087033",
2025-07-25T14:05:47.9910350+03:00,A40000000000000000000000,,1,"-66,5","865,7",Speedwayr-15-32-c2,"4,0558452031696355",
2025-07-25T14:05:47.9920900+03:00,A20000000000000000000000,,1,-59,"865,7",Speedwayr-15-32-c2,"0,5276893910326605",
2025-07-25T14:05:47.9941840+03:00,A30000000000000000000000,,1,"-62,5","865,7",Speedwayr-15-32-c2,"3,6815538909255388",
2025-07-25T14:05:48.0106900+03:00,A80000000000000000000000,,1,"-72,5","865,7",Speedwayr-15-32-c2,"0,2270291566070749",
2025-07-25T14:05:48.0161100+03:00,A30000000000000000000000,,1,"-62,5","865,7",Speedwayr-15-32-c2,"3,6999616603801666",
2025-07-25T14:05:48.0192120+03:00,A40000000000000000000000,,1,"-66,5","865,7",Speedwayr-15-32-c2,"3,9453985864418692",
2025-07-25T14:05:48.0231030+03:00,A80000000000000000000000,,1,"-71,5","865,7",Speedwayr-15-32-c2,"5,252350217720435",
2025-07-25T14:05:48.0241840+03:00,A70000000000000000000000,,1,"-62,5","865,7",Speedwayr-15-32-c2,"0,4295146206079795",
2025-07-25T14:05:48.0256040+03:00,A20000000000000000000000,,1,"-58,5","865,7",Speedwayr-15-32-c2,"0,607456392002714",
2025-07-25T14:05:48.0300300+03:00,A60000000000000000000000,,1,-65,"865,7",Speedwayr-15-32-c2,"6,031612457966341",
2025-07-25T14:05:48.0444930+03:00,A20000000000000000000000,,1,-58,"865,7",Speedwayr-15-32-c2,"0,5092816215780329",
2025-07-25T14:05:48.0464920+03:00,A70000000000000000000000,,1,"-63,5","865,7",Speedwayr-15-32-c2,"0,5767767762450011",
2025-07-25T14:05:48.0508080+03:00,A40000000000000000000000,,1,-65,"865,7",Speedwayr-15-32-c2,"3,9576704327449543",
2025-07-25T14:05:48.0525060+03:00,A60000000000000000000000,,1,"-64,5","865,7",Speedwayr-15-32-c2,"6,074563920027139",
2025-07-25T14:05:48.0617800+03:00,A80000000000000000000000,,1,"-71,5","865,7",Speedwayr-15-32-c2,"0,7915340865489908",
2025-07-25T14:05:48.0736660+03:00,A20000000000000000000000,,1,"-58,5","865,7",Speedwayr-15-32-c2,"0,5951845456996288",
2025-07-25T14:05:48.0756760+03:00,A30000000000000000000000,,1,"-61,5","865,7",Speedwayr-15-32-c2,"3,552699504743145",
2025-07-25T14:05:48.0786190+03:00,A70000000000000000000000,,1,-64,"865,7",Speedwayr-15-32-c2,"0,5706408530934585",
2025-07-25T14:05:48.0803500+03:00,A60000000000000000000000,,1,"-64,5","865,7",Speedwayr-15-32-c2,"5,896622148632405",
2025-07-25T14:05:48.0816880+03:00,A40000000000000000000000,,1,"-65,5","865,7",Speedwayr-15-32-c2,"3,9760782021995817",
2025-07-25T14:05:48.0958080+03:00,A80000000000000000000000,,1,"-71,5","865,7",Speedwayr-15-32-c2,"0,4295146206079795",
2025-07-25T14:05:48.1033760+03:00,A20000000000000000000000,,1,-58,"865,7",Speedwayr-15-32-c2,"0,5951845456996288",
2025-07-25T14:05:48.1049450+03:00,A70000000000000000000000,,1,-64,"865,7",Speedwayr-15-32-c2,"0,6013204688511713",
2025-07-25T14:05:48.1078750+03:00,A40000000000000000000000,,1,"-63,5","865,7",Speedwayr-15-32-c2,"4,154019973594316",
2025-07-25T14:05:48.1092990+03:00,A30000000000000000000000,,1,"-62,5","865,7",Speedwayr-15-32-c2,"3,736777199289422",
2025-07-25T14:05:48.1115520+03:00,A60000000000000000000000,,1,"-64,5","865,7",Speedwayr-15-32-c2,"6,135923151542564",
2025-07-25T14:05:48.1216330+03:00,A80000000000000000000000,,1,-72,"865,7",Speedwayr-15-32-c2,"0,5522330836388308",
2025-07-25T14:05:48.1352430+03:00,A30000000000000000000000,,1,"-61,5","865,7",Speedwayr-15-32-c2,"3,7122335066832517",
2025-07-25T14:05:48.1369660+03:00,A70000000000000000000000,,1,-63,"865,7",Speedwayr-15-32-c2,"0,7792622402459057",
2025-07-25T14:05:48.1403170+03:00,A40000000000000000000000,,1,-66,"865,7",Speedwayr-15-32-c2,"3,9453985864418692",
2025-07-25T14:05:48.1415380+03:00,A20000000000000000000000,,1,-58,"865,7",Speedwayr-15-32-c2,"0,5092816215780329",
2025-07-25T14:05:48.1448950+03:00,A60000000000000000000000,,1,"-62,5","865,7",Speedwayr-15-32-c2,"6,080699843178682",
2025-07-25T14:05:48.1513550+03:00,A80000000000000000000000,,1,-72,"865,7",Speedwayr-15-32-c2,"0,500077736850719",
2025-07-25T14:05:48.1616960+03:00,A20000000000000000000000,,1,"-58,5","865,7",Speedwayr-15-32-c2,"0,6381360077604268",
2025-07-25T14:05:48.1627820+03:00,A30000000000000000000000,,1,-63,"865,7",Speedwayr-15-32-c2,"3,6876898140770815",
2025-07-25T14:05:48.1659490+03:00,A40000000000000000000000,,1,"-64,5","865,7",Speedwayr-15-32-c2,"3,792000507653305",
2025-07-25T14:05:48.1671150+03:00,A60000000000000000000000,,1,-64,"865,7",Speedwayr-15-32-c2,"6,215690152512618",
2025-07-25T14:05:48.1694790+03:00,A70000000000000000000000,,1,"-64,5","865,7",Speedwayr-15-32-c2,"0,6320000846088841",
2025-07-25T14:05:48.1748910+03:00,A80000000000000000000000,,1,"-69,5","865,7",Speedwayr-15-32-c2,"0,5460971604872883",
2025-07-25T14:05:48.1877370+03:00,A20000000000000000000000,,1,"-57,5","865,7",Speedwayr-15-32-c2,"0,5951845456996288",
2025-07-25T14:05:48.1897010+03:00,A40000000000000000000000,,1,"-65,5","865,7",Speedwayr-15-32-c2,"3,9822141253511245",
2025-07-25T14:05:48.1908560+03:00,A60000000000000000000000,,1,-65,"865,7",Speedwayr-15-32-c2,"6,270913460876501",
2025-07-25T14:05:48.1919080+03:00,A70000000000000000000000,,1,"-63,5","865,7",Speedwayr-15-32-c2,"0,6749515466696822",
2025-07-25T14:05:48.1943790+03:00,A30000000000000000000000,,1,-63,"865,7",Speedwayr-15-32-c2,"3,718369429834794",
2025-07-25T14:05:48.2270950+03:00,A20000000000000000000000,,1,"-58,5","865,7",Speedwayr-15-32-c2,"0,5829126993965437",
2025-07-25T14:05:48.2284640+03:00,A30000000000000000000000,,1,-63,"865,7",Speedwayr-15-32-c2,"3,5956509668039427",
2025-07-25T14:05:48.2295330+03:00,A40000000000000000000000,,1,-66,"865,7",Speedwayr-15-32-c2,"3,9085830475326135",
2025-07-25T14:05:48.2307710+03:00,A70000000000000000000000,,1,-63,"865,7",Speedwayr-15-32-c2,"0,8467573949128739",
2025-07-25T14:05:48.2329640+03:00,A60000000000000000000000,,1,-64,"865,7",Speedwayr-15-32-c2,"0,006135923151542565",
2025-07-25T14:05:48.2622250+03:00,A80000000000000000000000,,1,-72,"865,7",Speedwayr-15-32-c2,"0,6596117387908257",
2025-07-25T14:05:48.2703990+03:00,A70000000000000000000000,,1,-64,"865,7",Speedwayr-15-32-c2,"0,7301748550335652",
2025-07-25T14:05:48.2737740+03:00,A60000000000000000000000,,1,-64,"865,7",Speedwayr-15-32-c2,"0,07363107781851078",
2025-07-25T14:05:48.2755590+03:00,A20000000000000000000000,,1,"-57,5","865,7",Speedwayr-15-32-c2,"0,5890486225480862",
2025-07-25T14:05:48.2766450+03:00,A30000000000000000000000,,1,"-62,5","865,7",Speedwayr-15-32-c2,"3,6570101983193686",
2025-07-25T14:05:48.2995060+03:00,A70000000000000000000000,,1,"-62,5","865,7",Speedwayr-15-32-c2,"0,7547185476397354",
2025-07-25T14:05:48.3013140+03:00,A30000000000000000000000,,1,-62,"865,7",Speedwayr-15-32-c2,"3,6692820446224537",
2025-07-25T14:05:48.3026700+03:00,A20000000000000000000000,,1,"-58,5","865,7",Speedwayr-15-32-c2,"0,5583690067903734",
2025-07-25T14:05:48.3079640+03:00,A60000000000000000000000,,1,"-64,5","865,7",Speedwayr-15-32-c2,"0,07363107781851078",
2025-07-25T14:05:48.3093620+03:00,A40000000000000000000000,,1,"-64,5","865,7",Speedwayr-15-32-c2,"4,184699589352029",
2025-07-25T14:05:48.3328070+03:00,A80000000000000000000000,,1,"-72,5","865,7",Speedwayr-15-32-c2,"0,868233125943273",
2025-07-25T14:05:48.3391940+03:00,A20000000000000000000000,,1,"-57,5","865,7",Speedwayr-15-32-c2,"0,6258641614573416",
2025-07-25T14:05:48.3416710+03:00,A70000000000000000000000,,1,-63,"865,7",Speedwayr-15-32-c2,"0,7976700097005334",
2025-07-25T14:05:48.3427570+03:00,A40000000000000000000000,,1,-66,"865,7",Speedwayr-15-32-c2,"3,9392626632903265",
2025-07-25T14:05:48.3450410+03:00,A60000000000000000000000,,1,"-64,5","865,7",Speedwayr-15-32-c2,"0,04908738521234052",
2025-07-25T14:05:48.3493280+03:00,A30000000000000000000000,,1,"-62,5","865,7",Speedwayr-15-32-c2,"3,6876898140770815",
2025-07-25T14:05:48.3685740+03:00,A80000000000000000000000,,1,-71,"865,7",Speedwayr-15-32-c2,"4,000621894805752",
2025-07-25T14:05:48.3727680+03:00,A30000000000000000000000,,1,-62,"865,7",Speedwayr-15-32-c2,"3,5772431973493153",
2025-07-25T14:05:48.3755320+03:00,A20000000000000000000000,,1,"-58,5","865,7",Speedwayr-15-32-c2,"0,5767767762450011",
2025-07-25T14:05:48.3786410+03:00,A60000000000000000000000,,1,"-64,5","865,7",Speedwayr-15-32-c2,"0,0859029241215959",
2025-07-25T14:05:48.3818440+03:00,A40000000000000000000000,,1,-66,"865,7",Speedwayr-15-32-c2,"3,6815538909255388",
2025-07-25T14:05:48.3845860+03:00,A70000000000000000000000,,1,"-64,5","865,7",Speedwayr-15-32-c2,"0,9081166264282996",
2025-07-25T14:05:48.4024940+03:00,A80000000000000000000000,,1,-72,"865,7",Speedwayr-15-32-c2,"4,101864626806204",
2025-07-25T14:05:48.4078010+03:00,A60000000000000000000000,,1,-62,"865,7",Speedwayr-15-32-c2,"0,04908738521234052",
2025-07-25T14:05:48.4095120+03:00,A30000000000000000000000,,1,"-62,5","865,7",Speedwayr-15-32-c2,"3,5956509668039427",
2025-07-25T14:05:48.4115030+03:00,A20000000000000000000000,,1,"-58,5","865,7",Speedwayr-15-32-c2,"0,5522330836388308",
2025-07-25T14:05:48.4161240+03:00,A70000000000000000000000,,1,"-63,5","865,7",Speedwayr-15-32-c2,"0,8099418560036186",
2025-07-25T14:05:48.4202850+03:00,A40000000000000000000000,,1,"-66,5","865,7",Speedwayr-15-32-c2,"4,319689898685965",
2025-07-25T14:05:48.4227380+03:00,A80000000000000000000000,,1,-70,"865,7",Speedwayr-15-32-c2,"1,184233168247715",
2025-07-25T14:05:48.4367470+03:00,A70000000000000000000000,,1,-64,"865,7",Speedwayr-15-32-c2,"0,8406214717613314",
2025-07-25T14:05:48.4463830+03:00,A60000000000000000000000,,1,-65,"865,7",Speedwayr-15-32-c2,"6,19728238305799",
2025-07-25T14:05:48.4483950+03:00,A20000000000000000000000,,1,-59,"865,7",Speedwayr-15-32-c2,"0,5092816215780329",
2025-07-25T14:05:48.4501130+03:00,A30000000000000000000000,,1,-62,"865,7",Speedwayr-15-32-c2,"3,5833791205008576",
2025-07-25T14:05:48.4717860+03:00,A80000000000000000000000,,1,"-72,5","865,7",Speedwayr-15-32-c2,"0,9510680884890975",
2025-07-25T14:05:48.4794060+03:00,A20000000000000000000000,,1,"-58,5","865,7",Speedwayr-15-32-c2,"0,5890486225480862",
2025-07-25T14:05:48.4819750+03:00,A60000000000000000000000,,1,-64,"865,7",Speedwayr-15-32-c2,"0,02454369260617026",
2025-07-25T14:05:48.4848900+03:00,A40000000000000000000000,,1,-66,"865,7",Speedwayr-15-32-c2,"3,650874275167826",
2025-07-25T14:05:48.4874630+03:00,A30000000000000000000000,,1,"-62,5","865,7",Speedwayr-15-32-c2,"3,4606606574700063",
2025-07-25T14:05:48.4889370+03:00,A70000000000000000000000,,1,-64,"865,7",Speedwayr-15-32-c2,"0,8651651643675016",
2025-07-25T14:05:48.4920070+03:00,A80000000000000000000000,,1,"-71,5","865,7",Speedwayr-15-32-c2,"1,3192234775816514",
2025-07-25T14:05:48.5060610+03:00,A20000000000000000000000,,1,"-58,5","865,7",Speedwayr-15-32-c2,"0,5031456984264903",
2025-07-25T14:05:48.5074590+03:00,A70000000000000000000000,,1,-64,"865,7",Speedwayr-15-32-c2,"0,7363107781851077",
2025-07-25T14:05:48.5092740+03:00,A60000000000000000000000,,1,"-62,5","865,7",Speedwayr-15-32-c2,"0,09817477042468103",
2025-07-25T14:05:48.5105740+03:00,A30000000000000000000000,,1,-62,"865,7",Speedwayr-15-32-c2,"3,485204350076177",
2025-07-25T14:05:48.5121400+03:00,A40000000000000000000000,,1,"-66,5","865,7",Speedwayr-15-32-c2,"3,767456815047135",
2025-07-25T14:05:48.5384230+03:00,A40000000000000000000000,,1,"-64,5","865,7",Speedwayr-15-32-c2,"3,706097583531709",
2025-07-25T14:05:48.5430330+03:00,A30000000000000000000000,,1,-62,"865,7",Speedwayr-15-32-c2,"3,497476196379262",
2025-07-25T14:05:48.5450170+03:00,A20000000000000000000000,,1,"-58,5","865,7",Speedwayr-15-32-c2,"0,5338253141842031",
2025-07-25T14:05:48.5461070+03:00,A60000000000000000000000,,1,"-64,5","865,7",Speedwayr-15-32-c2,"0,3620194659410113",
2025-07-25T14:05:48.5473470+03:00,A70000000000000000000000,,1,"-64,5","865,7",Speedwayr-15-32-c2,"0,6565437772150544",
2025-07-25T14:05:48.5531090+03:00,A80000000000000000000000,,1,-71,"865,7",Speedwayr-15-32-c2,"0,7117670855789375",
2025-07-25T14:05:48.5667010+03:00,A40000000000000000000000,,1,-66,"865,7",Speedwayr-15-32-c2,"3,761320891895592",
2025-07-25T14:05:48.5686280+03:00,A70000000000000000000000,,1,-64,"865,7",Speedwayr-15-32-c2,"0,8651651643675016",
2025-07-25T14:05:48.5715930+03:00,A60000000000000000000000,,1,"-64,5","865,7",Speedwayr-15-32-c2,"0,1227184630308513",
2025-07-25T14:05:48.5728180+03:00,A20000000000000000000000,,1,-57,"865,7",Speedwayr-15-32-c2,"0,521553467881118",
2025-07-25T14:05:48.5738880+03:00,A30000000000000000000000,,1,"-62,5","865,7",Speedwayr-15-32-c2,"3,509748042682347",
2025-07-25T14:05:48.6002110+03:00,A80000000000000000000000,,1,-72,"865,7",Speedwayr-15-32-c2,"4,230719012988598",
2025-07-25T14:05:48.6064430+03:00,A70000000000000000000000,,1,"-64,5","865,7",Speedwayr-15-32-c2,"0,9019807032767571",
2025-07-25T14:05:48.6081840+03:00,A20000000000000000000000,,1,"-58,5","865,7",Speedwayr-15-32-c2,"0,5031456984264903",
2025-07-25T14:05:48.6097350+03:00,A30000000000000000000000,,1,"-62,5","865,7",Speedwayr-15-32-c2,"3,3870295796514958",
2025-07-25T14:05:48.6183280+03:00,A60000000000000000000000,,1,"-60,5","865,7",Speedwayr-15-32-c2,"0,1349903093339364",
2025-07-25T14:05:48.6197520+03:00,A40000000000000000000000,,1,"-65,5","865,7",Speedwayr-15-32-c2,"3,6815538909255388",
2025-07-25T14:05:48.6213030+03:00,A80000000000000000000000,,1,"-69,5","865,7",Speedwayr-15-32-c2,"0,9940195505498954",
2025-07-25T14:05:48.6374060+03:00,A20000000000000000000000,,1,-58,"865,7",Speedwayr-15-32-c2,"0,48473792897186263",
2025-07-25T14:05:48.6393440+03:00,A60000000000000000000000,,1,-65,"865,7",Speedwayr-15-32-c2,"0,09817477042468103",
2025-07-25T14:05:48.6404260+03:00,A30000000000000000000000,,1,"-61,5","865,7",Speedwayr-15-32-c2,"3,3624858870453256",
2025-07-25T14:05:48.6414940+03:00,A70000000000000000000000,,1,"-64,5","865,7",Speedwayr-15-32-c2,"0,8774370106705868",
2025-07-25T14:05:48.6462180+03:00,A40000000000000000000000,,1,-66,"865,7",Speedwayr-15-32-c2,"3,693825737228624",
2025-07-25T14:05:48.6628880+03:00,A80000000000000000000000,,1,"-71,5","865,7",Speedwayr-15-32-c2,"4,147884050442774",
2025-07-25T14:05:48.6670730+03:00,A40000000000000000000000,,1,"-65,5","865,7",Speedwayr-15-32-c2,"3,650874275167826",
2025-07-25T14:05:48.6716400+03:00,A60000000000000000000000,,1,"-63,5","865,7",Speedwayr-15-32-c2,"0,1043106935762236",
2025-07-25T14:05:48.6735450+03:00,A30000000000000000000000,,1,-62,"865,7",Speedwayr-15-32-c2,"3,2949907323783574",
2025-07-25T14:05:48.6764180+03:00,A20000000000000000000000,,1,"-56,5","865,7",Speedwayr-15-32-c2,"0,39269908169872414",
2025-07-25T14:05:48.6815890+03:00,A80000000000000000000000,,1,"-69,5","865,7",Speedwayr-15-32-c2,"1,0737865515199487",
2025-07-25T14:05:48.6969110+03:00,A60000000000000000000000,,1,-64,"865,7",Speedwayr-15-32-c2,"0,01227184630308513",
2025-07-25T14:05:48.6979910+03:00,A20000000000000000000000,,1,"-57,5","865,7",Speedwayr-15-32-c2,"0,4663301595172349",
2025-07-25T14:05:48.7012950+03:00,A30000000000000000000000,,1,"-62,5","865,7",Speedwayr-15-32-c2,"3,399301425954581",
2025-07-25T14:05:48.7041620+03:00,A70000000000000000000000,,1,"-64,5","865,7",Speedwayr-15-32-c2,"0,8406214717613314",
2025-07-25T14:05:48.7072040+03:00,A40000000000000000000000,,1,-66,"865,7",Speedwayr-15-32-c2,"3,6999616603801666",
2025-07-25T14:05:48.7328110+03:00,A80000000000000000000000,,1,-72,"865,7",Speedwayr-15-32-c2,"4,0987966652304335",
2025-07-25T14:05:48.7384280+03:00,A20000000000000000000000,,1,-58,"865,7",Speedwayr-15-32-c2,"0,4049709280018093",
2025-07-25T14:05:48.7400090+03:00,A70000000000000000000000,,1,-64,"865,7",Speedwayr-15-32-c2,"0,7179030087304801",
2025-07-25T14:05:48.7411040+03:00,A30000000000000000000000,,1,"-62,5","865,7",Speedwayr-15-32-c2,"3,4054373491061236",
2025-07-25T14:05:48.7447330+03:00,A60000000000000000000000,,1,-63,"865,7",Speedwayr-15-32-c2,"0,14112623248547898",
2025-07-25T14:05:48.7460860+03:00,A40000000000000000000000,,1,"-65,5","865,7",Speedwayr-15-32-c2,"3,5281558121369745",
2025-07-25T14:05:48.7521140+03:00,A80000000000000000000000,,1,-71,"865,7",Speedwayr-15-32-c2,"1,0615147052168636",
2025-07-25T14:05:48.7662520+03:00,A40000000000000000000000,,1,-66,"865,7",Speedwayr-15-32-c2,"3,650874275167826",
2025-07-25T14:05:48.7676660+03:00,A30000000000000000000000,,1,-62,"865,7",Speedwayr-15-32-c2,"3,3624858870453256",
2025-07-25T14:05:48.7692320+03:00,A20000000000000000000000,,1,-58,"865,7",Speedwayr-15-32-c2,"0,4970097752749477",
2025-07-25T14:05:48.7710990+03:00,A60000000000000000000000,,1,"-64,5","865,7",Speedwayr-15-32-c2,"6,209554229361076",
2025-07-25T14:05:48.7779630+03:00,A70000000000000000000000,,1,-64,"865,7",Speedwayr-15-32-c2,"0,7976700097005334",
2025-07-25T14:05:48.7805260+03:00,A80000000000000000000000,,1,-71,"865,7",Speedwayr-15-32-c2,"1,0185632431560658",
2025-07-25T14:05:48.7963790+03:00,A20000000000000000000000,,1,"-57,5","865,7",Speedwayr-15-32-c2,"0,5154175447295755",
2025-07-25T14:05:48.7998340+03:00,A70000000000000000000000,,1,"-64,5","865,7",Speedwayr-15-32-c2,"0,7915340865489908",
2025-07-25T14:05:48.8018200+03:00,A40000000000000000000000,,1,"-65,5","865,7",Speedwayr-15-32-c2,"3,6017868899554855",
2025-07-25T14:05:48.8032900+03:00,A30000000000000000000000,,1,"-62,5","865,7",Speedwayr-15-32-c2,"3,3440781175906977",
2025-07-25T14:05:48.8116480+03:00,A80000000000000000000000,,1,"-69,5","865,7",Speedwayr-15-32-c2,"1,1719613219446299",
2025-07-25T14:05:48.8263020+03:00,A20000000000000000000000,,1,"-57,5","865,7",Speedwayr-15-32-c2,"0,4111068511533518",
2025-07-25T14:05:48.8274310+03:00,A30000000000000000000000,,1,"-62,5","865,7",Speedwayr-15-32-c2,"3,5711072741977725",
2025-07-25T14:05:48.8292390+03:00,A40000000000000000000000,,1,-65,"865,7",Speedwayr-15-32-c2,"3,522019888985432",
2025-07-25T14:05:48.8319840+03:00,A60000000000000000000000,,1,-64,"865,7",Speedwayr-15-32-c2,"0,14726215563702155",
2025-07-25T14:05:48.8342430+03:00,A70000000000000000000000,,1,-65,"865,7",Speedwayr-15-32-c2,"0,7547185476397354",
2025-07-25T14:05:48.8614840+03:00,A80000000000000000000000,,1,"-71,5","865,7",Speedwayr-15-32-c2,"3,9760782021995817",
2025-07-25T14:05:48.8677740+03:00,A40000000000000000000000,,1,"-64,5","865,7",Speedwayr-15-32-c2,"3,6201946594101133",
2025-07-25T14:05:48.8697590+03:00,A70000000000000000000000,,1,"-64,5","865,7",Speedwayr-15-32-c2,"0,6994952392758523",
2025-07-25T14:05:48.8710530+03:00,A20000000000000000000000,,1,-58,"865,7",Speedwayr-15-32-c2,"0,3865631585471816",
2025-07-25T14:05:48.8724370+03:00,A60000000000000000000000,,1,-65,"865,7",Speedwayr-15-32-c2,"0,04908738521234052",
2025-07-25T14:05:48.8767530+03:00,A30000000000000000000000,,1,-62,"865,7",Speedwayr-15-32-c2,"3,4054373491061236",
2025-07-25T14:05:48.8818900+03:00,A80000000000000000000000,,1,"-71,5","865,7",Speedwayr-15-32-c2,"0,7792622402459057",
2025-07-25T14:05:48.8973440+03:00,A30000000000000000000000,,1,-62,"865,7",Speedwayr-15-32-c2,"3,454524734318464",
2025-07-25T14:05:48.8987740+03:00,A20000000000000000000000,,1,-58,"865,7",Speedwayr-15-32-c2,"0,3865631585471816",
2025-07-25T14:05:48.9009510+03:00,A70000000000000000000000,,1,-63,"865,7",Speedwayr-15-32-c2,"0,803805932852076",
2025-07-25T14:05:48.9037360+03:00,A60000000000000000000000,,1,-66,"865,7",Speedwayr-15-32-c2,"0,06135923151542565",
2025-07-25T14:05:48.9056460+03:00,A40000000000000000000000,,1,"-65,5","865,7",Speedwayr-15-32-c2,"3,865631585471816",
2025-07-25T14:05:48.9220370+03:00,A80000000000000000000000,,1,"-71,5","865,7",Speedwayr-15-32-c2,"3,9269908169872414",
2025-07-25T14:05:48.9272200+03:00,A60000000000000000000000,,1,-65,"865,7",Speedwayr-15-32-c2,"6,258641614573416",
2025-07-25T14:05:48.9282920+03:00,A30000000000000000000000,,1,-62,"865,7",Speedwayr-15-32-c2,"3,4177091954092087",
2025-07-25T14:05:48.9299020+03:00,A70000000000000000000000,,1,-64,"865,7",Speedwayr-15-32-c2,"0,8651651643675016",
2025-07-25T14:05:48.9314660+03:00,A20000000000000000000000,,1,"-58,5","865,7",Speedwayr-15-32-c2,"0,4479223900626072",
2025-07-25T14:05:48.9347290+03:00,A40000000000000000000000,,1,"-64,5","865,7",Speedwayr-15-32-c2,"3,56497135104623",
2025-07-25T14:05:48.9518130+03:00,A80000000000000000000000,,1,"-69,5","865,7",Speedwayr-15-32-c2,"0,4540583132141498",
2025-07-25T14:05:48.9658170+03:00,A40000000000000000000000,,1,"-63,5","865,7",Speedwayr-15-32-c2,"3,761320891895592",
2025-07-25T14:05:48.9685620+03:00,A60000000000000000000000,,1,-65,"865,7",Speedwayr-15-32-c2,"0,01227184630308513",
2025-07-25T14:05:48.9700880+03:00,A70000000000000000000000,,1,-64,"865,7",Speedwayr-15-32-c2,"0,8467573949128739",
2025-07-25T14:05:48.9720330+03:00,A80000000000000000000000,,1,-69,"865,7",Speedwayr-15-32-c2,"0,7915340865489908",
2025-07-25T14:05:48.9735710+03:00,A30000000000000000000000,,1,"-62,5","865,7",Speedwayr-15-32-c2,"3,454524734318464",
2025-07-25T14:05:48.9758240+03:00,A20000000000000000000000,,1,"-58,5","865,7",Speedwayr-15-32-c2,"0,5706408530934585",
2025-07-25T14:05:48.9915730+03:00,A40000000000000000000000,,1,-65,"865,7",Speedwayr-15-32-c2,"3,5956509668039427",
2025-07-25T14:05:48.9948260+03:00,A30000000000000000000000,,1,-62,"865,7",Speedwayr-15-32-c2,"3,693825737228624",
2025-07-25T14:05:48.9987190+03:00,A20000000000000000000000,,1,-58,"865,7",Speedwayr-15-32-c2,"0,4111068511533518",
2025-07-25T14:05:48.9998740+03:00,A60000000000000000000000,,1,-65,"865,7",Speedwayr-15-32-c2,"6,240233845118788",
2025-07-25T14:05:49.0013570+03:00,A70000000000000000000000,,1,-64,"865,7",Speedwayr-15-32-c2,"0,7179030087304801",
2025-07-25T14:05:49.0026310+03:00,A80000000000000000000000,,1,-69,"865,7",Speedwayr-15-32-c2,"0,8651651643675016",
2025-07-25T14:05:49.0165570+03:00,A20000000000000000000000,,1,"-58,5","865,7",Speedwayr-15-32-c2,"0,37429131224409645",
2025-07-25T14:05:49.0185500+03:00,A40000000000000000000000,,1,"-65,5","865,7",Speedwayr-15-32-c2,"3,736777199289422",
2025-07-25T14:05:49.0196510+03:00,A30000000000000000000000,,1,-62,"865,7",Speedwayr-15-32-c2,"3,368621810196868",
2025-07-25T14:05:49.0214280+03:00,A70000000000000000000000,,1,"-64,5","865,7",Speedwayr-15-32-c2,"0,7179030087304801",
2025-07-25T14:05:49.0232540+03:00,A60000000000000000000000,,1,"-64,5","865,7",Speedwayr-15-32-c2,"6,12365130523948",
2025-07-25T14:05:49.0402080+03:00,A80000000000000000000000,,1,-72,"865,7",Speedwayr-15-32-c2,"0,8620972027917303",
2025-07-25T14:05:49.0431270+03:00,A20000000000000000000000,,1,-58,"865,7",Speedwayr-15-32-c2,"0,4111068511533518",
2025-07-25T14:05:49.0477960+03:00,A60000000000000000000000,,1,"-65,5","865,7",Speedwayr-15-32-c2,0,
2025-07-25T14:05:49.0523880+03:00,A30000000000000000000000,,1,"-62,5","865,7",Speedwayr-15-32-c2,"3,429981041712294",
2025-07-25T14:05:49.0534840+03:00,A70000000000000000000000,,1,-65,"865,7",Speedwayr-15-32-c2,"0,7363107781851077",
2025-07-25T14:05:49.0545820+03:00,A40000000000000000000000,,1,"-66,5","865,7",Speedwayr-15-32-c2,"3,650874275167826",
2025-07-25T14:05:49.0599210+03:00,A80000000000000000000000,,1,-68,"865,7",Speedwayr-15-32-c2,"0,7915340865489908",
2025-07-25T14:05:49.0729600+03:00,A40000000000000000000000,,1,"-65,5","865,7",Speedwayr-15-32-c2,"3,56497135104623",
2025-07-25T14:05:49.0740590+03:00,A60000000000000000000000,,1,"-61,5","865,7",Speedwayr-15-32-c2,"6,12365130523948",
2025-07-25T14:05:49.0792620+03:00,A30000000000000000000000,,1,"-62,5","865,7",Speedwayr-15-32-c2,"3,411573272257666",
2025-07-25T14:05:49.0803850+03:00,A20000000000000000000000,,1,"-57,5","865,7",Speedwayr-15-32-c2,"0,39269908169872414",
2025-07-25T14:05:49.0821900+03:00,A70000000000000000000000,,1,"-63,5","865,7",Speedwayr-15-32-c2,"0,7792622402459057",
2025-07-25T14:05:49.0915590+03:00,A80000000000000000000000,,1,"-72,5","865,7",Speedwayr-15-32-c2,"0,8283496254582462",
2025-07-25T14:05:49.1007630+03:00,A20000000000000000000000,,1,"-58,5","865,7",Speedwayr-15-32-c2,"0,6135923151542565",
2025-07-25T14:05:49.1024950+03:00,A70000000000000000000000,,1,"-64,5","865,7",Speedwayr-15-32-c2,"0,7669903939428205",
2025-07-25T14:05:49.1044480+03:00,A30000000000000000000000,,1,"-62,5","865,7",Speedwayr-15-32-c2,"3,466796580621549",
2025-07-25T14:05:49.1067660+03:00,A40000000000000000000000,,1,-65,"865,7",Speedwayr-15-32-c2,"3,5281558121369745",
2025-07-25T14:05:49.1078810+03:00,A60000000000000000000000,,1,"-64,5","865,7",Speedwayr-15-32-c2,"0,04295146206079795",
2025-07-25T14:05:49.1333450+03:00,A80000000000000000000000,,1,-72,"865,7",Speedwayr-15-32-c2,"3,782796622925991",
2025-07-25T14:05:49.1379470+03:00,A20000000000000000000000,,1,"-58,5","865,7",Speedwayr-15-32-c2,"0,4049709280018093",
2025-07-25T14:05:49.1401360+03:00,A70000000000000000000000,,1,"-63,5","865,7",Speedwayr-15-32-c2,"0,6442719309119693",
2025-07-25T14:05:49.1424840+03:00,A30000000000000000000000,,1,"-61,5","865,7",Speedwayr-15-32-c2,"3,466796580621549",
2025-07-25T14:05:49.1440760+03:00,A60000000000000000000000,,1,"-62,5","865,7",Speedwayr-15-32-c2,"0,02454369260617026",
2025-07-25T14:05:49.1706910+03:00,A80000000000000000000000,,1,-72,"865,7",Speedwayr-15-32-c2,"0,5614369683661447",
2025-07-25T14:05:49.1779970+03:00,A30000000000000000000000,,1,-62,"865,7",Speedwayr-15-32-c2,"3,429981041712294",
2025-07-25T14:05:49.1793590+03:00,A20000000000000000000000,,1,-57,"865,7",Speedwayr-15-32-c2,"0,4663301595172349",
2025-07-25T14:05:49.1821700+03:00,A60000000000000000000000,,1,"-65,5","865,7",Speedwayr-15-32-c2,"6,1420590746941075",
2025-07-25T14:05:49.1852220+03:00,A70000000000000000000000,,1,"-64,5","865,7",Speedwayr-15-32-c2,"0,7547185476397354",
2025-07-25T14:05:49.1912250+03:00,A40000000000000000000000,,1,-65,"865,7",Speedwayr-15-32-c2,"3,5833791205008576",
2025-07-25T14:05:49.2130770+03:00,A80000000000000000000000,,1,-72,"865,7",Speedwayr-15-32-c2,"3,8073403155321612",
2025-07-25T14:05:49.2214350+03:00,A70000000000000000000000,,1,-64,"865,7",Speedwayr-15-32-c2,"0,9326603190344698",
2025-07-25T14:05:49.2227870+03:00,A20000000000000000000000,,1,"-58,5","865,7",Speedwayr-15-32-c2,"0,380427235395639",
2025-07-25T14:05:49.2261720+03:00,A60000000000000000000000,,1,-66,"865,7",Speedwayr-15-32-c2,"0,030679615757712823",
2025-07-25T14:05:49.2278380+03:00,A30000000000000000000000,,1,-61,"865,7",Speedwayr-15-32-c2,"3,472932503773092",
2025-07-25T14:05:49.2304810+03:00,A40000000000000000000000,,1,"-66,5","865,7",Speedwayr-15-32-c2,"4,061981126321178",
2025-07-25T14:05:49.2525750+03:00,A80000000000000000000000,,1,-72,"865,7",Speedwayr-15-32-c2,"0,6657476619423682",
2025-07-25T14:05:49.2595290+03:00,A20000000000000000000000,,1,-57,"865,7",Speedwayr-15-32-c2,"0,4295146206079795",
2025-07-25T14:05:49.2613500+03:00,A30000000000000000000000,,1,"-62,5","865,7",Speedwayr-15-32-c2,"3,4054373491061236",
2025-07-25T14:05:49.2674390+03:00,A60000000000000000000000,,1,"-64,5","865,7",Speedwayr-15-32-c2,"6,240233845118788",
2025-07-25T14:05:49.2691410+03:00,A70000000000000000000000,,1,"-64,5","865,7",Speedwayr-15-32-c2,"0,9817477042468103",
2025-07-25T14:05:49.2705110+03:00,A40000000000000000000000,,1,-66,"865,7",Speedwayr-15-32-c2,"3,5956509668039427",
2025-07-25T14:05:49.2810230+03:00,A80000000000000000000000,,1,-70,"865,7",Speedwayr-15-32-c2,"0,6320000846088841",
2025-07-25T14:05:49.2957730+03:00,A70000000000000000000000,,1,"-64,5","865,7",Speedwayr-15-32-c2,"0,7792622402459057",
2025-07-25T14:05:49.3003730+03:00,A60000000000000000000000,,1,-65,"865,7",Speedwayr-15-32-c2,"0,04908738521234052",
2025-07-25T14:05:49.3020830+03:00,A40000000000000000000000,,1,-66,"865,7",Speedwayr-15-32-c2,"3,5895150436524004",
2025-07-25T14:05:49.3043310+03:00,A30000000000000000000000,,1,"-62,5","865,7",Speedwayr-15-32-c2,"3,485204350076177",
2025-07-25T14:05:49.3060520+03:00,A20000000000000000000000,,1,"-56,5","865,7",Speedwayr-15-32-c2,"0,4479223900626072",
2025-07-25T14:05:49.3120860+03:00,A80000000000000000000000,,1,"-71,5","865,7",Speedwayr-15-32-c2,"0,8344855486097889",
2025-07-25T14:05:49.3283480+03:00,A20000000000000000000000,,1,-57,"865,7",Speedwayr-15-32-c2,"0,46019423636569234",
2025-07-25T14:05:49.3294320+03:00,A30000000000000000000000,,1,"-61,5","865,7",Speedwayr-15-32-c2,"3,5711072741977725",
2025-07-25T14:05:49.3361850+03:00,A60000000000000000000000,,1,-65,"865,7",Speedwayr-15-32-c2,"0,1227184630308513",
2025-07-25T14:05:49.3378980+03:00,A70000000000000000000000,,1,"-62,5","865,7",Speedwayr-15-32-c2,"0,7915340865489908",
2025-07-25T14:05:49.3395680+03:00,A40000000000000000000000,,1,"-64,5","865,7",Speedwayr-15-32-c2,"3,749049045592507",
2025-07-25T14:05:49.3724800+03:00,A40000000000000000000000,,1,-66,"865,7",Speedwayr-15-32-c2,"3,5711072741977725",
2025-07-25T14:05:49.3749740+03:00,A70000000000000000000000,,1,"-63,5","865,7",Speedwayr-15-32-c2,"0,7915340865489908",
2025-07-25T14:05:49.3769110+03:00,A30000000000000000000000,,1,-62,"865,7",Speedwayr-15-32-c2,"3,6386024288647407",
2025-07-25T14:05:49.3788820+03:00,A60000000000000000000000,,1,"-64,5","865,7",Speedwayr-15-32-c2,"0,0859029241215959",
2025-07-25T14:05:49.3801950+03:00,A20000000000000000000000,,1,"-58,5","865,7",Speedwayr-15-32-c2,"0,4970097752749477",
2025-07-25T14:05:49.4002770+03:00,A80000000000000000000000,,1,-72,"865,7",Speedwayr-15-32-c2,"3,859495662320273",
2025-07-25T14:05:49.4051000+03:00,A20000000000000000000000,,1,"-58,5","865,7",Speedwayr-15-32-c2,"0,4908738521234052",
2025-07-25T14:05:49.4095280+03:00,A30000000000000000000000,,1,"-62,5","865,7",Speedwayr-15-32-c2,"3,6017868899554855",
2025-07-25T14:05:49.4124970+03:00,A60000000000000000000000,,1,"-64,5","865,7",Speedwayr-15-32-c2,"0,07976700097005335",
2025-07-25T14:05:49.4222680+03:00,A70000000000000000000000,,1,"-64,5","865,7",Speedwayr-15-32-c2,"3,9699422790480394",
2025-07-25T14:05:49.4239640+03:00,A40000000000000000000000,,1,-66,"865,7",Speedwayr-15-32-c2,"0,5092816215780329",
2025-07-25T14:05:49.4409810+03:00,A80000000000000000000000,,1,"-72,5","865,7",Speedwayr-15-32-c2,"0,9387962421860124",
2025-07-25T14:05:49.4497460+03:00,A20000000000000000000000,,1,"-58,5","865,7",Speedwayr-15-32-c2,"0,4970097752749477",
2025-07-25T14:05:49.4515510+03:00,A60000000000000000000000,,1,-64,"865,7",Speedwayr-15-32-c2,"0,1227184630308513",
2025-07-25T14:05:49.4532010+03:00,A30000000000000000000000,,1,"-62,5","865,7",Speedwayr-15-32-c2,"3,472932503773092",
2025-07-25T14:05:49.4547040+03:00,A70000000000000000000000,,1,-64,"865,7",Speedwayr-15-32-c2,"0,9081166264282996",
2025-07-25T14:05:49.4920500+03:00,A80000000000000000000000,,1,"-72,5","865,7",Speedwayr-15-32-c2,"3,9791461637753534",
2025-07-25T14:05:49.4951280+03:00,A20000000000000000000000,,1,"-58,5","865,7",Speedwayr-15-32-c2,"0,47860200582032003",
2025-07-25T14:05:49.5025810+03:00,A30000000000000000000000,,1,"-62,5","865,7",Speedwayr-15-32-c2,"3,5036121195308043",
2025-07-25T14:05:49.5048430+03:00,A70000000000000000000000,,1,"-64,5","865,7",Speedwayr-15-32-c2,"0,9510680884890975",
2025-07-25T14:05:49.5088400+03:00,A60000000000000000000000,,1,-64,"865,7",Speedwayr-15-32-c2,"0,14112623248547898",
2025-07-25T14:05:49.5225590+03:00,A80000000000000000000000,,1,-72,"865,7",Speedwayr-15-32-c2,"4,034369472139236",
2025-07-25T14:05:49.5319160+03:00,A20000000000000000000000,,1,"-58,5","865,7",Speedwayr-15-32-c2,"0,5767767762450011",
2025-07-25T14:05:49.5330860+03:00,A40000000000000000000000,,1,-66,"865,7",Speedwayr-15-32-c2,"3,6447383520162835",
2025-07-25T14:05:49.5347200+03:00,A60000000000000000000000,,1,-65,"865,7",Speedwayr-15-32-c2,"0,16566992509164924",
2025-07-25T14:05:49.5363030+03:00,A30000000000000000000000,,1,-62,"865,7",Speedwayr-15-32-c2,"3,5588354278946874",
2025-07-25T14:05:49.5382680+03:00,A70000000000000000000000,,1,-64,"865,7",Speedwayr-15-32-c2,"0,8651651643675016",
2025-07-25T14:05:49.5412470+03:00,A80000000000000000000000,,1,"-70,5","865,7",Speedwayr-15-32-c2,"0,5767767762450011",
2025-07-25T14:05:49.5567000+03:00,A20000000000000000000000,,1,"-58,5","865,7",Speedwayr-15-32-c2,"0,6749515466696822",
2025-07-25T14:05:49.5578550+03:00,A30000000000000000000000,,1,-61,"865,7",Speedwayr-15-32-c2,"3,5342917352885173",
2025-07-25T14:05:49.5598740+03:00,A70000000000000000000000,,1,-64,"865,7",Speedwayr-15-32-c2,"0,8160777791551611",
2025-07-25T14:05:49.5620870+03:00,A40000000000000000000000,,1,-64,"865,7",Speedwayr-15-32-c2,"3,724505352986337",
2025-07-25T14:05:49.5631850+03:00,A60000000000000000000000,,1,-65,"865,7",Speedwayr-15-32-c2,"0,2086213871524472",
2025-07-25T14:05:49.6106200+03:00,A60000000000000000000000,,1,-65,"865,7",Speedwayr-15-32-c2,"0,16566992509164924",
2025-07-25T14:05:49.6129720+03:00,A30000000000000000000000,,1,-62,"865,7",Speedwayr-15-32-c2,"3,5281558121369745",
2025-07-25T14:05:49.6149510+03:00,A70000000000000000000000,,1,-63,"865,7",Speedwayr-15-32-c2,"1,0185632431560658",
2025-07-25T14:05:49.6167840+03:00,A20000000000000000000000,,1,"-58,5","865,7",Speedwayr-15-32-c2,"0,5338253141842031",
2025-07-25T14:05:49.6194290+03:00,A40000000000000000000000,,1,-63,"865,7",Speedwayr-15-32-c2,"3,810408277107933",
2025-07-25T14:05:49.6347540+03:00,A30000000000000000000000,,1,-60,"865,7",Speedwayr-15-32-c2,"3,5158839658338894",
2025-07-25T14:05:49.6377360+03:00,A60000000000000000000000,,1,-64,"865,7",Speedwayr-15-32-c2,"0,14726215563702155",
2025-07-25T14:05:49.6410300+03:00,A70000000000000000000000,,1,"-64,5","865,7",Speedwayr-15-32-c2,"0,8958447801252144",
2025-07-25T14:05:49.6420280+03:00,A40000000000000000000000,,1,-66,"865,7",Speedwayr-15-32-c2,"3,7551849687440497",
2025-07-25T14:05:49.6440670+03:00,A20000000000000000000000,,1,"-58,5","865,7",Speedwayr-15-32-c2,"0,5767767762450011",
2025-07-25T14:05:49.6782230+03:00,A60000000000000000000000,,1,"-64,5","865,7",Speedwayr-15-32-c2,"0,2699806186678728",
2025-07-25T14:05:49.6805030+03:00,A20000000000000000000000,,1,"-57,5","865,7",Speedwayr-15-32-c2,"0,5829126993965437",
2025-07-25T14:05:49.6816000+03:00,A30000000000000000000000,,1,"-62,5","865,7",Speedwayr-15-32-c2,"3,56497135104623",
2025-07-25T14:05:49.6831690+03:00,A70000000000000000000000,,1,"-63,5","865,7",Speedwayr-15-32-c2,"0,8774370106705868",
2025-07-25T14:05:49.6930380+03:00,A80000000000000000000000,,1,-71,"865,7",Speedwayr-15-32-c2,"0,944932165337555",
2025-07-25T14:05:49.7050240+03:00,A20000000000000000000000,,1,-57,"865,7",Speedwayr-15-32-c2,"0,5399612373357456",
2025-07-25T14:05:49.7066290+03:00,A70000000000000000000000,,1,-64,"865,7",Speedwayr-15-32-c2,"1,055378782065321",
2025-07-25T14:05:49.7112980+03:00,A60000000000000000000000,,1,-65,"865,7",Speedwayr-15-32-c2,"0,19634954084936207",
2025-07-25T14:05:49.7172610+03:00,A30000000000000000000000,,1,-60,"865,7",Speedwayr-15-32-c2,"3,5833791205008576",
2025-07-25T14:05:49.7183870+03:00,A40000000000000000000000,,1,"-64,5","865,7",Speedwayr-15-32-c2,"4,1172044346850605",
2025-07-25T14:05:49.7379630+03:00,A70000000000000000000000,,1,-64,"865,7",Speedwayr-15-32-c2,"1,0185632431560658",
2025-07-25T14:05:49.7404730+03:00,A60000000000000000000000,,1,"-64,5","865,7",Speedwayr-15-32-c2,"0,23930100291016002",
2025-07-25T14:05:49.7421560+03:00,A40000000000000000000000,,1,-66,"865,7",Speedwayr-15-32-c2,"3,6876898140770815",
2025-07-25T14:05:49.7438050+03:00,A20000000000000000000000,,1,"-57,5","865,7",Speedwayr-15-32-c2,"0,7363107781851077",
2025-07-25T14:05:49.7451170+03:00,A30000000000000000000000,,1,"-61,5","865,7",Speedwayr-15-32-c2,"3,6324665057131984",
2025-07-25T14:05:49.7699230+03:00,A80000000000000000000000,,1,"-71,5","865,7",Speedwayr-15-32-c2,"1,021631204731837",
2025-07-25T14:05:49.7764560+03:00,A20000000000000000000000,,1,"-57,5","865,7",Speedwayr-15-32-c2,"0,662679700366597",
2025-07-25T14:05:49.7784260+03:00,A30000000000000000000000,,1,-62,"865,7",Speedwayr-15-32-c2,"3,6570101983193686",
2025-07-25T14:05:49.7805020+03:00,A60000000000000000000000,,1,"-64,5","865,7",Speedwayr-15-32-c2,"0,21475731030398976",
2025-07-25T14:05:49.7818670+03:00,A40000000000000000000000,,1,"-65,5","865,7",Speedwayr-15-32-c2,"3,8717675086233583",
2025-07-25T14:05:49.7830940+03:00,A70000000000000000000000,,1,"-63,5","865,7",Speedwayr-15-32-c2,"0,9756117810952678",
2025-07-25T14:05:49.8108250+03:00,A80000000000000000000000,,1,"-72,5","865,7",Speedwayr-15-32-c2,"1,0032234352772094",
2025-07-25T14:05:49.8167740+03:00,A30000000000000000000000,,1,"-61,5","865,7",Speedwayr-15-32-c2,"3,6692820446224537",
2025-07-25T14:05:49.8183990+03:00,A70000000000000000000000,,1,"-63,5","865,7",Speedwayr-15-32-c2,"0,9572040116406401",
2025-07-25T14:05:49.8195260+03:00,A60000000000000000000000,,1,-64,"865,7",Speedwayr-15-32-c2,"0,2086213871524472",
2025-07-25T14:05:49.8216330+03:00,A20000000000000000000000,,1,"-57,5","865,7",Speedwayr-15-32-c2,"0,6504078540635119",
2025-07-25T14:05:49.8247680+03:00,A40000000000000000000000,,1,-66,"865,7",Speedwayr-15-32-c2,"3,6815538909255388",
2025-07-25T14:05:49.8410060+03:00,A80000000000000000000000,,1,"-72,5","865,7",Speedwayr-15-32-c2,"4,252194744018997",
2025-07-25T14:05:49.8442270+03:00,A20000000000000000000000,,1,-57,"865,7",Speedwayr-15-32-c2,"0,6749515466696822",
2025-07-25T14:05:49.8468500+03:00,A40000000000000000000000,,1,-65,"865,7",Speedwayr-15-32-c2,"3,865631585471816",
2025-07-25T14:05:49.8484810+03:00,A70000000000000000000000,,1,-64,"865,7",Speedwayr-15-32-c2,"1,0062913968529805",
2025-07-25T14:05:49.8509510+03:00,A80000000000000000000000,,1,-70,"865,7",Speedwayr-15-32-c2,"4,828971520263998",
2025-07-25T14:05:49.8527040+03:00,A60000000000000000000000,,1,"-64,5","865,7",Speedwayr-15-32-c2,"0,5031456984264903",
2025-07-25T14:05:49.8538150+03:00,A30000000000000000000000,,1,"-62,5","865,7",Speedwayr-15-32-c2,"3,56497135104623",
2025-07-25T14:05:49.8737540+03:00,A30000000000000000000000,,1,"-60,5","865,7",Speedwayr-15-32-c2,"3,730641276137879",
2025-07-25T14:05:49.8756610+03:00,A70000000000000000000000,,1,"-64,5","865,7",Speedwayr-15-32-c2,"0,8835729338221293",
2025-07-25T14:05:49.8774450+03:00,A40000000000000000000000,,1,-64,"865,7",Speedwayr-15-32-c2,"3,5772431973493153",
2025-07-25T14:05:49.8805790+03:00,A20000000000000000000000,,1,"-58,5","865,7",Speedwayr-15-32-c2,"0,6504078540635119",
2025-07-25T14:05:49.8818200+03:00,A60000000000000000000000,,1,-64,"865,7",Speedwayr-15-32-c2,"0,2270291566070749",
2025-07-25T14:05:49.8914560+03:00,A80000000000000000000000,,1,-72,"865,7",Speedwayr-15-32-c2,"4,144816088867002",
2025-07-25T14:05:49.8990780+03:00,A30000000000000000000000,,1,"-62,5","865,7",Speedwayr-15-32-c2,"3,6324665057131984",
2025-07-25T14:05:49.9012290+03:00,A40000000000000000000000,,1,-66,"865,7",Speedwayr-15-32-c2,"3,8840393549264434",
2025-07-25T14:05:49.9023260+03:00,A20000000000000000000000,,1,"-58,5","865,7",Speedwayr-15-32-c2,"0,6381360077604268",
2025-07-25T14:05:49.9041940+03:00,A60000000000000000000000,,1,-64,"865,7",Speedwayr-15-32-c2,"0,2699806186678728",
2025-07-25T14:05:49.9052500+03:00,A70000000000000000000000,,1,-65,"865,7",Speedwayr-15-32-c2,"1,1719613219446299",
2025-07-25T14:05:49.9423240+03:00,A80000000000000000000000,,1,-72,"865,7",Speedwayr-15-32-c2,"0,944932165337555",
2025-07-25T14:05:49.9476580+03:00,A60000000000000000000000,,1,-64,"865,7",Speedwayr-15-32-c2,"0,2086213871524472",
2025-07-25T14:05:49.9503980+03:00,A20000000000000000000000,,1,"-58,5","865,7",Speedwayr-15-32-c2,"0,619728238305799",
2025-07-25T14:05:49.9515830+03:00,A70000000000000000000000,,1,-64,"865,7",Speedwayr-15-32-c2,"0,6688156235181395",
2025-07-25T14:05:49.9537370+03:00,A30000000000000000000000,,1,"-62,5","865,7",Speedwayr-15-32-c2,"3,773592738198677",
2025-07-25T14:05:49.9589890+03:00,A40000000000000000000000,,1,"-66,5","865,7",Speedwayr-15-32-c2,"3,8840393549264434",
2025-07-25T14:05:50.0911730+03:00,A60000000000000000000000,,1,"-62,5","865,7",Speedwayr-15-32-c2,"0,09203884727313846",
2025-07-25T14:05:50.0922690+03:00,A40000000000000000000000,,1,-66,"865,7",Speedwayr-15-32-c2,"3,761320891895592",
2025-07-25T14:05:50.1014540+03:00,A30000000000000000000000,,1,"-62,5","865,7",Speedwayr-15-32-c2,"3,7551849687440497",
2025-07-25T14:05:50.1026880+03:00,A20000000000000000000000,,1,-58,"865,7",Speedwayr-15-32-c2,"0,6749515466696822",
2025-07-25T14:05:50.1200450+03:00,A80000000000000000000000,,1,"-70,5","865,7",Speedwayr-15-32-c2,"3,9607383943207255",
2025-07-25T14:05:50.1311750+03:00,A20000000000000000000000,,1,-58,"865,7",Speedwayr-15-32-c2,"0,6565437772150544",
2025-07-25T14:05:50.1335880+03:00,A30000000000000000000000,,1,"-61,5","865,7",Speedwayr-15-32-c2,"3,767456815047135",
2025-07-25T14:05:50.1381700+03:00,A40000000000000000000000,,1,-65,"865,7",Speedwayr-15-32-c2,"3,816544200259475",
2025-07-25T14:05:50.1406340+03:00,A70000000000000000000000,,1,"-63,5","865,7",Speedwayr-15-32-c2,"0,859029241215959",
2025-07-25T14:05:50.1427640+03:00,A60000000000000000000000,,1,"-64,5","865,7",Speedwayr-15-32-c2,"0,2086213871524472",
2025-07-25T14:05:50.1690810+03:00,A80000000000000000000000,,1,-72,"865,7",Speedwayr-15-32-c2,"0,7577865092155067",
2025-07-25T14:05:50.1741280+03:00,A20000000000000000000000,,1,-58,"865,7",Speedwayr-15-32-c2,"0,619728238305799",
2025-07-25T14:05:50.1757840+03:00,A30000000000000000000000,,1,-62,"865,7",Speedwayr-15-32-c2,"3,8963112012295285",
2025-07-25T14:05:50.1791640+03:00,A70000000000000000000000,,1,-64,"865,7",Speedwayr-15-32-c2,"0,9142525495798421",
2025-07-25T14:05:50.1807510+03:00,A40000000000000000000000,,1,"-65,5","865,7",Speedwayr-15-32-c2,"3,8533597391687304",
2025-07-25T14:05:50.1818350+03:00,A60000000000000000000000,,1,"-64,5","865,7",Speedwayr-15-32-c2,"0,14726215563702155",
2025-07-25T14:05:50.2031940+03:00,A80000000000000000000000,,1,"-72,5","865,7",Speedwayr-15-32-c2,"4,077320934200034",
2025-07-25T14:05:50.2135650+03:00,A20000000000000000000000,,1,"-58,5","865,7",Speedwayr-15-32-c2,"0,6933593161243098",
2025-07-25T14:05:50.2181170+03:00,A30000000000000000000000,,1,-62,"865,7",Speedwayr-15-32-c2,"3,9638063558964967",
2025-07-25T14:05:50.2204660+03:00,A60000000000000000000000,,1,-64,"865,7",Speedwayr-15-32-c2,"0,1902136176978195",
2025-07-25T14:05:50.2267090+03:00,A70000000000000000000000,,1,-64,"865,7",Speedwayr-15-32-c2,"3,9760782021995817",
2025-07-25T14:05:50.2323320+03:00,A40000000000000000000000,,1,-66,"865,7",Speedwayr-15-32-c2,"0,6994952392758523",
2025-07-25T14:05:50.2400510+03:00,A80000000000000000000000,,1,-71,"865,7",Speedwayr-15-32-c2,"4,006757817957295",
2025-07-25T14:05:50.2440620+03:00,A70000000000000000000000,,1,-63,"865,7",Speedwayr-15-32-c2,"0,7915340865489908",
2025-07-25T14:05:50.2467130+03:00,A30000000000000000000000,,1,-61,"865,7",Speedwayr-15-32-c2,"3,749049045592507",
2025-07-25T14:05:50.2481650+03:00,A20000000000000000000000,,1,-57,"865,7",Speedwayr-15-32-c2,"0,6442719309119693",
2025-07-25T14:05:50.2538470+03:00,A60000000000000000000000,,1,-63,"865,7",Speedwayr-15-32-c2,"0,23316507975861744",
2025-07-25T14:05:50.2815160+03:00,A80000000000000000000000,,1,-73,"865,7",Speedwayr-15-32-c2,"3,9546024711691827",
2025-07-25T14:05:50.2874960+03:00,A20000000000000000000000,,1,-58,"865,7",Speedwayr-15-32-c2,"0,6810874698212247",
2025-07-25T14:05:50.2894720+03:00,A70000000000000000000000,,1,"-64,5","865,7",Speedwayr-15-32-c2,"0,9633399347921826",
2025-07-25T14:05:50.2907900+03:00,A40000000000000000000000,,1,"-66,5","865,7",Speedwayr-15-32-c2,"3,718369429834794",
2025-07-25T14:05:50.2933340+03:00,A60000000000000000000000,,1,"-65,5","865,7",Speedwayr-15-32-c2,"0,18407769454627693",
2025-07-25T14:05:50.2957110+03:00,A30000000000000000000000,,1,-62,"865,7",Speedwayr-15-32-c2,"3,724505352986337",
2025-07-25T14:05:50.3113160+03:00,A80000000000000000000000,,1,"-72,5","865,7",Speedwayr-15-32-c2,"3,9791461637753534",
2025-07-25T14:05:50.3178720+03:00,A70000000000000000000000,,1,-64,"865,7",Speedwayr-15-32-c2,"0,8897088569736719",
2025-07-25T14:05:50.3203200+03:00,A40000000000000000000000,,1,"-66,5","865,7",Speedwayr-15-32-c2,"3,9085830475326135",
2025-07-25T14:05:50.3219900+03:00,A60000000000000000000000,,1,"-64,5","865,7",Speedwayr-15-32-c2,"6,166602767300278",
2025-07-25T14:05:50.3232710+03:00,A20000000000000000000000,,1,-58,"865,7",Speedwayr-15-32-c2,"0,619728238305799",
2025-07-25T14:05:50.3266460+03:00,A30000000000000000000000,,1,"-62,5","865,7",Speedwayr-15-32-c2,"3,718369429834794",
2025-07-25T14:05:50.3515910+03:00,A80000000000000000000000,,1,"-72,5","865,7",Speedwayr-15-32-c2,"3,9546024711691827",
2025-07-25T14:05:50.3554980+03:00,A20000000000000000000000,,1,-58,"865,7",Speedwayr-15-32-c2,"0,6135923151542565",
2025-07-25T14:05:50.3584410+03:00,A30000000000000000000000,,1,"-62,5","865,7",Speedwayr-15-32-c2,"3,5588354278946874",
2025-07-25T14:05:50.3596370+03:00,A70000000000000000000000,,1,"-63,5","865,7",Speedwayr-15-32-c2,"0,9387962421860124",
2025-07-25T14:05:50.3611900+03:00,A40000000000000000000000,,1,-66,"865,7",Speedwayr-15-32-c2,"3,767456815047135",
2025-07-25T14:05:50.3631140+03:00,A60000000000000000000000,,1,-65,"865,7",Speedwayr-15-32-c2,"0,07363107781851078",
2025-07-25T14:05:50.3817990+03:00,A80000000000000000000000,,1,"-72,5","865,7",Speedwayr-15-32-c2,"3,988350048502667",
2025-07-25T14:05:50.3857950+03:00,A30000000000000000000000,,1,-62,"865,7",Speedwayr-15-32-c2,"3,693825737228624",
2025-07-25T14:05:50.3872100+03:00,A40000000000000000000000,,1,"-66,5","865,7",Speedwayr-15-32-c2,"3,6754179677739964",
2025-07-25T14:05:50.3888290+03:00,A20000000000000000000000,,1,"-56,5","865,7",Speedwayr-15-32-c2,"0,6320000846088841",
2025-07-25T14:05:50.3910540+03:00,A60000000000000000000000,,1,-64,"865,7",Speedwayr-15-32-c2,"0,07363107781851078",
2025-07-25T14:05:50.3935360+03:00,A70000000000000000000000,,1,"-64,5","865,7",Speedwayr-15-32-c2,"0,7976700097005334",
2025-07-25T14:05:50.4116590+03:00,A80000000000000000000000,,1,"-73,5","865,7",Speedwayr-15-32-c2,"3,9791461637753534",
2025-07-25T14:05:50.4219250+03:00,A70000000000000000000000,,1,"-64,5","865,7",Speedwayr-15-32-c2,"0,9940195505498954",
2025-07-25T14:05:50.4248920+03:00,A30000000000000000000000,,1,-61,"865,7",Speedwayr-15-32-c2,"3,736777199289422",
2025-07-25T14:05:50.4268890+03:00,A60000000000000000000000,,1,-64,"865,7",Speedwayr-15-32-c2,"0,11658253987930872",
2025-07-25T14:05:50.4292600+03:00,A40000000000000000000000,,1,"-64,5","865,7",Speedwayr-15-32-c2,"3,859495662320273",
2025-07-25T14:05:50.4306130+03:00,A20000000000000000000000,,1,-58,"865,7",Speedwayr-15-32-c2,"0,6320000846088841",
2025-07-25T14:05:50.4627380+03:00,A80000000000000000000000,,1,"-72,5","865,7",Speedwayr-15-32-c2,"3,9423306248660976",
2025-07-25T14:05:50.4669920+03:00,A20000000000000000000000,,1,-56,"865,7",Speedwayr-15-32-c2,"0,5522330836388308",
2025-07-25T14:05:50.4681850+03:00,A70000000000000000000000,,1,"-63,5","865,7",Speedwayr-15-32-c2,"0,8222137023067037",
2025-07-25T14:05:50.4695130+03:00,A30000000000000000000000,,1,-62,"865,7",Speedwayr-15-32-c2,"3,6079228131070282",
2025-07-25T14:05:50.4737960+03:00,A40000000000000000000000,,1,-66,"865,7",Speedwayr-15-32-c2,"3,3624858870453256",
2025-07-25T14:05:50.4754170+03:00,A60000000000000000000000,,1,-63,"865,7",Speedwayr-15-32-c2,"0,1902136176978195",
2025-07-25T14:05:50.5032780+03:00,A80000000000000000000000,,1,"-72,5","865,7",Speedwayr-15-32-c2,"3,9300587785630126",
2025-07-25T14:05:50.5105560+03:00,A40000000000000000000000,,1,-65,"865,7",Speedwayr-15-32-c2,"3,767456815047135",
2025-07-25T14:05:50.5130300+03:00,A20000000000000000000000,,1,-58,"865,7",Speedwayr-15-32-c2,"0,5583690067903734",
2025-07-25T14:05:50.5171100+03:00,A30000000000000000000000,,1,-62,"865,7",Speedwayr-15-32-c2,"3,724505352986337",
2025-07-25T14:05:50.5184900+03:00,A60000000000000000000000,,1,"-64,5","865,7",Speedwayr-15-32-c2,"6,0991076126333095",
2025-07-25T14:05:50.5206100+03:00,A70000000000000000000000,,1,"-64,5","865,7",Speedwayr-15-32-c2,"0,6810874698212247",
2025-07-25T14:05:50.5626950+03:00,A80000000000000000000000,,1,"-72,5","865,7",Speedwayr-15-32-c2,"3,9760782021995817",
2025-07-25T14:05:50.5660980+03:00,A20000000000000000000000,,1,-57,"865,7",Speedwayr-15-32-c2,"0,5645049299419159",
2025-07-25T14:05:50.5722500+03:00,A60000000000000000000000,,1,-64,"865,7",Speedwayr-15-32-c2,"0,22089323345553233",
2025-07-25T14:05:50.5797870+03:00,A30000000000000000000000,,1,-62,"865,7",Speedwayr-15-32-c2,"3,718369429834794",
2025-07-25T14:05:50.5812380+03:00,A40000000000000000000000,,1,"-65,5","865,7",Speedwayr-15-32-c2,"3,8717675086233583",
2025-07-25T14:05:50.5825870+03:00,A70000000000000000000000,,1,"-64,5","865,7",Speedwayr-15-32-c2,"0,8406214717613314",
2025-07-25T14:05:50.6109650+03:00,A80000000000000000000000,,1,"-72,5","865,7",Speedwayr-15-32-c2,"3,7981364308048478",
2025-07-25T14:05:50.6143300+03:00,A60000000000000000000000,,1,"-60,5","865,7",Speedwayr-15-32-c2,"0,11658253987930872",
2025-07-25T14:05:50.6175610+03:00,A20000000000000000000000,,1,"-57,5","865,7",Speedwayr-15-32-c2,"0,5706408530934585",
2025-07-25T14:05:50.6203990+03:00,A30000000000000000000000,,1,-62,"865,7",Speedwayr-15-32-c2,"3,706097583531709",
2025-07-25T14:05:50.6214680+03:00,A40000000000000000000000,,1,-66,"865,7",Speedwayr-15-32-c2,"3,8533597391687304",
2025-07-25T14:05:50.6232000+03:00,A70000000000000000000000,,1,"-64,5","865,7",Speedwayr-15-32-c2,"0,7976700097005334",
2025-07-25T14:05:50.6707890+03:00,A80000000000000000000000,,1,"-72,5","865,7",Speedwayr-15-32-c2,"0,9019807032767571",
2025-07-25T14:05:50.6790550+03:00,A30000000000000000000000,,1,-62,"865,7",Speedwayr-15-32-c2,"3,693825737228624",
2025-07-25T14:05:50.6849800+03:00,A20000000000000000000000,,1,"-58,5","865,7",Speedwayr-15-32-c2,"0,5829126993965437",
2025-07-25T14:05:50.6860620+03:00,A40000000000000000000000,,1,-65,"865,7",Speedwayr-15-32-c2,"3,8533597391687304",
2025-07-25T14:05:50.6884980+03:00,A60000000000000000000000,,1,-64,"865,7",Speedwayr-15-32-c2,"0,11658253987930872",
2025-07-25T14:05:50.7226580+03:00,A80000000000000000000000,,1,"-72,5","865,7",Speedwayr-15-32-c2,"3,9515345095934116",
2025-07-25T14:05:50.7277120+03:00,A20000000000000000000000,,1,-58,"865,7",Speedwayr-15-32-c2,"0,5829126993965437",
2025-07-25T14:05:50.7310820+03:00,A60000000000000000000000,,1,-64,"865,7",Speedwayr-15-32-c2,"6,013204688511713",
2025-07-25T14:05:50.7321750+03:00,A70000000000000000000000,,1,-64,"865,7",Speedwayr-15-32-c2,"0,7363107781851077",
2025-07-25T14:05:50.7395870+03:00,A30000000000000000000000,,1,"-62,5","865,7",Speedwayr-15-32-c2,"4,061981126321178",
2025-07-25T14:05:50.7416020+03:00,A40000000000000000000000,,1,"-66,5","865,7",Speedwayr-15-32-c2,"3,9453985864418692",
2025-07-25T14:05:50.7517860+03:00,A80000000000000000000000,,1,-72,"865,7",Speedwayr-15-32-c2,"4,031301510563465",
2025-07-25T14:05:50.7612200+03:00,A20000000000000000000000,,1,-58,"865,7",Speedwayr-15-32-c2,"0,5890486225480862",
2025-07-25T14:05:50.7646070+03:00,A40000000000000000000000,,1,-65,"865,7",Speedwayr-15-32-c2,"3,902447124381071",
2025-07-25T14:05:50.7663020+03:00,A70000000000000000000000,,1,"-64,5","865,7",Speedwayr-15-32-c2,"0,8160777791551611",
2025-07-25T14:05:50.7674300+03:00,A60000000000000000000000,,1,-64,"865,7",Speedwayr-15-32-c2,"0,21475731030398976",
2025-07-25T14:05:50.7687840+03:00,A30000000000000000000000,,1,-63,"865,7",Speedwayr-15-32-c2,"3,761320891895592",
2025-07-25T14:05:50.7910630+03:00,A80000000000000000000000,,1,"-72,5","865,7",Speedwayr-15-32-c2,"0,8375535101855601",
2025-07-25T14:05:50.7990080+03:00,A30000000000000000000000,,1,"-62,5","865,7",Speedwayr-15-32-c2,"3,718369429834794",
2025-07-25T14:05:50.8011030+03:00,A60000000000000000000000,,1,-64,"865,7",Speedwayr-15-32-c2,"0,14112623248547898",
2025-07-25T14:05:50.8027570+03:00,A40000000000000000000000,,1,"-65,5","865,7",Speedwayr-15-32-c2,"3,7551849687440497",
2025-07-25T14:05:50.8041250+03:00,A20000000000000000000000,,1,-59,"865,7",Speedwayr-15-32-c2,"0,5951845456996288",
2025-07-25T14:05:50.8072750+03:00,A70000000000000000000000,,1,-63,"865,7",Speedwayr-15-32-c2,"0,5951845456996288",
2025-07-25T14:05:50.8233420+03:00,A80000000000000000000000,,1,"-72,5","865,7",Speedwayr-15-32-c2,"0,7209709703062513",
2025-07-25T14:05:50.8280260+03:00,A60000000000000000000000,,1,"-63,5","865,7",Speedwayr-15-32-c2,"0,1349903093339364",
2025-07-25T14:05:50.8307060+03:00,A20000000000000000000000,,1,-58,"865,7",Speedwayr-15-32-c2,"0,6013204688511713",
2025-07-25T14:05:50.8321220+03:00,A30000000000000000000000,,1,-63,"865,7",Speedwayr-15-32-c2,"3,724505352986337",
2025-07-25T14:05:50.8363730+03:00,A40000000000000000000000,,1,-66,"865,7",Speedwayr-15-32-c2,"3,3747577333484107",
2025-07-25T14:05:50.8383770+03:00,A70000000000000000000000,,1,-64,"865,7",Speedwayr-15-32-c2,"0,9326603190344698",
2025-07-25T14:05:50.8552530+03:00,A20000000000000000000000,,1,"-57,5","865,7",Speedwayr-15-32-c2,"0,6872233929727672",
2025-07-25T14:05:50.8565650+03:00,A30000000000000000000000,,1,-60,"865,7",Speedwayr-15-32-c2,"3,749049045592507",
2025-07-25T14:05:50.8610970+03:00,A60000000000000000000000,,1,-65,"865,7",Speedwayr-15-32-c2,"0,1718058482431918",
2025-07-25T14:05:50.8622660+03:00,A40000000000000000000000,,1,"-66,5","865,7",Speedwayr-15-32-c2,"3,9085830475326135",
2025-07-25T14:05:50.8633350+03:00,A70000000000000000000000,,1,"-64,5","865,7",Speedwayr-15-32-c2,"0,6135923151542565",
2025-07-25T14:05:50.8711050+03:00,A80000000000000000000000,,1,"-72,5","865,7",Speedwayr-15-32-c2,"0,7516505860639642",
2025-07-25T14:05:50.8827380+03:00,A20000000000000000000000,,1,"-57,5","865,7",Speedwayr-15-32-c2,"0,6381360077604268",
2025-07-25T14:05:50.8843660+03:00,A70000000000000000000000,,1,-64,"865,7",Speedwayr-15-32-c2,"0,9326603190344698",
2025-07-25T14:05:50.8906310+03:00,A60000000000000000000000,,1,"-63,5","865,7",Speedwayr-15-32-c2,"0,16566992509164924",
2025-07-25T14:05:50.8919850+03:00,A30000000000000000000000,,1,"-62,5","865,7",Speedwayr-15-32-c2,"3,761320891895592",
2025-07-25T14:05:50.9026870+03:00,A80000000000000000000000,,1,"-72,5","865,7",Speedwayr-15-32-c2,"4,065049087896949",
2025-07-25T14:05:50.9100540+03:00,A30000000000000000000000,,1,"-62,5","865,7",Speedwayr-15-32-c2,"3,9269908169872414",
2025-07-25T14:05:50.9127120+03:00,A70000000000000000000000,,1,-64,"865,7",Speedwayr-15-32-c2,"0,9203884727313847",
2025-07-25T14:05:50.9146870+03:00,A20000000000000000000000,,1,"-58,5","865,7",Speedwayr-15-32-c2,"0,6013204688511713",
2025-07-25T14:05:50.9175880+03:00,A60000000000000000000000,,1,-64,"865,7",Speedwayr-15-32-c2,"6,215690152512618",
2025-07-25T14:05:50.9207510+03:00,A40000000000000000000000,,1,-66,"865,7",Speedwayr-15-32-c2,"3,9269908169872414",
2025-07-25T14:05:50.9420550+03:00,A80000000000000000000000,,1,"-72,5","865,7",Speedwayr-15-32-c2,"0,7976700097005334",
2025-07-25T14:05:50.9452740+03:00,A40000000000000000000000,,1,"-65,5","865,7",Speedwayr-15-32-c2,"3,8840393549264434",
2025-07-25T14:05:50.9468880+03:00,A20000000000000000000000,,1,"-57,5","865,7",Speedwayr-15-32-c2,"0,6565437772150544",
2025-07-25T14:05:50.9488150+03:00,A70000000000000000000000,,1,"-63,5","865,7",Speedwayr-15-32-c2,"0,6994952392758523",
2025-07-25T14:05:50.9521470+03:00,A60000000000000000000000,,1,"-64,5","865,7",Speedwayr-15-32-c2,"0,1227184630308513",
2025-07-25T14:05:50.9532900+03:00,A30000000000000000000000,,1,-62,"865,7",Speedwayr-15-32-c2,"3,785864584501762",
2025-07-25T14:05:50.9633160+03:00,A80000000000000000000000,,1,-68,"865,7",Speedwayr-15-32-c2,"1,000155473701438",
2025-07-25T14:05:50.9798010+03:00,A20000000000000000000000,,1,"-57,5","865,7",Speedwayr-15-32-c2,"0,5890486225480862",
2025-07-25T14:05:50.9823350+03:00,A30000000000000000000000,,1,"-62,5","865,7",Speedwayr-15-32-c2,"3,8840393549264434",
2025-07-25T14:05:50.9836920+03:00,A70000000000000000000000,,1,"-64,5","865,7",Speedwayr-15-32-c2,"1,043106935762236",
2025-07-25T14:05:50.9848060+03:00,A40000000000000000000000,,1,-65,"865,7",Speedwayr-15-32-c2,"3,4913402732277192",
2025-07-25T14:05:50.9871300+03:00,A60000000000000000000000,,1,"-64,5","865,7",Speedwayr-15-32-c2,"0,2270291566070749",
2025-07-25T14:05:50.9928830+03:00,A80000000000000000000000,,1,-68,"865,7",Speedwayr-15-32-c2,"0,8651651643675016",
2025-07-25T14:05:51.0073750+03:00,A20000000000000000000000,,1,"-57,5","865,7",Speedwayr-15-32-c2,"0,7240389318820226",
2025-07-25T14:05:51.0091110+03:00,A70000000000000000000000,,1,-64,"865,7",Speedwayr-15-32-c2,"0,9694758579437253",
2025-07-25T14:05:51.0123160+03:00,A40000000000000000000000,,1,"-65,5","865,7",Speedwayr-15-32-c2,"4,025165587411922",
2025-07-25T14:05:51.0174090+03:00,A60000000000000000000000,,1,-62,"865,7",Speedwayr-15-32-c2,"0,23930100291016002",
2025-07-25T14:05:51.0185370+03:00,A30000000000000000000000,,1,"-62,5","865,7",Speedwayr-15-32-c2,"3,9760782021995817",
2025-07-25T14:05:51.0405390+03:00,A80000000000000000000000,,1,-72,"865,7",Speedwayr-15-32-c2,"0,9541360500648688",
2025-07-25T14:05:51.0489030+03:00,A70000000000000000000000,,1,"-63,5","865,7",Speedwayr-15-32-c2,"0,8958447801252144",
2025-07-25T14:05:51.0529330+03:00,A20000000000000000000000,,1,"-57,5","865,7",Speedwayr-15-32-c2,"0,7424467013366504",
2025-07-25T14:05:51.0573780+03:00,A30000000000000000000000,,1,-62,"865,7",Speedwayr-15-32-c2,"4,031301510563465",
2025-07-25T14:05:51.0591040+03:00,A60000000000000000000000,,1,"-64,5","865,7",Speedwayr-15-32-c2,"0,30066023442558565",
2025-07-25T14:05:51.0617060+03:00,A40000000000000000000000,,1,-66,"865,7",Speedwayr-15-32-c2,"4,037437433715008",
2025-07-25T14:05:51.0809610+03:00,A20000000000000000000000,,1,-57,"865,7",Speedwayr-15-32-c2,"0,705631162427395",
2025-07-25T14:05:51.0820840+03:00,A70000000000000000000000,,1,"-63,5","865,7",Speedwayr-15-32-c2,"0,9387962421860124",
2025-07-25T14:05:51.0839320+03:00,A40000000000000000000000,,1,"-66,5","865,7",Speedwayr-15-32-c2,"4,246058820867455",
2025-07-25T14:05:51.0863840+03:00,A60000000000000000000000,,1,"-61,5","865,7",Speedwayr-15-32-c2,"0,2638446955163303",
2025-07-25T14:05:51.1082740+03:00,A80000000000000000000000,,1,"-72,5","865,7",Speedwayr-15-32-c2,"4,178563666200486",
2025-07-25T14:05:51.1163340+03:00,A20000000000000000000000,,1,"-58,5","865,7",Speedwayr-15-32-c2,"0,7301748550335652",
2025-07-25T14:05:51.1189620+03:00,A60000000000000000000000,,1,-64,"865,7",Speedwayr-15-32-c2,"0,3190680038802134",
2025-07-25T14:05:51.1205130+03:00,A40000000000000000000000,,1,-65,"865,7",Speedwayr-15-32-c2,"4,0128937411088375",
2025-07-25T14:05:51.1216980+03:00,A70000000000000000000000,,1,"-64,5","865,7",Speedwayr-15-32-c2,"0,8222137023067037",
2025-07-25T14:05:51.1227510+03:00,A30000000000000000000000,,1,-63,"865,7",Speedwayr-15-32-c2,"3,933126740138784",
2025-07-25T14:05:51.1310320+03:00,A80000000000000000000000,,1,-72,"865,7",Speedwayr-15-32-c2,"0,9480001269133262",
2025-07-25T14:05:51.1401450+03:00,A30000000000000000000000,,1,"-62,5","865,7",Speedwayr-15-32-c2,"3,9453985864418692",
2025-07-25T14:05:51.1418440+03:00,A20000000000000000000000,,1,"-58,5","865,7",Speedwayr-15-32-c2,"0,7731263170943632",
2025-07-25T14:05:51.1451910+03:00,A40000000000000000000000,,1,-66,"865,7",Speedwayr-15-32-c2,"4,411728745959104",
2025-07-25T14:05:51.1465300+03:00,A70000000000000000000000,,1,-64,"865,7",Speedwayr-15-32-c2,"1,1106020904292042",
2025-07-25T14:05:51.1496210+03:00,A60000000000000000000000,,1,-64,"865,7",Speedwayr-15-32-c2,"0,2945243112740431",
2025-07-25T14:05:51.1716420+03:00,A80000000000000000000000,,1,"-72,5","865,7",Speedwayr-15-32-c2,"4,126408319412374",
2025-07-25T14:05:51.1820000+03:00,A20000000000000000000000,,1,"-58,5","865,7",Speedwayr-15-32-c2,"0,7424467013366504",
2025-07-25T14:05:51.1831520+03:00,A40000000000000000000000,,1,-65,"865,7",Speedwayr-15-32-c2,"4,037437433715008",
2025-07-25T14:05:51.1841790+03:00,A70000000000000000000000,,1,"-64,5","865,7",Speedwayr-15-32-c2,"1,0246991663076084",
2025-07-25T14:05:51.1857920+03:00,A30000000000000000000000,,1,"-62,5","865,7",Speedwayr-15-32-c2,"3,9944859716542096",
2025-07-25T14:05:51.1880000+03:00,A60000000000000000000000,,1,-64,"865,7",Speedwayr-15-32-c2,"0,32520392703175593",
2025-07-25T14:05:51.2070350+03:00,A80000000000000000000000,,1,-72,"865,7",Speedwayr-15-32-c2,"4,0466413184423216",
2025-07-25T14:05:51.2159210+03:00,A60000000000000000000000,,1,"-64,5","865,7",Speedwayr-15-32-c2,"0,4970097752749477",
2025-07-25T14:05:51.2191590+03:00,A70000000000000000000000,,1,-63,"865,7",Speedwayr-15-32-c2,"0,8958447801252144",
2025-07-25T14:05:51.2211320+03:00,A30000000000000000000000,,1,"-62,5","865,7",Speedwayr-15-32-c2,"3,9638063558964967",
2025-07-25T14:05:51.2222410+03:00,A20000000000000000000000,,1,"-57,5","865,7",Speedwayr-15-32-c2,"0,7915340865489908",
2025-07-25T14:05:51.2276070+03:00,A40000000000000000000000,,1,-66,"865,7",Speedwayr-15-32-c2,"4,430136515413731",
2025-07-25T14:05:51.2588590+03:00,A60000000000000000000000,,1,"-64,5","865,7",Speedwayr-15-32-c2,"0,30066023442558565",
2025-07-25T14:05:51.2601850+03:00,A30000000000000000000000,,1,-62,"865,7",Speedwayr-15-32-c2,"3,988350048502667",
2025-07-25T14:05:51.2626520+03:00,A20000000000000000000000,,1,-58,"865,7",Speedwayr-15-32-c2,"0,7731263170943632",
2025-07-25T14:05:51.2659550+03:00,A70000000000000000000000,,1,"-63,5","865,7",Speedwayr-15-32-c2,"1,0185632431560658",
2025-07-25T14:05:51.2688140+03:00,A40000000000000000000000,,1,-66,"865,7",Speedwayr-15-32-c2,"4,09266074207889",
2025-07-25T14:05:51.2919810+03:00,A80000000000000000000000,,1,"-72,5","865,7",Speedwayr-15-32-c2,"4,37798116862562",
2025-07-25T14:05:51.2968340+03:00,A20000000000000000000000,,1,"-58,5","865,7",Speedwayr-15-32-c2,"0,8099418560036186",
2025-07-25T14:05:51.2991740+03:00,A60000000000000000000000,,1,-64,"865,7",Speedwayr-15-32-c2,"0,3374757733348411",
2025-07-25T14:05:51.3038770+03:00,A70000000000000000000000,,1,-64,"865,7",Speedwayr-15-32-c2,"1,227184630308513",
2025-07-25T14:05:51.3055730+03:00,A40000000000000000000000,,1,-66,"865,7",Speedwayr-15-32-c2,"4,190835512503572",
2025-07-25T14:05:51.3066270+03:00,A30000000000000000000000,,1,"-62,5","865,7",Speedwayr-15-32-c2,"3,9944859716542096",
2025-07-25T14:05:51.3276760+03:00,A80000000000000000000000,,1,"-71,5","865,7",Speedwayr-15-32-c2,"1,1167380135807468",
2025-07-25T14:05:51.3332450+03:00,A30000000000000000000000,,1,-62,"865,7",Speedwayr-15-32-c2,"3,9638063558964967",
2025-07-25T14:05:51.3363290+03:00,A70000000000000000000000,,1,"-64,5","865,7",Speedwayr-15-32-c2,"1,184233168247715",
2025-07-25T14:05:51.3377120+03:00,A20000000000000000000000,,1,"-57,5","865,7",Speedwayr-15-32-c2,"0,6872233929727672",
2025-07-25T14:05:51.3397930+03:00,A60000000000000000000000,,1,"-62,5","865,7",Speedwayr-15-32-c2,"0,5276893910326605",
2025-07-25T14:05:51.3425520+03:00,A40000000000000000000000,,1,-65,"865,7",Speedwayr-15-32-c2,"4,01902966426038",
2025-07-25T14:05:51.3647980+03:00,A80000000000000000000000,,1,"-71,5","865,7",Speedwayr-15-32-c2,"4,2092432819582",
2025-07-25T14:05:51.3678520+03:00,A60000000000000000000000,,1,-64,"865,7",Speedwayr-15-32-c2,"0,2086213871524472",
2025-07-25T14:05:51.3688770+03:00,A20000000000000000000000,,1,"-57,5","865,7",Speedwayr-15-32-c2,"0,7976700097005334",
2025-07-25T14:05:51.3711890+03:00,A70000000000000000000000,,1,-64,"865,7",Speedwayr-15-32-c2,"1,3069516312785663",
2025-07-25T14:05:51.3746850+03:00,A30000000000000000000000,,1,"-62,5","865,7",Speedwayr-15-32-c2,"4,025165587411922",
2025-07-25T14:05:51.3906040+03:00,A80000000000000000000000,,1,"-73,5","865,7",Speedwayr-15-32-c2,"4,126408319412374",
2025-07-25T14:05:51.3991500+03:00,A30000000000000000000000,,1,-62,"865,7",Speedwayr-15-32-c2,"3,9638063558964967",
2025-07-25T14:05:51.4012660+03:00,A60000000000000000000000,,1,"-63,5","865,7",Speedwayr-15-32-c2,"0,3988350048502667",
2025-07-25T14:05:51.4029070+03:00,A20000000000000000000000,,1,"-58,5","865,7",Speedwayr-15-32-c2,"0,803805932852076",
2025-07-25T14:05:51.4044190+03:00,A70000000000000000000000,,1,"-64,5","865,7",Speedwayr-15-32-c2,"0,9387962421860124",
2025-07-25T14:05:51.4077180+03:00,A40000000000000000000000,,1,"-64,5","865,7",Speedwayr-15-32-c2,"4,031301510563465",
2025-07-25T14:05:51.4324990+03:00,A80000000000000000000000,,1,-72,"865,7",Speedwayr-15-32-c2,"1,055378782065321",
2025-07-25T14:05:51.4400200+03:00,A40000000000000000000000,,1,-66,"865,7",Speedwayr-15-32-c2,"3,77972866135022",
2025-07-25T14:05:51.4419440+03:00,A20000000000000000000000,,1,"-58,5","865,7",Speedwayr-15-32-c2,"0,6749515466696822",
2025-07-25T14:05:51.4432680+03:00,A70000000000000000000000,,1,"-64,5","865,7",Speedwayr-15-32-c2,"1,1044661672776617",
2025-07-25T14:05:51.4482030+03:00,A30000000000000000000000,,1,-63,"865,7",Speedwayr-15-32-c2,"4,252194744018997",
2025-07-25T14:05:51.4497810+03:00,A60000000000000000000000,,1,"-63,5","865,7",Speedwayr-15-32-c2,"0,380427235395639",
2025-07-25T14:05:51.4735660+03:00,A30000000000000000000000,,1,"-62,5","865,7",Speedwayr-15-32-c2,"4,01902966426038",
2025-07-25T14:05:51.4768490+03:00,A20000000000000000000000,,1,"-57,5","865,7",Speedwayr-15-32-c2,"0,7853981633974483",
2025-07-25T14:05:51.4786180+03:00,A60000000000000000000000,,1,-64,"865,7",Speedwayr-15-32-c2,"0,5522330836388308",
2025-07-25T14:05:51.4797020+03:00,A70000000000000000000000,,1,-63,"865,7",Speedwayr-15-32-c2,"1,055378782065321",
2025-07-25T14:05:51.4812860+03:00,A40000000000000000000000,,1,"-65,5","865,7",Speedwayr-15-32-c2,"3,724505352986337",
2025-07-25T14:05:51.5022590+03:00,A80000000000000000000000,,1,-72,"865,7",Speedwayr-15-32-c2,"4,2552627055947685",
2025-07-25T14:05:51.5114770+03:00,A70000000000000000000000,,1,"-63,5","865,7",Speedwayr-15-32-c2,"1,1965050145508",
2025-07-25T14:05:51.5132150+03:00,A20000000000000000000000,,1,"-57,5","865,7",Speedwayr-15-32-c2,"0,8406214717613314",
2025-07-25T14:05:51.5153400+03:00,A30000000000000000000000,,1,"-62,5","865,7",Speedwayr-15-32-c2,"4,031301510563465",
2025-07-25T14:05:51.5206920+03:00,A40000000000000000000000,,1,-65,"865,7",Speedwayr-15-32-c2,"4,196971435655114",
2025-07-25T14:05:51.5217770+03:00,A60000000000000000000000,,1,"-63,5","865,7",Speedwayr-15-32-c2,"0,5092816215780329",
2025-07-25T14:05:51.5325720+03:00,A80000000000000000000000,,1,"-72,5","865,7",Speedwayr-15-32-c2,"4,451612246444131",
2025-07-25T14:05:51.5436220+03:00,A40000000000000000000000,,1,-63,"865,7",Speedwayr-15-32-c2,"4,147884050442774",
2025-07-25T14:05:51.5456370+03:00,A60000000000000000000000,,1,-64,"865,7",Speedwayr-15-32-c2,"0,7485826244881929",
2025-07-25T14:05:51.5474610+03:00,A20000000000000000000000,,1,"-58,5","865,7",Speedwayr-15-32-c2,"0,7853981633974483",
2025-07-25T14:05:51.5491590+03:00,A30000000000000000000000,,1,-63,"865,7",Speedwayr-15-32-c2,"4,111068511533518",
2025-07-25T14:05:51.5502000+03:00,A70000000000000000000000,,1,-64,"865,7",Speedwayr-15-32-c2,"1,1167380135807468",
2025-07-25T14:05:51.5718320+03:00,A80000000000000000000000,,1,"-72,5","865,7",Speedwayr-15-32-c2,"1,3222914391574228",
2025-07-25T14:05:51.5769670+03:00,A20000000000000000000000,,1,"-57,5","865,7",Speedwayr-15-32-c2,"0,8283496254582462",
2025-07-25T14:05:51.5780100+03:00,A40000000000000000000000,,1,"-65,5","865,7",Speedwayr-15-32-c2,"3,3379421944391554",
2025-07-25T14:05:51.5792910+03:00,A30000000000000000000000,,1,"-62,5","865,7",Speedwayr-15-32-c2,"4,031301510563465",
2025-07-25T14:05:51.5824370+03:00,A70000000000000000000000,,1,"-63,5","865,7",Speedwayr-15-32-c2,"1,1351457830353744",
2025-07-25T14:05:51.5857390+03:00,A60000000000000000000000,,1,"-63,5","865,7",Speedwayr-15-32-c2,"0,4540583132141498",
2025-07-25T14:05:51.6084130+03:00,A80000000000000000000000,,1,"-72,5","865,7",Speedwayr-15-32-c2,"4,5497870168688115",
2025-07-25T14:05:51.6145510+03:00,A60000000000000000000000,,1,"-64,5","865,7",Speedwayr-15-32-c2,"0,4479223900626072",
2025-07-25T14:05:51.6176080+03:00,A30000000000000000000000,,1,-63,"865,7",Speedwayr-15-32-c2,"4,1601558967458585",
2025-07-25T14:05:51.6187160+03:00,A20000000000000000000000,,1,"-57,5","865,7",Speedwayr-15-32-c2,"0,8283496254582462",
2025-07-25T14:05:51.6206890+03:00,A40000000000000000000000,,1,-66,"865,7",Speedwayr-15-32-c2,"4,239922897715912",
2025-07-25T14:05:51.6219030+03:00,A70000000000000000000000,,1,"-63,5","865,7",Speedwayr-15-32-c2,"1,1228739367322893",
2025-07-25T14:05:51.6313460+03:00,A80000000000000000000000,,1,-72,"865,7",Speedwayr-15-32-c2,"1,205708899278114",
2025-07-25T14:05:51.6414050+03:00,A70000000000000000000000,,1,-63,"865,7",Speedwayr-15-32-c2,"1,214912784005428",
2025-07-25T14:05:51.6441910+03:00,A20000000000000000000000,,1,"-57,5","865,7",Speedwayr-15-32-c2,"0,8160777791551611",
2025-07-25T14:05:51.6452750+03:00,A40000000000000000000000,,1,-64,"865,7",Speedwayr-15-32-c2,"4,2092432819582",
2025-07-25T14:05:51.6471780+03:00,A60000000000000000000000,,1,"-63,5","865,7",Speedwayr-15-32-c2,"0,3988350048502667",
2025-07-25T14:05:51.6496980+03:00,A30000000000000000000000,,1,"-62,5","865,7",Speedwayr-15-32-c2,"4,123340357836604",
2025-07-25T14:05:51.6728590+03:00,A80000000000000000000000,,1,"-71,5","865,7",Speedwayr-15-32-c2,"1,227184630308513",
2025-07-25T14:05:51.6804150+03:00,A40000000000000000000000,,1,"-65,5","865,7",Speedwayr-15-32-c2,"4,227651051412827",
2025-07-25T14:05:51.6817710+03:00,A30000000000000000000000,,1,"-62,5","865,7",Speedwayr-15-32-c2,"4,037437433715008",
2025-07-25T14:05:51.6828680+03:00,A70000000000000000000000,,1,"-64,5","865,7",Speedwayr-15-32-c2,"1,184233168247715",
2025-07-25T14:05:51.6847330+03:00,A60000000000000000000000,,1,"-62,5","865,7",Speedwayr-15-32-c2,"0,5522330836388308",
2025-07-25T14:05:51.6860960+03:00,A20000000000000000000000,,1,"-57,5","865,7",Speedwayr-15-32-c2,"0,8528933180644165",
2025-07-25T14:05:51.7096910+03:00,A80000000000000000000000,,1,-71,"865,7",Speedwayr-15-32-c2,"4,4976316700806995",
2025-07-25T14:05:51.7168220+03:00,A20000000000000000000000,,1,-57,"865,7",Speedwayr-15-32-c2,"0,6749515466696822",
2025-07-25T14:05:51.7183870+03:00,A70000000000000000000000,,1,-64,"865,7",Speedwayr-15-32-c2,"1,1596894756415448",
2025-07-25T14:05:51.7211020+03:00,A30000000000000000000000,,1,-63,"865,7",Speedwayr-15-32-c2,"4,166291819897402",
2025-07-25T14:05:51.7235480+03:00,A60000000000000000000000,,1,"-63,5","865,7",Speedwayr-15-32-c2,"0,5031456984264903",
2025-07-25T14:05:51.7303850+03:00,A40000000000000000000000,,1,"-65,5","865,7",Speedwayr-15-32-c2,"4,184699589352029",
2025-07-25T14:05:51.7493150+03:00,A80000000000000000000000,,1,-72,"865,7",Speedwayr-15-32-c2,"1,3499030933393643",
2025-07-25T14:05:51.7528800+03:00,A60000000000000000000000,,1,-64,"865,7",Speedwayr-15-32-c2,"0,607456392002714",
2025-07-25T14:05:51.7561370+03:00,A30000000000000000000000,,1,"-62,5","865,7",Speedwayr-15-32-c2,"4,178563666200486",
2025-07-25T14:05:51.7577190+03:00,A20000000000000000000000,,1,-57,"865,7",Speedwayr-15-32-c2,"0,8528933180644165",
2025-07-25T14:05:51.7598590+03:00,A70000000000000000000000,,1,"-64,5","865,7",Speedwayr-15-32-c2,"1,1596894756415448",
2025-07-25T14:05:51.7615270+03:00,A40000000000000000000000,,1,"-64,5","865,7",Speedwayr-15-32-c2,"4,264466590322082",
2025-07-25T14:05:51.7814430+03:00,A80000000000000000000000,,1,-72,"865,7",Speedwayr-15-32-c2,"4,466952054322987",
2025-07-25T14:05:51.7904780+03:00,A30000000000000000000000,,1,"-62,5","865,7",Speedwayr-15-32-c2,"4,2031073588066565",
2025-07-25T14:05:51.7916310+03:00,A40000000000000000000000,,1,-65,"865,7",Speedwayr-15-32-c2,"4,246058820867455",
2025-07-25T14:05:51.7927960+03:00,A20000000000000000000000,,1,-57,"865,7",Speedwayr-15-32-c2,"0,8774370106705868",
2025-07-25T14:05:51.7966700+03:00,A60000000000000000000000,,1,"-64,5","865,7",Speedwayr-15-32-c2,"0,47860200582032003",
2025-07-25T14:05:51.7980950+03:00,A70000000000000000000000,,1,-62,"865,7",Speedwayr-15-32-c2,"1,1535535524900022",
2025-07-25T14:05:51.8233160+03:00,A30000000000000000000000,,1,"-62,5","865,7",Speedwayr-15-32-c2,"3,9944859716542096",
2025-07-25T14:05:51.8253000+03:00,A60000000000000000000000,,1,"-63,5","865,7",Speedwayr-15-32-c2,"0,4356505437595221",
2025-07-25T14:05:51.8272250+03:00,A70000000000000000000000,,1,"-64,5","865,7",Speedwayr-15-32-c2,"1,086058397823034",
2025-07-25T14:05:51.8282940+03:00,A20000000000000000000000,,1,-58,"865,7",Speedwayr-15-32-c2,"0,8835729338221293",
2025-07-25T14:05:51.8430670+03:00,A80000000000000000000000,,1,"-72,5","865,7",Speedwayr-15-32-c2,"1,3069516312785663",
2025-07-25T14:05:51.8487200+03:00,A20000000000000000000000,,1,"-56,5","865,7",Speedwayr-15-32-c2,"0,8835729338221293",
2025-07-25T14:05:51.8505220+03:00,A30000000000000000000000,,1,-63,"865,7",Speedwayr-15-32-c2,"4,166291819897402",
2025-07-25T14:05:51.8516210+03:00,A60000000000000000000000,,1,-64,"865,7",Speedwayr-15-32-c2,"0,5154175447295755",
2025-07-25T14:05:51.8542600+03:00,A70000000000000000000000,,1,"-64,5","865,7",Speedwayr-15-32-c2,"1,239456476611598",
2025-07-25T14:05:51.8608720+03:00,A40000000000000000000000,,1,-65,"865,7",Speedwayr-15-32-c2,"4,4976316700806995",
2025-07-25T14:05:51.8765410+03:00,A60000000000000000000000,,1,"-63,5","865,7",Speedwayr-15-32-c2,"0,6994952392758523",
2025-07-25T14:05:51.8779370+03:00,A30000000000000000000000,,1,-61,"865,7",Speedwayr-15-32-c2,"4,123340357836604",
2025-07-25T14:05:51.8792520+03:00,A20000000000000000000000,,1,-58,"865,7",Speedwayr-15-32-c2,"0,8774370106705868",
2025-07-25T14:05:51.8823980+03:00,A70000000000000000000000,,1,"-63,5","865,7",Speedwayr-15-32-c2,"1,214912784005428",
2025-07-25T14:05:51.8835960+03:00,A40000000000000000000000,,1,"-63,5","865,7",Speedwayr-15-32-c2,"4,23378697456437",
2025-07-25T14:05:51.9095510+03:00,A80000000000000000000000,,1,-72,"865,7",Speedwayr-15-32-c2,"4,424000592262189",
2025-07-25T14:05:51.9137500+03:00,A70000000000000000000000,,1,-64,"865,7",Speedwayr-15-32-c2,"1,1474176293384597",
2025-07-25T14:05:51.9157550+03:00,A20000000000000000000000,,1,-57,"865,7",Speedwayr-15-32-c2,"0,9019807032767571",
2025-07-25T14:05:51.9196230+03:00,A30000000000000000000000,,1,-62,"865,7",Speedwayr-15-32-c2,"4,2092432819582",
2025-07-25T14:05:51.9239020+03:00,A60000000000000000000000,,1,"-63,5","865,7",Speedwayr-15-32-c2,"0,5522330836388308",
2025-07-25T14:05:51.9258850+03:00,A40000000000000000000000,,1,"-65,5","865,7",Speedwayr-15-32-c2,"4,417864669110647",
2025-07-25T14:05:51.9450600+03:00,A80000000000000000000000,,1,"-71,5","865,7",Speedwayr-15-32-c2,"4,196971435655114",
2025-07-25T14:05:51.9518530+03:00,A60000000000000000000000,,1,-63,"865,7",Speedwayr-15-32-c2,"0,5399612373357456",
2025-07-25T14:05:51.9534060+03:00,A20000000000000000000000,,1,-58,"865,7",Speedwayr-15-32-c2,"0,9510680884890975",
2025-07-25T14:05:51.9592220+03:00,A40000000000000000000000,,1,"-65,5","865,7",Speedwayr-15-32-c2,"3,9760782021995817",
2025-07-25T14:05:51.9612040+03:00,A30000000000000000000000,,1,-62,"865,7",Speedwayr-15-32-c2,"4,135612204139688",
2025-07-25T14:05:51.9623300+03:00,A70000000000000000000000,,1,"-64,5","865,7",Speedwayr-15-32-c2,"1,1903690913992575",
2025-07-25T14:05:51.9710600+03:00,A80000000000000000000000,,1,-67,"865,7",Speedwayr-15-32-c2,"1,4603497100671303",
2025-07-25T14:05:51.9845630+03:00,A70000000000000000000000,,1,-63,"865,7",Speedwayr-15-32-c2,"1,1903690913992575",
2025-07-25T14:05:51.9871010+03:00,A30000000000000000000000,,1,"-62,5","865,7",Speedwayr-15-32-c2,"4,178563666200486",
2025-07-25T14:05:51.9881900+03:00,A60000000000000000000000,,1,-65,"865,7",Speedwayr-15-32-c2,"0,5522330836388308",
2025-07-25T14:05:51.9911470+03:00,A20000000000000000000000,,1,"-58,5","865,7",Speedwayr-15-32-c2,"0,8774370106705868",
2025-07-25T14:05:51.9928450+03:00,A40000000000000000000000,,1,"-66,5","865,7",Speedwayr-15-32-c2,"4,2031073588066565",
2025-07-25T14:05:52.0073270+03:00,A80000000000000000000000,,1,"-71,5","865,7",Speedwayr-15-32-c2,"4,601942363656923",
2025-07-25T14:05:52.0106720+03:00,A60000000000000000000000,,1,"-63,5","865,7",Speedwayr-15-32-c2,"0,4049709280018093",
2025-07-25T14:05:52.0122680+03:00,A30000000000000000000000,,1,"-62,5","865,7",Speedwayr-15-32-c2,"4,147884050442774",
2025-07-25T14:05:52.0141890+03:00,A20000000000000000000000,,1,-57,"865,7",Speedwayr-15-32-c2,"0,9081166264282996",
2025-07-25T14:05:52.0185420+03:00,A70000000000000000000000,,1,-63,"865,7",Speedwayr-15-32-c2,"1,1658253987930873",
2025-07-25T14:05:52.0208830+03:00,A40000000000000000000000,,1,-66,"865,7",Speedwayr-15-32-c2,"4,111068511533518",
2025-07-25T14:05:52.0233410+03:00,A80000000000000000000000,,1,-69,"865,7",Speedwayr-15-32-c2,"1,4726215563702154",
2025-07-25T14:05:52.0360830+03:00,A70000000000000000000000,,1,-64,"865,7",Speedwayr-15-32-c2,"0,7976700097005334",
2025-07-25T14:05:52.0373790+03:00,A20000000000000000000000,,1,-58,"865,7",Speedwayr-15-32-c2,"0,9081166264282996",
2025-07-25T14:05:52.0405890+03:00,A60000000000000000000000,,1,-64,"865,7",Speedwayr-15-32-c2,"0,5399612373357456",
2025-07-25T14:05:52.0425720+03:00,A30000000000000000000000,,1,-62,"865,7",Speedwayr-15-32-c2,"4,172427743048944",
2025-07-25T14:05:52.0511910+03:00,A40000000000000000000000,,1,-65,"865,7",Speedwayr-15-32-c2,"4,473087977474529",
2025-07-25T14:05:52.0630170+03:00,A80000000000000000000000,,1,"-72,5","865,7",Speedwayr-15-32-c2,"1,5186409800067848",
2025-07-25T14:05:52.0724520+03:00,A70000000000000000000000,,1,"-64,5","865,7",Speedwayr-15-32-c2,"1,1474176293384597",
2025-07-25T14:05:52.0743850+03:00,A60000000000000000000000,,1,-64,"865,7",Speedwayr-15-32-c2,"0,3374757733348411",
2025-07-25T14:05:52.0772570+03:00,A20000000000000000000000,,1,"-57,5","865,7",Speedwayr-15-32-c2,"0,8835729338221293",
2025-07-25T14:05:52.0796310+03:00,A30000000000000000000000,,1,-62,"865,7",Speedwayr-15-32-c2,"4,154019973594316",
2025-07-25T14:05:52.0818600+03:00,A40000000000000000000000,,1,-65,"865,7",Speedwayr-15-32-c2,"4,399456899656019",
2025-07-25T14:05:52.0914000+03:00,A80000000000000000000000,,1,"-72,5","865,7",Speedwayr-15-32-c2,"4,626486056263094",
2025-07-25T14:05:52.1033180+03:00,A70000000000000000000000,,1,"-64,5","865,7",Speedwayr-15-32-c2,"1,214912784005428",
2025-07-25T14:05:52.1043860+03:00,A30000000000000000000000,,1,-62,"865,7",Speedwayr-15-32-c2,"4,1601558967458585",
2025-07-25T14:05:52.1062090+03:00,A20000000000000000000000,,1,"-58,5","865,7",Speedwayr-15-32-c2,"0,8651651643675016",
2025-07-25T14:05:52.1077090+03:00,A60000000000000000000000,,1,"-64,5","865,7",Speedwayr-15-32-c2,"0,28225246497095796",
2025-07-25T14:05:52.1273560+03:00,A80000000000000000000000,,1,-72,"865,7",Speedwayr-15-32-c2,"1,3100195928543377",
2025-07-25T14:05:52.1323710+03:00,A70000000000000000000000,,1,-63,"865,7",Speedwayr-15-32-c2,"1,0799224746714913",
2025-07-25T14:05:52.1343350+03:00,A40000000000000000000000,,1,"-66,5","865,7",Speedwayr-15-32-c2,"4,301282129231338",
2025-07-25T14:05:52.1395260+03:00,A20000000000000000000000,,1,-58,"865,7",Speedwayr-15-32-c2,"0,9265243958829272",
2025-07-25T14:05:52.1454970+03:00,A30000000000000000000000,,1,"-62,5","865,7",Speedwayr-15-32-c2,"1,1198059751565181",
2025-07-25T14:05:52.1499350+03:00,A80000000000000000000000,,1,"-71,5","865,7",Speedwayr-15-32-c2,"1,4419419406125027",
2025-07-25T14:05:52.1520380+03:00,A60000000000000000000000,,1,-65,"865,7",Speedwayr-15-32-c2,"3,6416703904405123",
2025-07-25T14:05:52.1601610+03:00,A30000000000000000000000,,1,-63,"865,7",Speedwayr-15-32-c2,"4,25833066717054",
2025-07-25T14:05:52.1619120+03:00,A60000000000000000000000,,1,-64,"865,7",Speedwayr-15-32-c2,"0,6442719309119693",
2025-07-25T14:05:52.1638940+03:00,A70000000000000000000000,,1,"-64,5","865,7",Speedwayr-15-32-c2,"0,8651651643675016",
2025-07-25T14:05:52.1658870+03:00,A20000000000000000000000,,1,"-58,5","865,7",Speedwayr-15-32-c2,"0,8897088569736719",
2025-07-25T14:05:52.1901970+03:00,A80000000000000000000000,,1,"-72,5","865,7",Speedwayr-15-32-c2,"4,408660784383333",
2025-07-25T14:05:52.1940610+03:00,A20000000000000000000000,,1,-57,"865,7",Speedwayr-15-32-c2,"0,9633399347921826",
2025-07-25T14:05:52.1990570+03:00,A40000000000000000000000,,1,-64,"865,7",Speedwayr-15-32-c2,"4,485359823777615",
2025-07-25T14:05:52.2004270+03:00,A30000000000000000000000,,1,"-62,5","865,7",Speedwayr-15-32-c2,"4,264466590322082",
2025-07-25T14:05:52.2014810+03:00,A70000000000000000000000,,1,"-64,5","865,7",Speedwayr-15-32-c2,"1,1167380135807468",
2025-07-25T14:05:52.2038510+03:00,A60000000000000000000000,,1,"-64,5","865,7",Speedwayr-15-32-c2,"0,4172427743048944",
2025-07-25T14:05:52.2318830+03:00,A80000000000000000000000,,1,-72,"865,7",Speedwayr-15-32-c2,"4,466952054322987",
2025-07-25T14:05:52.2356530+03:00,A60000000000000000000000,,1,"-63,5","865,7",Speedwayr-15-32-c2,"0,5092816215780329",
2025-07-25T14:05:52.2373650+03:00,A70000000000000000000000,,1,-64,"865,7",Speedwayr-15-32-c2,"1,141281706186917",
2025-07-25T14:05:52.2426120+03:00,A20000000000000000000000,,1,-58,"865,7",Speedwayr-15-32-c2,"0,9081166264282996",
2025-07-25T14:05:52.2463710+03:00,A40000000000000000000000,,1,-65,"865,7",Speedwayr-15-32-c2,"4,565126824747668",
2025-07-25T14:05:52.2698560+03:00,A80000000000000000000000,,1,"-71,5","865,7",Speedwayr-15-32-c2,"4,3411656297163645",
2025-07-25T14:05:52.2741900+03:00,A20000000000000000000000,,1,-58,"865,7",Speedwayr-15-32-c2,"0,9081166264282996",
2025-07-25T14:05:52.2766550+03:00,A40000000000000000000000,,1,-63,"865,7",Speedwayr-15-32-c2,"4,411728745959104",
2025-07-25T14:05:52.2790430+03:00,A60000000000000000000000,,1,"-62,5","865,7",Speedwayr-15-32-c2,"0,380427235395639",
2025-07-25T14:05:52.2824050+03:00,A30000000000000000000000,,1,"-62,5","865,7",Speedwayr-15-32-c2,"4,239922897715912",
2025-07-25T14:05:52.2835050+03:00,A70000000000000000000000,,1,"-64,5","865,7",Speedwayr-15-32-c2,"1,043106935762236",
2025-07-25T14:05:52.3013700+03:00,A80000000000000000000000,,1,"-72,5","865,7",Speedwayr-15-32-c2,"4,396388938080247",
2025-07-25T14:05:52.3055910+03:00,A20000000000000000000000,,1,"-57,5","865,7",Speedwayr-15-32-c2,"0,7853981633974483",
2025-07-25T14:05:52.3087070+03:00,A30000000000000000000000,,1,-62,"865,7",Speedwayr-15-32-c2,"4,331961744989051",
2025-07-25T14:05:52.3116760+03:00,A70000000000000000000000,,1,"-63,5","865,7",Speedwayr-15-32-c2,"1,0737865515199487",
2025-07-25T14:05:52.3145940+03:00,A60000000000000000000000,,1,"-63,5","865,7",Speedwayr-15-32-c2,"0,30066023442558565",
2025-07-25T14:05:52.3176260+03:00,A40000000000000000000000,,1,-66,"865,7",Speedwayr-15-32-c2,"4,503767593232243",
2025-07-25T14:05:52.3491810+03:00,A80000000000000000000000,,1,-72,"865,7",Speedwayr-15-32-c2,"4,2031073588066565",
2025-07-25T14:05:52.3525810+03:00,A40000000000000000000000,,1,-65,"865,7",Speedwayr-15-32-c2,"4,601942363656923",
2025-07-25T14:05:52.3539190+03:00,A20000000000000000000000,,1,-58,"865,7",Speedwayr-15-32-c2,"0,8713010875190442",
2025-07-25T14:05:52.3555580+03:00,A60000000000000000000000,,1,-64,"865,7",Speedwayr-15-32-c2,"0,380427235395639",
2025-07-25T14:05:52.3603850+03:00,A30000000000000000000000,,1,"-62,5","865,7",Speedwayr-15-32-c2,"4,23378697456437",
2025-07-25T14:05:52.3614810+03:00,A70000000000000000000000,,1,"-64,5","865,7",Speedwayr-15-32-c2,"1,0246991663076084",
2025-07-25T14:05:52.3722650+03:00,A80000000000000000000000,,1,-73,"865,7",Speedwayr-15-32-c2,"4,313553975534423",
2025-07-25T14:05:52.3785180+03:00,A20000000000000000000000,,1,"-58,5","865,7",Speedwayr-15-32-c2,"0,9019807032767571",
2025-07-25T14:05:52.3805460+03:00,A30000000000000000000000,,1,"-62,5","865,7",Speedwayr-15-32-c2,"4,3503695144436785",
2025-07-25T14:05:52.3829840+03:00,A70000000000000000000000,,1,-65,"865,7",Speedwayr-15-32-c2,"1,012427320004523",
2025-07-25T14:05:52.3890610+03:00,A40000000000000000000000,,1,"-62,5","865,7",Speedwayr-15-32-c2,"4,816699673960914",
2025-07-25T14:05:52.3908970+03:00,A60000000000000000000000,,1,"-63,5","865,7",Speedwayr-15-32-c2,"0,2945243112740431",
2025-07-25T14:05:52.4110030+03:00,A80000000000000000000000,,1,"-72,5","865,7",Speedwayr-15-32-c2,"4,264466590322082",
2025-07-25T14:05:52.4202870+03:00,A70000000000000000000000,,1,"-62,5","865,7",Speedwayr-15-32-c2,"1,0369710126106935",
2025-07-25T14:05:52.4231500+03:00,A40000000000000000000000,,1,-65,"865,7",Speedwayr-15-32-c2,"4,638757902566179",
2025-07-25T14:05:52.4242180+03:00,A20000000000000000000000,,1,"-58,5","865,7",Speedwayr-15-32-c2,"0,859029241215959",
2025-07-25T14:05:52.4256110+03:00,A30000000000000000000000,,1,"-61,5","865,7",Speedwayr-15-32-c2,"4,344233591292136",
2025-07-25T14:05:52.4269820+03:00,A60000000000000000000000,,1,"-64,5","865,7",Speedwayr-15-32-c2,"0,46019423636569234",
2025-07-25T14:05:52.4519990+03:00,A80000000000000000000000,,1,-72,"865,7",Speedwayr-15-32-c2,"4,319689898685965",
2025-07-25T14:05:52.4624130+03:00,A20000000000000000000000,,1,"-58,5","865,7",Speedwayr-15-32-c2,"0,9694758579437253",
2025-07-25T14:05:52.4668170+03:00,A70000000000000000000000,,1,-64,"865,7",Speedwayr-15-32-c2,"1,043106935762236",
2025-07-25T14:05:52.4690110+03:00,A30000000000000000000000,,1,"-62,5","865,7",Speedwayr-15-32-c2,"4,473087977474529",
2025-07-25T14:05:52.4707990+03:00,A60000000000000000000000,,1,-64,"865,7",Speedwayr-15-32-c2,"0,47860200582032003",
2025-07-25T14:05:52.4718850+03:00,A40000000000000000000000,,1,-66,"865,7",Speedwayr-15-32-c2,"4,675573441475434",
2025-07-25T14:05:52.4830020+03:00,A80000000000000000000000,,1,-73,"865,7",Speedwayr-15-32-c2,"4,239922897715912",
2025-07-25T14:05:52.4920970+03:00,A70000000000000000000000,,1,"-64,5","865,7",Speedwayr-15-32-c2,"1,0615147052168636",
2025-07-25T14:05:52.4933510+03:00,A60000000000000000000000,,1,"-64,5","865,7",Speedwayr-15-32-c2,"0,4479223900626072",
2025-07-25T14:05:52.4946660+03:00,A30000000000000000000000,,1,-63,"865,7",Speedwayr-15-32-c2,"4,215379205109742",
2025-07-25T14:05:52.4957740+03:00,A40000000000000000000000,,1,"-64,5","865,7",Speedwayr-15-32-c2,"5,1725832167503825",
2025-07-25T14:05:52.4976040+03:00,A20000000000000000000000,,1,-57,"865,7",Speedwayr-15-32-c2,"0,8467573949128739",
2025-07-25T14:05:52.5230310+03:00,A70000000000000000000000,,1,"-63,5","865,7",Speedwayr-15-32-c2,"1,0676506283684062",
2025-07-25T14:05:52.5248700+03:00,A40000000000000000000000,,1,"-65,5","865,7",Speedwayr-15-32-c2,"4,344233591292136",
2025-07-25T14:05:52.5268510+03:00,A20000000000000000000000,,1,"-58,5","865,7",Speedwayr-15-32-c2,"0,9081166264282996",
2025-07-25T14:05:52.5281940+03:00,A30000000000000000000000,,1,-62,"865,7",Speedwayr-15-32-c2,"4,4976316700806995",
2025-07-25T14:05:52.5315260+03:00,A60000000000000000000000,,1,-64,"865,7",Speedwayr-15-32-c2,"0,4295146206079795",
2025-07-25T14:05:52.5622160+03:00,A80000000000000000000000,,1,-72,"865,7",Speedwayr-15-32-c2,"4,242990859291684",
2025-07-25T14:05:52.5697350+03:00,A60000000000000000000000,,1,"-63,5","865,7",Speedwayr-15-32-c2,"0,46019423636569234",
2025-07-25T14:05:52.5712560+03:00,A20000000000000000000000,,1,-57,"865,7",Speedwayr-15-32-c2,"0,8774370106705868",
2025-07-25T14:05:52.5723540+03:00,A70000000000000000000000,,1,-64,"865,7",Speedwayr-15-32-c2,"1,1106020904292042",
2025-07-25T14:05:52.5739370+03:00,A30000000000000000000000,,1,"-62,5","865,7",Speedwayr-15-32-c2,"4,289010282928253",
2025-07-25T14:05:52.5750210+03:00,A40000000000000000000000,,1,-66,"865,7",Speedwayr-15-32-c2,"4,755340442445488",
2025-07-25T14:05:52.6033180+03:00,A80000000000000000000000,,1,-72,"865,7",Speedwayr-15-32-c2,"1,0921943209745766",
2025-07-25T14:05:52.6072690+03:00,A70000000000000000000000,,1,"-62,5","865,7",Speedwayr-15-32-c2,"1,3989904785517047",
2025-07-25T14:05:52.6087580+03:00,A40000000000000000000000,,1,-64,"865,7",Speedwayr-15-32-c2,"4,454680208019902",
2025-07-25T14:05:52.6102700+03:00,A30000000000000000000000,,1,-63,"865,7",Speedwayr-15-32-c2,"4,356505437595221",
2025-07-25T14:05:52.6129630+03:00,A60000000000000000000000,,1,"-64,5","865,7",Speedwayr-15-32-c2,"0,5338253141842031",
2025-07-25T14:05:52.6150700+03:00,A20000000000000000000000,,1,"-57,5","865,7",Speedwayr-15-32-c2,"0,9142525495798421",
2025-07-25T14:05:52.6400150+03:00,A80000000000000000000000,,1,"-71,5","865,7",Speedwayr-15-32-c2,"1,0983302441261191",
2025-07-25T14:05:52.6471710+03:00,A20000000000000000000000,,1,-57,"865,7",Speedwayr-15-32-c2,"0,9510680884890975",
2025-07-25T14:05:52.6496490+03:00,A30000000000000000000000,,1,-63,"865,7",Speedwayr-15-32-c2,"4,362641360746763",
2025-07-25T14:05:52.6532140+03:00,A40000000000000000000000,,1,"-65,5","865,7",Speedwayr-15-32-c2,"4,454680208019902",
2025-07-25T14:05:52.6549720+03:00,A70000000000000000000000,,1,"-64,5","865,7",Speedwayr-15-32-c2,"0,8897088569736719",
2025-07-25T14:05:52.6567740+03:00,A60000000000000000000000,,1,"-63,5","865,7",Speedwayr-15-32-c2,"0,7117670855789375",
2025-07-25T14:05:52.6720350+03:00,A80000000000000000000000,,1,-73,"865,7",Speedwayr-15-32-c2,"4,427068553837961",
2025-07-25T14:05:52.6816860+03:00,A30000000000000000000000,,1,"-62,5","865,7",Speedwayr-15-32-c2,"4,154019973594316",
2025-07-25T14:05:52.6831910+03:00,A40000000000000000000000,,1,-66,"865,7",Speedwayr-15-32-c2,"4,442408361716817",
2025-07-25T14:05:52.6845000+03:00,A70000000000000000000000,,1,"-63,5","865,7",Speedwayr-15-32-c2,"1,0676506283684062",
2025-07-25T14:05:52.6855860+03:00,A20000000000000000000000,,1,"-58,5","865,7",Speedwayr-15-32-c2,"0,8835729338221293",
2025-07-25T14:05:52.6878530+03:00,A60000000000000000000000,,1,-64,"865,7",Speedwayr-15-32-c2,"0,5399612373357456",
2025-07-25T14:05:52.7094780+03:00,A80000000000000000000000,,1,"-71,5","865,7",Speedwayr-15-32-c2,"4,387185053352934",
2025-07-25T14:05:52.7196710+03:00,A20000000000000000000000,,1,-57,"865,7",Speedwayr-15-32-c2,"0,944932165337555",
2025-07-25T14:05:52.7218650+03:00,A30000000000000000000000,,1,"-62,5","865,7",Speedwayr-15-32-c2,"4,651029748869264",
2025-07-25T14:05:52.7286330+03:00,A60000000000000000000000,,1,-65,"865,7",Speedwayr-15-32-c2,"0,5460971604872883",
2025-07-25T14:05:52.7320730+03:00,A40000000000000000000000,,1,"-65,5","865,7",Speedwayr-15-32-c2,"1,3314953238847365",
2025-07-25T14:05:52.7363160+03:00,A70000000000000000000000,,1,"-64,5","865,7",Speedwayr-15-32-c2,"4,328893783413279",
2025-07-25T14:05:52.7420100+03:00,A80000000000000000000000,,1,"-72,5","865,7",Speedwayr-15-32-c2,"1,2670681307935396",
2025-07-25T14:05:52.7508630+03:00,A20000000000000000000000,,1,"-57,5","865,7",Speedwayr-15-32-c2,"0,9265243958829272",
2025-07-25T14:05:52.7545190+03:00,A70000000000000000000000,,1,"-63,5","865,7",Speedwayr-15-32-c2,"1,1044661672776617",
2025-07-25T14:05:52.7568230+03:00,A30000000000000000000000,,1,"-62,5","865,7",Speedwayr-15-32-c2,"4,368777283898306",
2025-07-25T14:05:52.7606570+03:00,A60000000000000000000000,,1,-63,"865,7",Speedwayr-15-32-c2,"0,5276893910326605",
2025-07-25T14:05:52.7632380+03:00,A40000000000000000000000,,1,-66,"865,7",Speedwayr-15-32-c2,"4,381049130201391",
2025-07-25T14:05:52.7711060+03:00,A80000000000000000000000,,1,-72,"865,7",Speedwayr-15-32-c2,"4,3503695144436785",
2025-07-25T14:05:52.7789430+03:00,A70000000000000000000000,,1,"-64,5","865,7",Speedwayr-15-32-c2,"1,1719613219446299",
2025-07-25T14:05:52.7805570+03:00,A60000000000000000000000,,1,-65,"865,7",Speedwayr-15-32-c2,"0,4111068511533518",
2025-07-25T14:05:52.7833030+03:00,A30000000000000000000000,,1,-63,"865,7",Speedwayr-15-32-c2,"4,295146206079795",
2025-07-25T14:05:52.7863340+03:00,A20000000000000000000000,,1,-58,"865,7",Speedwayr-15-32-c2,"0,9633399347921826",
2025-07-25T14:05:52.7894910+03:00,A40000000000000000000000,,1,"-64,5","865,7",Speedwayr-15-32-c2,"4,331961744989051",
2025-07-25T14:05:52.8108520+03:00,A80000000000000000000000,,1,"-72,5","865,7",Speedwayr-15-32-c2,"1,2670681307935396",
2025-07-25T14:05:52.8196400+03:00,A60000000000000000000000,,1,-64,"865,7",Speedwayr-15-32-c2,"0,5583690067903734",
2025-07-25T14:05:52.8210210+03:00,A20000000000000000000000,,1,-57,"865,7",Speedwayr-15-32-c2,"0,944932165337555",
2025-07-25T14:05:52.8232040+03:00,A70000000000000000000000,,1,"-64,5","865,7",Speedwayr-15-32-c2,"1,0185632431560658",
2025-07-25T14:05:52.8242750+03:00,A30000000000000000000000,,1,"-62,5","865,7",Speedwayr-15-32-c2,"4,417864669110647",
2025-07-25T14:05:52.8257130+03:00,A40000000000000000000000,,1,"-65,5","865,7",Speedwayr-15-32-c2,"4,583534594202296",
2025-07-25T14:05:52.8398750+03:00,A80000000000000000000000,,1,"-71,5","865,7",Speedwayr-15-32-c2,"4,417864669110647",
2025-07-25T14:05:52.8458360+03:00,A30000000000000000000000,,1,-62,"865,7",Speedwayr-15-32-c2,"4,368777283898306",
2025-07-25T14:05:52.8482680+03:00,A20000000000000000000000,,1,-56,"865,7",Speedwayr-15-32-c2,"0,9142525495798421",
2025-07-25T14:05:52.8494980+03:00,A60000000000000000000000,,1,"-64,5","865,7",Speedwayr-15-32-c2,"0,6749515466696822",
2025-07-25T14:05:52.8557750+03:00,A70000000000000000000000,,1,"-61,5","865,7",Speedwayr-15-32-c2,"1,214912784005428",
2025-07-25T14:05:52.8592760+03:00,A40000000000000000000000,,1,-66,"865,7",Speedwayr-15-32-c2,"4,086524818927348",
2025-07-25T14:05:52.8696120+03:00,A80000000000000000000000,,1,-72,"865,7",Speedwayr-15-32-c2,"4,4884277853533865",
2025-07-25T14:05:52.8786800+03:00,A40000000000000000000000,,1,"-65,5","865,7",Speedwayr-15-32-c2,"4,430136515413731",
2025-07-25T14:05:52.8853490+03:00,A70000000000000000000000,,1,-64,"865,7",Speedwayr-15-32-c2,"1,4848934026733007",
2025-07-25T14:05:52.8866750+03:00,A20000000000000000000000,,1,-58,"865,7",Speedwayr-15-32-c2,"0,9142525495798421",
2025-07-25T14:05:52.9070920+03:00,A80000000000000000000000,,1,"-71,5","865,7",Speedwayr-15-32-c2,"1,3744467859455345",
2025-07-25T14:05:52.9130590+03:00,A20000000000000000000000,,1,-57,"865,7",Speedwayr-15-32-c2,"0,9633399347921826",
2025-07-25T14:05:52.9172930+03:00,A30000000000000000000000,,1,"-62,5","865,7",Speedwayr-15-32-c2,"4,3503695144436785",
2025-07-25T14:05:52.9183640+03:00,A40000000000000000000000,,1,-66,"865,7",Speedwayr-15-32-c2,"4,724660826687775",
2025-07-25T14:05:52.9199120+03:00,A60000000000000000000000,,1,"-62,5","865,7",Speedwayr-15-32-c2,"0,6504078540635119",
2025-07-25T14:05:52.9209680+03:00,A70000000000000000000000,,1,-64,"865,7",Speedwayr-15-32-c2,"0,9817477042468103",
2025-07-25T14:05:52.9413600+03:00,A80000000000000000000000,,1,"-72,5","865,7",Speedwayr-15-32-c2,"1,4327380558851888",
2025-07-25T14:05:52.9455910+03:00,A20000000000000000000000,,1,-58,"865,7",Speedwayr-15-32-c2,"0,9633399347921826",
2025-07-25T14:05:52.9470730+03:00,A40000000000000000000000,,1,"-65,5","865,7",Speedwayr-15-32-c2,"4,608078286808466",
2025-07-25T14:05:52.9486120+03:00,A70000000000000000000000,,1,-64,"865,7",Speedwayr-15-32-c2,"1,1167380135807468",
2025-07-25T14:05:52.9533050+03:00,A60000000000000000000000,,1,"-62,5","865,7",Speedwayr-15-32-c2,"0,4724660826687775",
2025-07-25T14:05:52.9543320+03:00,A30000000000000000000000,,1,"-61,5","865,7",Speedwayr-15-32-c2,"4,399456899656019",
2025-07-25T14:05:52.9826750+03:00,A80000000000000000000000,,1,-73,"865,7",Speedwayr-15-32-c2,"4,6878452877785195",
2025-07-25T14:05:52.9882920+03:00,A70000000000000000000000,,1,-63,"865,7",Speedwayr-15-32-c2,"1,239456476611598",
2025-07-25T14:05:52.9897270+03:00,A30000000000000000000000,,1,"-62,5","865,7",Speedwayr-15-32-c2,"4,276738436625168",
2025-07-25T14:05:52.9914080+03:00,A20000000000000000000000,,1,-58,"865,7",Speedwayr-15-32-c2,"0,9817477042468103",
2025-07-25T14:05:52.9930060+03:00,A60000000000000000000000,,1,-62,"865,7",Speedwayr-15-32-c2,"0,5276893910326605",
2025-07-25T14:05:52.9977330+03:00,A40000000000000000000000,,1,"-65,5","865,7",Speedwayr-15-32-c2,"4,614214209960009",
2025-07-25T14:05:53.0077220+03:00,A80000000000000000000000,,1,-72,"865,7",Speedwayr-15-32-c2,"4,672505479899663",
2025-07-25T14:05:53.0163870+03:00,A20000000000000000000000,,1,-58,"865,7",Speedwayr-15-32-c2,"0,9694758579437253",
2025-07-25T14:05:53.0189680+03:00,A70000000000000000000000,,1,"-64,5","865,7",Speedwayr-15-32-c2,"1,1965050145508",
2025-07-25T14:05:53.0209230+03:00,A60000000000000000000000,,1,-62,"865,7",Speedwayr-15-32-c2,"0,5399612373357456",
2025-07-25T14:05:53.0228590+03:00,A40000000000000000000000,,1,-66,"865,7",Speedwayr-15-32-c2,"4,473087977474529",
2025-07-25T14:05:53.0478800+03:00,A80000000000000000000000,,1,-71,"865,7",Speedwayr-15-32-c2,"4,632621979414636",
2025-07-25T14:05:53.0554780+03:00,A20000000000000000000000,,1,-58,"865,7",Speedwayr-15-32-c2,"0,9756117810952678",
2025-07-25T14:05:53.0571870+03:00,A30000000000000000000000,,1,-62,"865,7",Speedwayr-15-32-c2,"4,399456899656019",
2025-07-25T14:05:53.0589550+03:00,A60000000000000000000000,,1,"-62,5","865,7",Speedwayr-15-32-c2,"0,5645049299419159",
2025-07-25T14:05:53.0604970+03:00,A70000000000000000000000,,1,-64,"865,7",Speedwayr-15-32-c2,"1,1228739367322893",
2025-07-25T14:05:53.0838150+03:00,A80000000000000000000000,,1,"-71,5","865,7",Speedwayr-15-32-c2,"1,41126232485479",
2025-07-25T14:05:53.0887090+03:00,A70000000000000000000000,,1,-63,"865,7",Speedwayr-15-32-c2,"1,3008157081270237",
2025-07-25T14:05:53.0917630+03:00,A30000000000000000000000,,1,-62,"865,7",Speedwayr-15-32-c2,"4,448544284868359",
2025-07-25T14:05:53.0929160+03:00,A60000000000000000000000,,1,"-62,5","865,7",Speedwayr-15-32-c2,"0,5460971604872883",
2025-07-25T14:05:53.0951930+03:00,A20000000000000000000000,,1,-58,"865,7",Speedwayr-15-32-c2,"0,9265243958829272",
2025-07-25T14:05:53.0993730+03:00,A40000000000000000000000,,1,-63,"865,7",Speedwayr-15-32-c2,"4,473087977474529",
2025-07-25T14:05:53.1312240+03:00,A80000000000000000000000,,1,-72,"865,7",Speedwayr-15-32-c2,"4,562058863171897",
2025-07-25T14:05:53.1362740+03:00,A20000000000000000000000,,1,-57,"865,7",Speedwayr-15-32-c2,"0,9694758579437253",
2025-07-25T14:05:53.1375750+03:00,A70000000000000000000000,,1,-64,"865,7",Speedwayr-15-32-c2,"1,1535535524900022",
2025-07-25T14:05:53.1394220+03:00,A30000000000000000000000,,1,-62,"865,7",Speedwayr-15-32-c2,"4,546719055293041",
2025-07-25T14:05:53.1412160+03:00,A60000000000000000000000,,1,"-62,5","865,7",Speedwayr-15-32-c2,"0,521553467881118",
2025-07-25T14:05:53.1617340+03:00,A80000000000000000000000,,1,-73,"865,7",Speedwayr-15-32-c2,"1,4511458253398166",
2025-07-25T14:05:53.1657000+03:00,A40000000000000000000000,,1,"-65,5","865,7",Speedwayr-15-32-c2,"4,571262747899211",
2025-07-25T14:05:53.1674430+03:00,A60000000000000000000000,,1,"-62,5","865,7",Speedwayr-15-32-c2,"0,6135923151542565",
2025-07-25T14:05:53.1701580+03:00,A70000000000000000000000,,1,"-64,5","865,7",Speedwayr-15-32-c2,"1,227184630308513",
2025-07-25T14:05:53.1713790+03:00,A20000000000000000000000,,1,-57,"865,7",Speedwayr-15-32-c2,"0,9387962421860124",
2025-07-25T14:05:53.1724650+03:00,A30000000000000000000000,,1,-62,"865,7",Speedwayr-15-32-c2,"4,387185053352934",
2025-07-25T14:05:53.2023290+03:00,A80000000000000000000000,,1,-72,"865,7",Speedwayr-15-32-c2,"4,454680208019902",
2025-07-25T14:05:53.2077540+03:00,A70000000000000000000000,,1,"-63,5","865,7",Speedwayr-15-32-c2,"1,227184630308513",
2025-07-25T14:05:53.2089460+03:00,A20000000000000000000000,,1,"-56,5","865,7",Speedwayr-15-32-c2,"0,9756117810952678",
2025-07-25T14:05:53.2113580+03:00,A30000000000000000000000,,1,"-62,5","865,7",Speedwayr-15-32-c2,"4,448544284868359",
2025-07-25T14:05:53.2167750+03:00,A60000000000000000000000,,1,"-62,5","865,7",Speedwayr-15-32-c2,"0,6381360077604268",
2025-07-25T14:05:53.2182400+03:00,A40000000000000000000000,,1,-65,"865,7",Speedwayr-15-32-c2,"4,583534594202296",
2025-07-25T14:05:53.2444710+03:00,A80000000000000000000000,,1,"-71,5","865,7",Speedwayr-15-32-c2,"1,4634176716429017",
2025-07-25T14:05:53.2510630+03:00,A40000000000000000000000,,1,-66,"865,7",Speedwayr-15-32-c2,"4,595806440505381",
2025-07-25T14:05:53.2523550+03:00,A20000000000000000000000,,1,"-58,5","865,7",Speedwayr-15-32-c2,"0,944932165337555",
2025-07-25T14:05:53.2537580+03:00,A60000000000000000000000,,1,"-62,5","865,7",Speedwayr-15-32-c2,"0,662679700366597",
2025-07-25T14:05:53.2582240+03:00,A70000000000000000000000,,1,"-64,5","865,7",Speedwayr-15-32-c2,"1,3192234775816514",
2025-07-25T14:05:53.2595930+03:00,A30000000000000000000000,,1,-63,"865,7",Speedwayr-15-32-c2,"4,381049130201391",
2025-07-25T14:05:53.2828500+03:00,A80000000000000000000000,,1,"-72,5","865,7",Speedwayr-15-32-c2,"4,5497870168688115",
2025-07-25T14:05:53.2864250+03:00,A40000000000000000000000,,1,-66,"865,7",Speedwayr-15-32-c2,"4,356505437595221",
2025-07-25T14:05:53.2883600+03:00,A20000000000000000000000,,1,-57,"865,7",Speedwayr-15-32-c2,"0,859029241215959",
2025-07-25T14:05:53.2897110+03:00,A70000000000000000000000,,1,-64,"865,7",Speedwayr-15-32-c2,"1,239456476611598",
2025-07-25T14:05:53.2923360+03:00,A30000000000000000000000,,1,"-62,5","865,7",Speedwayr-15-32-c2,"4,3933209765044765",
2025-07-25T14:05:53.2956550+03:00,A60000000000000000000000,,1,-62,"865,7",Speedwayr-15-32-c2,"0,6258641614573416",
2025-07-25T14:05:53.3134440+03:00,A80000000000000000000000,,1,"-72,5","865,7",Speedwayr-15-32-c2,"1,4051264017032472",
2025-07-25T14:05:53.3208110+03:00,A60000000000000000000000,,1,"-62,5","865,7",Speedwayr-15-32-c2,"0,7179030087304801",
2025-07-25T14:05:53.3221230+03:00,A30000000000000000000000,,1,"-62,5","865,7",Speedwayr-15-32-c2,"4,417864669110647",
2025-07-25T14:05:53.3238140+03:00,A20000000000000000000000,,1,"-56,5","865,7",Speedwayr-15-32-c2,"0,9633399347921826",
2025-07-25T14:05:53.3282720+03:00,A70000000000000000000000,,1,"-63,5","865,7",Speedwayr-15-32-c2,"1,2026409377023426",
2025-07-25T14:05:53.3293840+03:00,A40000000000000000000000,,1,"-66,5","865,7",Speedwayr-15-32-c2,"4,454680208019902",
2025-07-25T14:05:53.3526190+03:00,A80000000000000000000000,,1,"-72,5","865,7",Speedwayr-15-32-c2,"4,439340400141045",
2025-07-25T14:05:53.3555870+03:00,A70000000000000000000000,,1,-62,"865,7",Speedwayr-15-32-c2,"1,2701360923693108",
2025-07-25T14:05:53.3582840+03:00,A20000000000000000000000,,1,-58,"865,7",Speedwayr-15-32-c2,"0,9633399347921826",
2025-07-25T14:05:53.3615940+03:00,A60000000000000000000000,,1,-63,"865,7",Speedwayr-15-32-c2,"0,5460971604872883",
2025-07-25T14:05:53.3629570+03:00,A30000000000000000000000,,1,"-62,5","865,7",Speedwayr-15-32-c2,"4,3933209765044765",
2025-07-25T14:05:53.3641560+03:00,A40000000000000000000000,,1,"-65,5","865,7",Speedwayr-15-32-c2,"4,509903516383785",
2025-07-25T14:05:53.3891830+03:00,A80000000000000000000000,,1,"-71,5","865,7",Speedwayr-15-32-c2,"4,417864669110647",
2025-07-25T14:05:53.3940010+03:00,A70000000000000000000000,,1,"-64,5","865,7",Speedwayr-15-32-c2,"1,2455923997631406",
2025-07-25T14:05:53.3953400+03:00,A60000000000000000000000,,1,"-62,5","865,7",Speedwayr-15-32-c2,"0,5706408530934585",
2025-07-25T14:05:53.3977910+03:00,A30000000000000000000000,,1,-61,"865,7",Speedwayr-15-32-c2,"4,4362724385652745",
2025-07-25T14:05:53.3997110+03:00,A20000000000000000000000,,1,-58,"865,7",Speedwayr-15-32-c2,"0,9081166264282996",
2025-07-25T14:05:53.4016760+03:00,A40000000000000000000000,,1,-66,"865,7",Speedwayr-15-32-c2,"4,196971435655114",
2025-07-25T14:05:53.4281580+03:00,A80000000000000000000000,,1,"-72,5","865,7",Speedwayr-15-32-c2,"4,531379247414184",
2025-07-25T14:05:53.4344270+03:00,A70000000000000000000000,,1,-63,"865,7",Speedwayr-15-32-c2,"1,2210487071569704",
2025-07-25T14:05:53.4358000+03:00,A20000000000000000000000,,1,"-58,5","865,7",Speedwayr-15-32-c2,"0,9387962421860124",
2025-07-25T14:05:53.4369430+03:00,A60000000000000000000000,,1,"-62,5","865,7",Speedwayr-15-32-c2,"0,5154175447295755",
2025-07-25T14:05:53.4424490+03:00,A40000000000000000000000,,1,-66,"865,7",Speedwayr-15-32-c2,"4,675573441475434",
2025-07-25T14:05:53.4435080+03:00,A30000000000000000000000,,1,-63,"865,7",Speedwayr-15-32-c2,"4,871922982324796",
2025-07-25T14:05:53.4530000+03:00,A80000000000000000000000,,1,"-72,5","865,7",Speedwayr-15-32-c2,"4,6448938257177215",
2025-07-25T14:05:53.4618520+03:00,A30000000000000000000000,,1,"-62,5","865,7",Speedwayr-15-32-c2,"4,491495746929157",
2025-07-25T14:05:53.4651690+03:00,A20000000000000000000000,,1,"-58,5","865,7",Speedwayr-15-32-c2,"1,012427320004523",
2025-07-25T14:05:53.4672310+03:00,A60000000000000000000000,,1,"-60,5","865,7",Speedwayr-15-32-c2,"0,6381360077604268",
2025-07-25T14:05:53.4689290+03:00,A40000000000000000000000,,1,-63,"865,7",Speedwayr-15-32-c2,"4,534447208989955",
2025-07-25T14:05:53.4702410+03:00,A70000000000000000000000,,1,"-63,5","865,7",Speedwayr-15-32-c2,"1,1351457830353744",
2025-07-25T14:05:53.4916260+03:00,A80000000000000000000000,,1,"-72,5","865,7",Speedwayr-15-32-c2,"1,325359400733194",
2025-07-25T14:05:53.4963920+03:00,A70000000000000000000000,,1,"-64,5","865,7",Speedwayr-15-32-c2,"1,4051264017032472",
2025-07-25T14:05:53.5001490+03:00,A30000000000000000000000,,1,"-62,5","865,7",Speedwayr-15-32-c2,"4,473087977474529",
2025-07-25T14:05:53.5012250+03:00,A20000000000000000000000,,1,"-57,5","865,7",Speedwayr-15-32-c2,"0,9142525495798421",
2025-07-25T14:05:53.5027940+03:00,A60000000000000000000000,,1,"-62,5","865,7",Speedwayr-15-32-c2,"0,5951845456996288",
2025-07-25T14:05:53.5053850+03:00,A40000000000000000000000,,1,"-65,5","865,7",Speedwayr-15-32-c2,"4,1601558967458585",
2025-07-25T14:05:53.5214010+03:00,A80000000000000000000000,,1,"-72,5","865,7",Speedwayr-15-32-c2,"4,384117091777163",
2025-07-25T14:05:53.5247310+03:00,A60000000000000000000000,,1,-63,"865,7",Speedwayr-15-32-c2,"0,4908738521234052",
2025-07-25T14:05:53.5270950+03:00,A40000000000000000000000,,1,-65,"865,7",Speedwayr-15-32-c2,"4,503767593232243",
2025-07-25T14:05:53.5289230+03:00,A70000000000000000000000,,1,-63,"865,7",Speedwayr-15-32-c2,"1,2455923997631406",
2025-07-25T14:05:53.5304860+03:00,A30000000000000000000000,,1,"-62,5","865,7",Speedwayr-15-32-c2,"4,454680208019902",
2025-07-25T14:05:53.5318340+03:00,A20000000000000000000000,,1,-57,"865,7",Speedwayr-15-32-c2,"0,8958447801252144",
2025-07-25T14:05:53.5610470+03:00,A80000000000000000000000,,1,"-72,5","865,7",Speedwayr-15-32-c2,"4,528311285838413",
2025-07-25T14:05:53.5640910+03:00,A30000000000000000000000,,1,"-62,5","865,7",Speedwayr-15-32-c2,"4,381049130201391",
2025-07-25T14:05:53.5668400+03:00,A20000000000000000000000,,1,"-57,5","865,7",Speedwayr-15-32-c2,"0,9817477042468103",
2025-07-25T14:05:53.5702470+03:00,A70000000000000000000000,,1,-64,"865,7",Speedwayr-15-32-c2,"1,1596894756415448",
2025-07-25T14:05:53.5714010+03:00,A60000000000000000000000,,1,-62,"865,7",Speedwayr-15-32-c2,"0,6258641614573416",
2025-07-25T14:05:53.5725580+03:00,A40000000000000000000000,,1,-66,"865,7",Speedwayr-15-32-c2,"4,558990901596125",
2025-07-25T14:05:53.5946940+03:00,A70000000000000000000000,,1,"-64,5","865,7",Speedwayr-15-32-c2,"1,1965050145508",
2025-07-25T14:05:53.5970870+03:00,A20000000000000000000000,,1,"-58,5","865,7",Speedwayr-15-32-c2,"0,7547185476397354",
2025-07-25T14:05:53.5987700+03:00,A60000000000000000000000,,1,"-62,5","865,7",Speedwayr-15-32-c2,"0,8344855486097889",
2025-07-25T14:05:53.6025140+03:00,A30000000000000000000000,,1,-63,"865,7",Speedwayr-15-32-c2,"4,387185053352934",
2025-07-25T14:05:53.6063750+03:00,A40000000000000000000000,,1,"-66,5","865,7",Speedwayr-15-32-c2,"4,626486056263094",
2025-07-25T14:05:53.6116510+03:00,A80000000000000000000000,,1,"-70,5","865,7",Speedwayr-15-32-c2,"1,1535535524900022",
2025-07-25T14:05:53.6266880+03:00,A70000000000000000000000,,1,-63,"865,7",Speedwayr-15-32-c2,"1,1658253987930873",
2025-07-25T14:05:53.6297640+03:00,A20000000000000000000000,,1,-58,"865,7",Speedwayr-15-32-c2,"0,9326603190344698",
2025-07-25T14:05:53.6332960+03:00,A60000000000000000000000,,1,-61,"865,7",Speedwayr-15-32-c2,"0,5767767762450011",
2025-07-25T14:05:53.6349760+03:00,A40000000000000000000000,,1,-66,"865,7",Speedwayr-15-32-c2,"4,331961744989051",
2025-07-25T14:05:53.6526260+03:00,A80000000000000000000000,,1,"-72,5","865,7",Speedwayr-15-32-c2,"4,494563708504929",
2025-07-25T14:05:53.6616720+03:00,A60000000000000000000000,,1,"-62,5","865,7",Speedwayr-15-32-c2,"0,6442719309119693",
2025-07-25T14:05:53.6642080+03:00,A30000000000000000000000,,1,"-62,5","865,7",Speedwayr-15-32-c2,"4,3933209765044765",
2025-07-25T14:05:53.6658290+03:00,A20000000000000000000000,,1,-57,"865,7",Speedwayr-15-32-c2,"0,8283496254582462",
2025-07-25T14:05:53.6669980+03:00,A70000000000000000000000,,1,-63,"865,7",Speedwayr-15-32-c2,"1,2640001692177683",
2025-07-25T14:05:53.6683080+03:00,A40000000000000000000000,,1,-66,"865,7",Speedwayr-15-32-c2,"4,620350133111551",
2025-07-25T14:05:53.7002160+03:00,A80000000000000000000000,,1,"-72,5","865,7",Speedwayr-15-32-c2,"4,537515170565727",
2025-07-25T14:05:53.7057960+03:00,A60000000000000000000000,,1,-63,"865,7",Speedwayr-15-32-c2,"0,6442719309119693",
2025-07-25T14:05:53.7072880+03:00,A70000000000000000000000,,1,-62,"865,7",Speedwayr-15-32-c2,"1,239456476611598",
2025-07-25T14:05:53.7101830+03:00,A20000000000000000000000,,1,"-58,5","865,7",Speedwayr-15-32-c2,"0,8467573949128739",
2025-07-25T14:05:53.7326370+03:00,A80000000000000000000000,,1,-72,"865,7",Speedwayr-15-32-c2,"1,3836506706728484",
2025-07-25T14:05:53.7423460+03:00,A30000000000000000000000,,1,"-62,5","865,7",Speedwayr-15-32-c2,"4,368777283898306",
2025-07-25T14:05:53.7441160+03:00,A60000000000000000000000,,1,-63,"865,7",Speedwayr-15-32-c2,"0,9019807032767571",
2025-07-25T14:05:53.7453100+03:00,A20000000000000000000000,,1,"-57,5","865,7",Speedwayr-15-32-c2,"1,0492428589137786",
2025-07-25T14:05:53.7475520+03:00,A40000000000000000000000,,1,"-65,5","865,7",Speedwayr-15-32-c2,"3,9208548938356986",
2025-07-25T14:05:53.7486470+03:00,A70000000000000000000000,,1,-64,"865,7",Speedwayr-15-32-c2,"1,2517283229146832",
2025-07-25T14:05:53.7628250+03:00,A80000000000000000000000,,1,-72,"865,7",Speedwayr-15-32-c2,"4,503767593232243",
2025-07-25T14:05:53.7695210+03:00,A70000000000000000000000,,1,"-64,5","865,7",Speedwayr-15-32-c2,"1,2455923997631406",
2025-07-25T14:05:53.7721620+03:00,A30000000000000000000000,,1,"-62,5","865,7",Speedwayr-15-32-c2,"4,362641360746763",
2025-07-25T14:05:53.7734880+03:00,A20000000000000000000000,,1,-58,"865,7",Speedwayr-15-32-c2,"0,8835729338221293",
2025-07-25T14:05:53.7768050+03:00,A60000000000000000000000,,1,-63,"865,7",Speedwayr-15-32-c2,"0,7240389318820226",
2025-07-25T14:05:53.7807840+03:00,A40000000000000000000000,,1,-66,"865,7",Speedwayr-15-32-c2,"4,546719055293041",
2025-07-25T14:05:53.7928340+03:00,A80000000000000000000000,,1,-72,"865,7",Speedwayr-15-32-c2,"4,512971477959557",
2025-07-25T14:05:53.8004600+03:00,A20000000000000000000000,,1,-59,"865,7",Speedwayr-15-32-c2,"0,8467573949128739",
2025-07-25T14:05:53.8021150+03:00,A60000000000000000000000,,1,"-62,5","865,7",Speedwayr-15-32-c2,"0,5399612373357456",
2025-07-25T14:05:53.8062590+03:00,A30000000000000000000000,,1,-62,"865,7",Speedwayr-15-32-c2,"4,178563666200486",
2025-07-25T14:05:53.8073110+03:00,A70000000000000000000000,,1,"-63,5","865,7",Speedwayr-15-32-c2,"1,227184630308513",
2025-07-25T14:05:53.8084270+03:00,A40000000000000000000000,,1,-66,"865,7",Speedwayr-15-32-c2,"4,227651051412827",
2025-07-25T14:05:53.8270730+03:00,A80000000000000000000000,,1,"-71,5","865,7",Speedwayr-15-32-c2,"4,485359823777615",
2025-07-25T14:05:53.8303870+03:00,A70000000000000000000000,,1,"-63,5","865,7",Speedwayr-15-32-c2,"1,214912784005428",
2025-07-25T14:05:53.8314570+03:00,A40000000000000000000000,,1,"-66,5","865,7",Speedwayr-15-32-c2,"4,319689898685965",
2025-07-25T14:05:53.8338360+03:00,A20000000000000000000000,,1,-58,"865,7",Speedwayr-15-32-c2,"0,9265243958829272",
2025-07-25T14:05:53.8365600+03:00,A60000000000000000000000,,1,"-62,5","865,7",Speedwayr-15-32-c2,"0,607456392002714",
2025-07-25T14:05:53.8382630+03:00,A30000000000000000000000,,1,"-62,5","865,7",Speedwayr-15-32-c2,"4,4362724385652745",
2025-07-25T14:05:53.8623470+03:00,A70000000000000000000000,,1,-64,"865,7",Speedwayr-15-32-c2,"1,2946797849754812",
2025-07-25T14:05:53.8642330+03:00,A40000000000000000000000,,1,"-65,5","865,7",Speedwayr-15-32-c2,"4,04357335686655",
2025-07-25T14:05:53.8675250+03:00,A20000000000000000000000,,1,"-58,5","865,7",Speedwayr-15-32-c2,"0,8958447801252144",
2025-07-25T14:05:53.8698820+03:00,A30000000000000000000000,,1,-62,"865,7",Speedwayr-15-32-c2,"4,417864669110647",
2025-07-25T14:05:53.8716520+03:00,A60000000000000000000000,,1,"-62,5","865,7",Speedwayr-15-32-c2,"0,6320000846088841",
2025-07-25T14:05:53.9915710+03:00,A80000000000000000000000,,1,"-72,5","865,7",Speedwayr-15-32-c2,"0,9940195505498954",
2025-07-25T14:05:54.0062720+03:00,A30000000000000000000000,,1,"-61,5","865,7",Speedwayr-15-32-c2,"4,448544284868359",
2025-07-25T14:05:54.0078360+03:00,A40000000000000000000000,,1,"-65,5","865,7",Speedwayr-15-32-c2,"4,362641360746763",
2025-07-25T14:05:54.0103070+03:00,A70000000000000000000000,,1,"-63,5","865,7",Speedwayr-15-32-c2,"1,2762720155208536",
2025-07-25T14:05:54.0114600+03:00,A20000000000000000000000,,1,"-57,5","865,7",Speedwayr-15-32-c2,"0,8283496254582462",
2025-07-25T14:05:54.0126320+03:00,A60000000000000000000000,,1,-63,"865,7",Speedwayr-15-32-c2,"0,607456392002714",
2025-07-25T14:05:54.0262780+03:00,A80000000000000000000000,,1,-72,"865,7",Speedwayr-15-32-c2,"4,25833066717054",
2025-07-25T14:05:54.0303060+03:00,A20000000000000000000000,,1,-58,"865,7",Speedwayr-15-32-c2,"0,8283496254582462",
2025-07-25T14:05:54.0341660+03:00,A40000000000000000000000,,1,"-66,5","865,7",Speedwayr-15-32-c2,"4,374913207049849",
2025-07-25T14:05:54.0364440+03:00,A60000000000000000000000,,1,-62,"865,7",Speedwayr-15-32-c2,"0,5338253141842031",
2025-07-25T14:05:54.0375320+03:00,A30000000000000000000000,,1,"-62,5","865,7",Speedwayr-15-32-c2,"4,362641360746763",
2025-07-25T14:05:54.0386170+03:00,A70000000000000000000000,,1,-64,"865,7",Speedwayr-15-32-c2,"1,3192234775816514",
2025-07-25T14:05:54.0503140+03:00,A80000000000000000000000,,1,-68,"865,7",Speedwayr-15-32-c2,"1,1719613219446299",
2025-07-25T14:05:54.0661190+03:00,A20000000000000000000000,,1,"-58,5","865,7",Speedwayr-15-32-c2,"0,8160777791551611",
2025-07-25T14:05:54.0692160+03:00,A70000000000000000000000,,1,"-63,5","865,7",Speedwayr-15-32-c2,"1,2026409377023426",
2025-07-25T14:05:54.0726350+03:00,A30000000000000000000000,,1,"-62,5","865,7",Speedwayr-15-32-c2,"4,301282129231338",
2025-07-25T14:05:54.0800900+03:00,A60000000000000000000000,,1,-63,"865,7",Speedwayr-15-32-c2,"0,5890486225480862",
2025-07-25T14:05:54.0814460+03:00,A40000000000000000000000,,1,"-66,5","865,7",Speedwayr-15-32-c2,"4,381049130201391",
2025-07-25T14:05:54.1066890+03:00,A80000000000000000000000,,1,-72,"865,7",Speedwayr-15-32-c2,"4,215379205109742",
2025-07-25T14:05:54.1134650+03:00,A70000000000000000000000,,1,"-63,5","865,7",Speedwayr-15-32-c2,"0,8528933180644165",
2025-07-25T14:05:54.1152210+03:00,A30000000000000000000000,,1,"-62,5","865,7",Speedwayr-15-32-c2,"4,28287435977671",
2025-07-25T14:05:54.1162950+03:00,A20000000000000000000000,,1,-58,"865,7",Speedwayr-15-32-c2,"0,7915340865489908",
2025-07-25T14:05:54.1187350+03:00,A60000000000000000000000,,1,-62,"865,7",Speedwayr-15-32-c2,"0,6135923151542565",
2025-07-25T14:05:54.1201870+03:00,A40000000000000000000000,,1,"-66,5","865,7",Speedwayr-15-32-c2,"4,3074180523828804",
2025-07-25T14:05:54.1311510+03:00,A80000000000000000000000,,1,"-72,5","865,7",Speedwayr-15-32-c2,"1,009359358428752",
2025-07-25T14:05:54.1417420+03:00,A60000000000000000000000,,1,-62,"865,7",Speedwayr-15-32-c2,"0,48473792897186263",
2025-07-25T14:05:54.1430530+03:00,A20000000000000000000000,,1,-58,"865,7",Speedwayr-15-32-c2,"0,7424467013366504",
2025-07-25T14:05:54.1448680+03:00,A40000000000000000000000,,1,"-66,5","865,7",Speedwayr-15-32-c2,"4,473087977474529",
2025-07-25T14:05:54.1481410+03:00,A30000000000000000000000,,1,"-62,5","865,7",Speedwayr-15-32-c2,"4,2092432819582",
2025-07-25T14:05:54.1494660+03:00,A70000000000000000000000,,1,-64,"865,7",Speedwayr-15-32-c2,"1,1228739367322893",
2025-07-25T14:05:54.1512080+03:00,A80000000000000000000000,,1,"-69,5","865,7",Speedwayr-15-32-c2,"0,9817477042468103",
2025-07-25T14:05:54.1649380+03:00,A20000000000000000000000,,1,"-57,5","865,7",Speedwayr-15-32-c2,"0,803805932852076",
2025-07-25T14:05:54.1660550+03:00,A70000000000000000000000,,1,"-63,5","865,7",Speedwayr-15-32-c2,"1,3314953238847365",
2025-07-25T14:05:54.1678760+03:00,A40000000000000000000000,,1,-66,"865,7",Speedwayr-15-32-c2,"4,23378697456437",
2025-07-25T14:05:54.1724570+03:00,A30000000000000000000000,,1,"-61,5","865,7",Speedwayr-15-32-c2,"4,184699589352029",
2025-07-25T14:05:54.1736240+03:00,A60000000000000000000000,,1,"-62,5","865,7",Speedwayr-15-32-c2,"0,521553467881118",
2025-07-25T14:05:54.1954400+03:00,A70000000000000000000000,,1,-62,"865,7",Speedwayr-15-32-c2,"1,2333205534600555",
2025-07-25T14:05:54.1974400+03:00,A20000000000000000000000,,1,"-57,5","865,7",Speedwayr-15-32-c2,"0,8160777791551611",
2025-07-25T14:05:54.1999070+03:00,A30000000000000000000000,,1,-62,"865,7",Speedwayr-15-32-c2,"4,28287435977671",
2025-07-25T14:05:54.2027570+03:00,A40000000000000000000000,,1,-66,"865,7",Speedwayr-15-32-c2,"4,473087977474529",
2025-07-25T14:05:54.2040370+03:00,A60000000000000000000000,,1,-62,"865,7",Speedwayr-15-32-c2,"0,5154175447295755",
2025-07-25T14:05:54.2200570+03:00,A80000000000000000000000,,1,-72,"865,7",Speedwayr-15-32-c2,"1,1596894756415448",
2025-07-25T14:05:54.2323580+03:00,A60000000000000000000000,,1,-63,"865,7",Speedwayr-15-32-c2,"0,662679700366597",
2025-07-25T14:05:54.2336820+03:00,A30000000000000000000000,,1,-62,"865,7",Speedwayr-15-32-c2,"4,246058820867455",
2025-07-25T14:05:54.2375580+03:00,A20000000000000000000000,,1,"-58,5","865,7",Speedwayr-15-32-c2,"0,7363107781851077",
2025-07-25T14:05:54.2411930+03:00,A70000000000000000000000,,1,-64,"865,7",Speedwayr-15-32-c2,"0,8099418560036186",
2025-07-25T14:05:54.2436870+03:00,A40000000000000000000000,,1,"-64,5","865,7",Speedwayr-15-32-c2,"4,638757902566179",
2025-07-25T14:05:54.2661590+03:00,A80000000000000000000000,,1,-72,"865,7",Speedwayr-15-32-c2,"4,264466590322082",
2025-07-25T14:05:54.2756090+03:00,A70000000000000000000000,,1,-64,"865,7",Speedwayr-15-32-c2,"1,0615147052168636",
2025-07-25T14:05:54.2787240+03:00,A20000000000000000000000,,1,"-56,5","865,7",Speedwayr-15-32-c2,"0,8099418560036186",
2025-07-25T14:05:54.2831890+03:00,A30000000000000000000000,,1,-62,"865,7",Speedwayr-15-32-c2,"4,3933209765044765",
2025-07-25T14:05:54.2844290+03:00,A60000000000000000000000,,1,"-62,5","865,7",Speedwayr-15-32-c2,"0,5645049299419159",
2025-07-25T14:05:54.2864480+03:00,A40000000000000000000000,,1,-67,"865,7",Speedwayr-15-32-c2,"4,166291819897402",
2025-07-25T14:05:54.3013340+03:00,A80000000000000000000000,,1,-71,"865,7",Speedwayr-15-32-c2,"1,1474176293384597",
2025-07-25T14:05:54.3182420+03:00,A40000000000000000000000,,1,"-66,5","865,7",Speedwayr-15-32-c2,"4,147884050442774",
2025-07-25T14:05:54.3193630+03:00,A20000000000000000000000,,1,"-57,5","865,7",Speedwayr-15-32-c2,"0,7976700097005334",
2025-07-25T14:05:54.3211540+03:00,A30000000000000000000000,,1,-62,"865,7",Speedwayr-15-32-c2,"4,252194744018997",
2025-07-25T14:05:54.3250350+03:00,A70000000000000000000000,,1,"-63,5","865,7",Speedwayr-15-32-c2,"1,1474176293384597",
2025-07-25T14:05:54.3262010+03:00,A60000000000000000000000,,1,"-62,5","865,7",Speedwayr-15-32-c2,"0,5645049299419159",
2025-07-25T14:05:54.3318190+03:00,A80000000000000000000000,,1,"-73,5","865,7",Speedwayr-15-32-c2,"0,9265243958829272",
2025-07-25T14:05:54.3461040+03:00,A20000000000000000000000,,1,"-58,5","865,7",Speedwayr-15-32-c2,"0,7853981633974483",
2025-07-25T14:05:54.3475440+03:00,A70000000000000000000000,,1,-64,"865,7",Speedwayr-15-32-c2,"1,1596894756415448",
2025-07-25T14:05:54.3486310+03:00,A30000000000000000000000,,1,"-62,5","865,7",Speedwayr-15-32-c2,"4,466952054322987",
2025-07-25T14:05:54.3513110+03:00,A60000000000000000000000,,1,"-62,5","865,7",Speedwayr-15-32-c2,"0,44178646691106466",
2025-07-25T14:05:54.3535170+03:00,A40000000000000000000000,,1,-66,"865,7",Speedwayr-15-32-c2,"4,264466590322082",
2025-07-25T14:05:54.3597410+03:00,A80000000000000000000000,,1,-72,"865,7",Speedwayr-15-32-c2,"1,055378782065321",
2025-07-25T14:05:54.3716900+03:00,A30000000000000000000000,,1,"-62,5","865,7",Speedwayr-15-32-c2,"4,338097668140593",
2025-07-25T14:05:54.3748110+03:00,A20000000000000000000000,,1,-58,"865,7",Speedwayr-15-32-c2,"0,803805932852076",
2025-07-25T14:05:54.3773840+03:00,A40000000000000000000000,,1,"-63,5","865,7",Speedwayr-15-32-c2,"4,049709280018092",
2025-07-25T14:05:54.3788790+03:00,A70000000000000000000000,,1,-63,"865,7",Speedwayr-15-32-c2,"0,9940195505498954",
2025-07-25T14:05:54.3813230+03:00,A60000000000000000000000,,1,"-62,5","865,7",Speedwayr-15-32-c2,"0,4908738521234052",
2025-07-25T14:05:54.4156580+03:00,A30000000000000000000000,,1,"-61,5","865,7",Speedwayr-15-32-c2,"4,522175362686871",
2025-07-25T14:05:54.4181970+03:00,A60000000000000000000000,,1,-62,"865,7",Speedwayr-15-32-c2,"0,48473792897186263",
2025-07-25T14:05:54.4196910+03:00,A40000000000000000000000,,1,"-65,5","865,7",Speedwayr-15-32-c2,"4,430136515413731",
2025-07-25T14:05:54.4221460+03:00,A70000000000000000000000,,1,-64,"865,7",Speedwayr-15-32-c2,"1,0369710126106935",
2025-07-25T14:05:54.4235850+03:00,A20000000000000000000000,,1,"-58,5","865,7",Speedwayr-15-32-c2,"0,760854470791278",
2025-07-25T14:05:54.4407630+03:00,A60000000000000000000000,,1,-62,"865,7",Speedwayr-15-32-c2,"0,4663301595172349",
2025-07-25T14:05:54.4442980+03:00,A30000000000000000000000,,1,-62,"865,7",Speedwayr-15-32-c2,"4,301282129231338",
2025-07-25T14:05:54.4460370+03:00,A20000000000000000000000,,1,-57,"865,7",Speedwayr-15-32-c2,"0,7424467013366504",
2025-07-25T14:05:54.4485310+03:00,A70000000000000000000000,,1,-64,"865,7",Speedwayr-15-32-c2,"1,2210487071569704",
2025-07-25T14:05:54.4495990+03:00,A40000000000000000000000,,1,-66,"865,7",Speedwayr-15-32-c2,"4,344233591292136",
2025-07-25T14:05:54.4512640+03:00,A80000000000000000000000,,1,"-70,5","865,7",Speedwayr-15-32-c2,"0,7731263170943632",
2025-07-25T14:05:54.4653140+03:00,A60000000000000000000000,,1,-61,"865,7",Speedwayr-15-32-c2,"0,4540583132141498",
2025-07-25T14:05:54.4670500+03:00,A70000000000000000000000,,1,-63,"865,7",Speedwayr-15-32-c2,"1,1658253987930873",
2025-07-25T14:05:54.4706450+03:00,A20000000000000000000000,,1,"-58,5","865,7",Speedwayr-15-32-c2,"0,7731263170943632",
2025-07-25T14:05:54.4720010+03:00,A30000000000000000000000,,1,-62,"865,7",Speedwayr-15-32-c2,"4,295146206079795",
2025-07-25T14:05:54.4734780+03:00,A40000000000000000000000,,1,"-66,5","865,7",Speedwayr-15-32-c2,"4,196971435655114",
2025-07-25T14:05:54.4801340+03:00,A80000000000000000000000,,1,"-71,5","865,7",Speedwayr-15-32-c2,"0,2699806186678728",
2025-07-25T14:05:54.4939600+03:00,A20000000000000000000000,,1,"-58,5","865,7",Speedwayr-15-32-c2,"0,7669903939428205",
2025-07-25T14:05:54.4972680+03:00,A40000000000000000000000,,1,"-66,5","865,7",Speedwayr-15-32-c2,"4,129476280988146",
2025-07-25T14:05:54.4987820+03:00,A60000000000000000000000,,1,-63,"865,7",Speedwayr-15-32-c2,"0,4663301595172349",
2025-07-25T14:05:54.5003630+03:00,A30000000000000000000000,,1,-62,"865,7",Speedwayr-15-32-c2,"4,135612204139688",
2025-07-25T14:05:54.5015860+03:00,A70000000000000000000000,,1,-63,"865,7",Speedwayr-15-32-c2,"1,141281706186917",
2025-07-25T14:05:54.5253500+03:00,A80000000000000000000000,,1,-72,"865,7",Speedwayr-15-32-c2,"4,129476280988146",
2025-07-25T14:05:54.5286150+03:00,A20000000000000000000000,,1,"-58,5","865,7",Speedwayr-15-32-c2,"0,6258641614573416",
2025-07-25T14:05:54.5317930+03:00,A70000000000000000000000,,1,-64,"865,7",Speedwayr-15-32-c2,"1,1228739367322893",
2025-07-25T14:05:54.5332440+03:00,A30000000000000000000000,,1,-62,"865,7",Speedwayr-15-32-c2,"4,227651051412827",
2025-07-25T14:05:54.5344000+03:00,A60000000000000000000000,,1,"-61,5","865,7",Speedwayr-15-32-c2,"0,5092816215780329",
2025-07-25T14:05:54.5417460+03:00,A80000000000000000000000,,1,"-72,5","865,7",Speedwayr-15-32-c2,"1,0676506283684062",
2025-07-25T14:05:54.5564440+03:00,A20000000000000000000000,,1,"-57,5","865,7",Speedwayr-15-32-c2,"0,6749515466696822",
2025-07-25T14:05:54.5587530+03:00,A30000000000000000000000,,1,-62,"865,7",Speedwayr-15-32-c2,"4,239922897715912",
2025-07-25T14:05:54.5618790+03:00,A60000000000000000000000,,1,"-62,5","865,7",Speedwayr-15-32-c2,"0,6135923151542565",
2025-07-25T14:05:54.5632380+03:00,A70000000000000000000000,,1,-62,"865,7",Speedwayr-15-32-c2,"1,1351457830353744",
2025-07-25T14:05:54.5673480+03:00,A40000000000000000000000,,1,"-65,5","865,7",Speedwayr-15-32-c2,"4,3503695144436785",
2025-07-25T14:05:54.5708510+03:00,A80000000000000000000000,,1,-72,"865,7",Speedwayr-15-32-c2,"0,4172427743048944",
2025-07-25T14:05:54.5845780+03:00,A20000000000000000000000,,1,-58,"865,7",Speedwayr-15-32-c2,"0,6381360077604268",
2025-07-25T14:05:54.5881690+03:00,A30000000000000000000000,,1,"-62,5","865,7",Speedwayr-15-32-c2,"4,289010282928253",
2025-07-25T14:05:54.5892920+03:00,A70000000000000000000000,,1,"-62,5","865,7",Speedwayr-15-32-c2,"1,1290098598838318",
2025-07-25T14:05:54.5911320+03:00,A60000000000000000000000,,1,"-62,5","865,7",Speedwayr-15-32-c2,"0,44178646691106466",
2025-07-25T14:05:54.5926220+03:00,A40000000000000000000000,,1,"-65,5","865,7",Speedwayr-15-32-c2,"4,368777283898306",
2025-07-25T14:05:54.6054990+03:00,A80000000000000000000000,,1,-72,"865,7",Speedwayr-15-32-c2,"4,310486013958652",
2025-07-25T14:05:54.6084430+03:00,A20000000000000000000000,,1,"-57,5","865,7",Speedwayr-15-32-c2,"0,7301748550335652",
2025-07-25T14:05:54.6122610+03:00,A70000000000000000000000,,1,-63,"865,7",Speedwayr-15-32-c2,"1,0921943209745766",
2025-07-25T14:05:54.6136020+03:00,A30000000000000000000000,,1,-62,"865,7",Speedwayr-15-32-c2,"4,362641360746763",
2025-07-25T14:05:54.6157150+03:00,A40000000000000000000000,,1,"-66,5","865,7",Speedwayr-15-32-c2,"4,252194744018997",
2025-07-25T14:05:54.6173410+03:00,A60000000000000000000000,,1,-62,"865,7",Speedwayr-15-32-c2,"0,44178646691106466",
2025-07-25T14:05:54.6217630+03:00,A80000000000000000000000,,1,-73,"865,7",Speedwayr-15-32-c2,"1,000155473701438",
2025-07-25T14:05:54.6368050+03:00,A30000000000000000000000,,1,"-62,5","865,7",Speedwayr-15-32-c2,"4,313553975534423",
2025-07-25T14:05:54.6391310+03:00,A60000000000000000000000,,1,-63,"865,7",Speedwayr-15-32-c2,"0,39269908169872414",
2025-07-25T14:05:54.6402440+03:00,A20000000000000000000000,,1,"-58,5","865,7",Speedwayr-15-32-c2,"0,6320000846088841",
2025-07-25T14:05:54.6413410+03:00,A70000000000000000000000,,1,-64,"865,7",Speedwayr-15-32-c2,"1,1167380135807468",
2025-07-25T14:05:54.6443900+03:00,A40000000000000000000000,,1,"-65,5","865,7",Speedwayr-15-32-c2,"4,546719055293041",
2025-07-25T14:05:54.6481020+03:00,A80000000000000000000000,,1,"-68,5","865,7",Speedwayr-15-32-c2,"0,9019807032767571",
2025-07-25T14:05:54.6605790+03:00,A40000000000000000000000,,1,"-65,5","865,7",Speedwayr-15-32-c2,"4,3503695144436785",
2025-07-25T14:05:54.6624720+03:00,A30000000000000000000000,,1,-62,"865,7",Speedwayr-15-32-c2,"4,289010282928253",
2025-07-25T14:05:54.6635100+03:00,A70000000000000000000000,,1,-64,"865,7",Speedwayr-15-32-c2,"1,1903690913992575",
2025-07-25T14:05:54.6659780+03:00,A60000000000000000000000,,1,"-62,5","865,7",Speedwayr-15-32-c2,"0,4724660826687775",
2025-07-25T14:05:54.6673640+03:00,A20000000000000000000000,,1,-57,"865,7",Speedwayr-15-32-c2,"0,7853981633974483",
2025-07-25T14:05:54.6884010+03:00,A80000000000000000000000,,1,-72,"865,7",Speedwayr-15-32-c2,"4,221515128261284",
2025-07-25T14:05:54.6914570+03:00,A20000000000000000000000,,1,-57,"865,7",Speedwayr-15-32-c2,"0,6442719309119693",
2025-07-25T14:05:54.6944050+03:00,A60000000000000000000000,,1,-61,"865,7",Speedwayr-15-32-c2,"0,4970097752749477",
2025-07-25T14:05:54.6966340+03:00,A30000000000000000000000,,1,-62,"865,7",Speedwayr-15-32-c2,"4,381049130201391",
2025-07-25T14:05:54.7002500+03:00,A70000000000000000000000,,1,-64,"865,7",Speedwayr-15-32-c2,"1,0737865515199487",
2025-07-25T14:05:54.7017050+03:00,A40000000000000000000000,,1,-66,"865,7",Speedwayr-15-32-c2,"4,0128937411088375",
2025-07-25T14:05:54.7238690+03:00,A80000000000000000000000,,1,-72,"865,7",Speedwayr-15-32-c2,"4,08959278050312",
2025-07-25T14:05:54.7276280+03:00,A20000000000000000000000,,1,"-58,5","865,7",Speedwayr-15-32-c2,"0,6504078540635119",
2025-07-25T14:05:54.7309840+03:00,A40000000000000000000000,,1,-66,"865,7",Speedwayr-15-32-c2,"4,166291819897402",
2025-07-25T14:05:54.7320650+03:00,A70000000000000000000000,,1,"-63,5","865,7",Speedwayr-15-32-c2,"0,9940195505498954",
2025-07-25T14:05:54.7331690+03:00,A60000000000000000000000,,1,-63,"865,7",Speedwayr-15-32-c2,"0,4111068511533518",
2025-07-25T14:05:54.7347300+03:00,A30000000000000000000000,,1,"-62,5","865,7",Speedwayr-15-32-c2,"4,252194744018997",
2025-07-25T14:05:54.7570660+03:00,A20000000000000000000000,,1,-58,"865,7",Speedwayr-15-32-c2,"0,7179030087304801",
2025-07-25T14:05:54.7598630+03:00,A60000000000000000000000,,1,"-61,5","865,7",Speedwayr-15-32-c2,"0,48473792897186263",
2025-07-25T14:05:54.7614670+03:00,A40000000000000000000000,,1,-66,"865,7",Speedwayr-15-32-c2,"4,166291819897402",
2025-07-25T14:05:54.7637400+03:00,A70000000000000000000000,,1,-64,"865,7",Speedwayr-15-32-c2,"1,086058397823034",
2025-07-25T14:05:54.7648090+03:00,A30000000000000000000000,,1,"-62,5","865,7",Speedwayr-15-32-c2,"4,313553975534423",
2025-07-25T14:05:54.7694520+03:00,A80000000000000000000000,,1,-71,"865,7",Speedwayr-15-32-c2,"1,1044661672776617",
2025-07-25T14:05:54.7822460+03:00,A40000000000000000000000,,1,"-65,5","865,7",Speedwayr-15-32-c2,"4,338097668140593",
2025-07-25T14:05:54.7852900+03:00,A30000000000000000000000,,1,"-62,5","865,7",Speedwayr-15-32-c2,"4,276738436625168",
2025-07-25T14:05:54.7909090+03:00,A20000000000000000000000,,1,-58,"865,7",Speedwayr-15-32-c2,"0,6320000846088841",
2025-07-25T14:05:54.7923060+03:00,A60000000000000000000000,,1,-63,"865,7",Speedwayr-15-32-c2,"0,4908738521234052",
2025-07-25T14:05:54.7934910+03:00,A70000000000000000000000,,1,-63,"865,7",Speedwayr-15-32-c2,"1,030835089459151",
2025-07-25T14:05:54.8118320+03:00,A80000000000000000000000,,1,-72,"865,7",Speedwayr-15-32-c2,"4,120272396260832",
2025-07-25T14:05:54.8167360+03:00,A60000000000000000000000,,1,-63,"865,7",Speedwayr-15-32-c2,"0,5031456984264903",
2025-07-25T14:05:54.8180460+03:00,A30000000000000000000000,,1,-62,"865,7",Speedwayr-15-32-c2,"4,252194744018997",
2025-07-25T14:05:54.8204530+03:00,A40000000000000000000000,,1,-66,"865,7",Speedwayr-15-32-c2,"4,325825821837508",
2025-07-25T14:05:54.8215810+03:00,A70000000000000000000000,,1,-64,"865,7",Speedwayr-15-32-c2,"1,055378782065321",
2025-07-25T14:05:54.8229060+03:00,A20000000000000000000000,,1,"-58,5","865,7",Speedwayr-15-32-c2,"0,6872233929727672",
2025-07-25T14:05:54.8466710+03:00,A40000000000000000000000,,1,"-66,5","865,7",Speedwayr-15-32-c2,"4,601942363656923",
2025-07-25T14:05:54.8521890+03:00,A80000000000000000000000,,1,"-71,5","865,7",Speedwayr-15-32-c2,"0,8713010875190442",
2025-07-25T14:05:54.8534670+03:00,A70000000000000000000000,,1,-64,"865,7",Speedwayr-15-32-c2,"1,1290098598838318",
2025-07-25T14:05:54.8545220+03:00,A30000000000000000000000,,1,-61,"865,7",Speedwayr-15-32-c2,"4,430136515413731",
2025-07-25T14:05:54.8556310+03:00,A20000000000000000000000,,1,"-58,5","865,7",Speedwayr-15-32-c2,"0,7240389318820226",
2025-07-25T14:05:54.8567880+03:00,A60000000000000000000000,,1,"-61,5","865,7",Speedwayr-15-32-c2,"0,4356505437595221",
2025-07-25T14:05:54.8707250+03:00,A70000000000000000000000,,1,-64,"865,7",Speedwayr-15-32-c2,"1,0185632431560658",
2025-07-25T14:05:54.8733560+03:00,A20000000000000000000000,,1,-58,"865,7",Speedwayr-15-32-c2,"0,6504078540635119",
2025-07-25T14:05:54.8753250+03:00,A60000000000000000000000,,1,-62,"865,7",Speedwayr-15-32-c2,"0,47860200582032003",
2025-07-25T14:05:54.8767510+03:00,A30000000000000000000000,,1,"-62,5","865,7",Speedwayr-15-32-c2,"4,319689898685965",
2025-07-25T14:05:54.8797700+03:00,A40000000000000000000000,,1,-66,"865,7",Speedwayr-15-32-c2,"4,2031073588066565",
2025-07-25T14:05:54.8894470+03:00,A80000000000000000000000,,1,-72,"865,7",Speedwayr-15-32-c2,"1,1106020904292042",
2025-07-25T14:05:54.8990390+03:00,A60000000000000000000000,,1,"-62,5","865,7",Speedwayr-15-32-c2,"0,2454369260617026",
2025-07-25T14:05:54.9009220+03:00,A30000000000000000000000,,1,-62,"865,7",Speedwayr-15-32-c2,"4,313553975534423",
2025-07-25T14:05:54.9036220+03:00,A20000000000000000000000,,1,"-57,5","865,7",Speedwayr-15-32-c2,"0,7117670855789375",
2025-07-25T14:05:54.9057580+03:00,A70000000000000000000000,,1,-63,"865,7",Speedwayr-15-32-c2,"1,1535535524900022",
2025-07-25T14:05:54.9082040+03:00,A40000000000000000000000,,1,"-65,5","865,7",Speedwayr-15-32-c2,"4,295146206079795",
2025-07-25T14:05:54.9489020+03:00,A60000000000000000000000,,1,"-62,5","865,7",Speedwayr-15-32-c2,"0,4479223900626072",
2025-07-25T14:05:54.9507970+03:00,A30000000000000000000000,,1,-62,"865,7",Speedwayr-15-32-c2,"4,362641360746763",
2025-07-25T14:05:54.9519220+03:00,A70000000000000000000000,,1,-64,"865,7",Speedwayr-15-32-c2,"1,1535535524900022",
2025-07-25T14:05:54.9532720+03:00,A20000000000000000000000,,1,"-57,5","865,7",Speedwayr-15-32-c2,"0,662679700366597",
2025-07-25T14:05:54.9557280+03:00,A40000000000000000000000,,1,-65,"865,7",Speedwayr-15-32-c2,"4,356505437595221",
2025-07-25T14:05:54.9889790+03:00,A80000000000000000000000,,1,-72,"865,7",Speedwayr-15-32-c2,"4,261398628746311",
2025-07-25T14:05:54.9948150+03:00,A60000000000000000000000,,1,"-63,5","865,7",Speedwayr-15-32-c2,"0,3865631585471816",
2025-07-25T14:05:54.9962690+03:00,A70000000000000000000000,,1,"-64,5","865,7",Speedwayr-15-32-c2,"1,1228739367322893",
2025-07-25T14:05:54.9978070+03:00,A30000000000000000000000,,1,-62,"865,7",Speedwayr-15-32-c2,"4,356505437595221",
2025-07-25T14:05:55.0000480+03:00,A40000000000000000000000,,1,"-64,5","865,7",Speedwayr-15-32-c2,"4,362641360746763",
2025-07-25T14:05:55.0015570+03:00,A20000000000000000000000,,1,-58,"865,7",Speedwayr-15-32-c2,"0,7424467013366504",
2025-07-25T14:05:55.0363830+03:00,A20000000000000000000000,,1,"-57,5","865,7",Speedwayr-15-32-c2,"0,7485826244881929",
2025-07-25T14:05:55.0374680+03:00,A30000000000000000000000,,1,"-60,5","865,7",Speedwayr-15-32-c2,"4,246058820867455",
2025-07-25T14:05:55.0399690+03:00,A60000000000000000000000,,1,"-62,5","865,7",Speedwayr-15-32-c2,"0,5522330836388308",
2025-07-25T14:05:55.0410520+03:00,A40000000000000000000000,,1,-66,"865,7",Speedwayr-15-32-c2,"4,252194744018997",
2025-07-25T14:05:55.0426180+03:00,A70000000000000000000000,,1,-64,"865,7",Speedwayr-15-32-c2,"1,1719613219446299",
2025-07-25T14:05:55.0605420+03:00,A80000000000000000000000,,1,-72,"865,7",Speedwayr-15-32-c2,"4,147884050442774",
2025-07-25T14:05:55.0639370+03:00,A30000000000000000000000,,1,"-62,5","865,7",Speedwayr-15-32-c2,"4,540583132141498",
2025-07-25T14:05:55.0671890+03:00,A20000000000000000000000,,1,"-57,5","865,7",Speedwayr-15-32-c2,"0,6749515466696822",
2025-07-25T14:05:55.0689600+03:00,A60000000000000000000000,,1,-62,"865,7",Speedwayr-15-32-c2,"0,5399612373357456",
2025-07-25T14:05:55.0700840+03:00,A70000000000000000000000,,1,-63,"865,7",Speedwayr-15-32-c2,"1,1474176293384597",
2025-07-25T14:05:55.0719860+03:00,A40000000000000000000000,,1,-66,"865,7",Speedwayr-15-32-c2,"4,221515128261284",
2025-07-25T14:05:55.1072030+03:00,A80000000000000000000000,,1,"-71,5","865,7",Speedwayr-15-32-c2,"4,196971435655114",
2025-07-25T14:05:55.1119080+03:00,A30000000000000000000000,,1,"-62,5","865,7",Speedwayr-15-32-c2,"4,252194744018997",
2025-07-25T14:05:55.1133060+03:00,A60000000000000000000000,,1,"-62,5","865,7",Speedwayr-15-32-c2,"0,7485826244881929",
2025-07-25T14:05:55.1163000+03:00,A20000000000000000000000,,1,"-58,5","865,7",Speedwayr-15-32-c2,"0,8160777791551611",
2025-07-25T14:05:55.1187090+03:00,A70000000000000000000000,,1,"-62,5","865,7",Speedwayr-15-32-c2,"1,0983302441261191",
2025-07-25T14:05:55.1198040+03:00,A40000000000000000000000,,1,-66,"865,7",Speedwayr-15-32-c2,"4,135612204139688",
2025-07-25T14:05:55.1428910+03:00,A80000000000000000000000,,1,-73,"865,7",Speedwayr-15-32-c2,"1,1535535524900022",
2025-07-25T14:05:55.1481040+03:00,A40000000000000000000000,,1,-64,"865,7",Speedwayr-15-32-c2,"4,325825821837508",
2025-07-25T14:05:55.1496940+03:00,A30000000000000000000000,,1,-61,"865,7",Speedwayr-15-32-c2,"4,276738436625168",
2025-07-25T14:05:55.1519000+03:00,A70000000000000000000000,,1,-63,"865,7",Speedwayr-15-32-c2,"1,1106020904292042",
2025-07-25T14:05:55.1537260+03:00,A60000000000000000000000,,1,-62,"865,7",Speedwayr-15-32-c2,"0,619728238305799",
2025-07-25T14:05:55.1559160+03:00,A20000000000000000000000,,1,"-57,5","865,7",Speedwayr-15-32-c2,"0,7915340865489908",
2025-07-25T14:05:55.1681030+03:00,A80000000000000000000000,,1,"-70,5","865,7",Speedwayr-15-32-c2,"0,8958447801252144",
2025-07-25T14:05:55.1814350+03:00,A20000000000000000000000,,1,-58,"865,7",Speedwayr-15-32-c2,"0,6933593161243098",
2025-07-25T14:05:55.1830590+03:00,A70000000000000000000000,,1,"-63,5","865,7",Speedwayr-15-32-c2,"1,1903690913992575",
2025-07-25T14:05:55.1859680+03:00,A40000000000000000000000,,1,-66,"865,7",Speedwayr-15-32-c2,"4,344233591292136",
2025-07-25T14:05:55.1932530+03:00,A30000000000000000000000,,1,-62,"865,7",Speedwayr-15-32-c2,"4,25833066717054",
2025-07-25T14:05:55.1943920+03:00,A60000000000000000000000,,1,-62,"865,7",Speedwayr-15-32-c2,"0,5951845456996288",
2025-07-25T14:05:55.2198590+03:00,A20000000000000000000000,,1,"-57,5","865,7",Speedwayr-15-32-c2,"0,705631162427395",
2025-07-25T14:05:55.2209990+03:00,A60000000000000000000000,,1,-63,"865,7",Speedwayr-15-32-c2,"0,5645049299419159",
2025-07-25T14:05:55.2226530+03:00,A70000000000000000000000,,1,"-62,5","865,7",Speedwayr-15-32-c2,"0,9326603190344698",
2025-07-25T14:05:55.2291460+03:00,A30000000000000000000000,,1,"-62,5","865,7",Speedwayr-15-32-c2,"4,454680208019902",
2025-07-25T14:05:55.2528500+03:00,A70000000000000000000000,,1,-64,"865,7",Speedwayr-15-32-c2,"1,141281706186917",
2025-07-25T14:05:55.2565190+03:00,A60000000000000000000000,,1,"-62,5","865,7",Speedwayr-15-32-c2,"0,5829126993965437",
2025-07-25T14:05:55.2583720+03:00,A40000000000000000000000,,1,"-66,5","865,7",Speedwayr-15-32-c2,"4,184699589352029",
2025-07-25T14:05:55.2597480+03:00,A20000000000000000000000,,1,-58,"865,7",Speedwayr-15-32-c2,"0,6565437772150544",
2025-07-25T14:05:55.2608350+03:00,A80000000000000000000000,,1,"-72,5","865,7",Speedwayr-15-32-c2,"0,7669903939428205",
2025-07-25T14:05:55.2619430+03:00,A30000000000000000000000,,1,"-61,5","865,7",Speedwayr-15-32-c2,"4,374913207049849",
2025-07-25T14:05:55.2758470+03:00,A30000000000000000000000,,1,"-62,5","865,7",Speedwayr-15-32-c2,"4,424000592262189",
2025-07-25T14:05:55.2785390+03:00,A60000000000000000000000,,1,-63,"865,7",Speedwayr-15-32-c2,"0,5583690067903734",
2025-07-25T14:05:55.2807860+03:00,A20000000000000000000000,,1,"-58,5","865,7",Speedwayr-15-32-c2,"0,6810874698212247",
2025-07-25T14:05:55.2835670+03:00,A40000000000000000000000,,1,-66,"865,7",Speedwayr-15-32-c2,"4,289010282928253",
2025-07-25T14:05:55.2848710+03:00,A70000000000000000000000,,1,-64,"865,7",Speedwayr-15-32-c2,"1,1228739367322893",
2025-07-25T14:05:55.3023620+03:00,A80000000000000000000000,,1,-73,"865,7",Speedwayr-15-32-c2,"4,295146206079795",
2025-07-25T14:05:55.3095420+03:00,A70000000000000000000000,,1,-63,"865,7",Speedwayr-15-32-c2,"1,1167380135807468",
2025-07-25T14:05:55.3128700+03:00,A20000000000000000000000,,1,-59,"865,7",Speedwayr-15-32-c2,"0,6258641614573416",
2025-07-25T14:05:55.3143640+03:00,A60000000000000000000000,,1,-63,"865,7",Speedwayr-15-32-c2,"0,662679700366597",
2025-07-25T14:05:55.3156730+03:00,A30000000000000000000000,,1,-62,"865,7",Speedwayr-15-32-c2,"4,239922897715912",
2025-07-25T14:05:55.3195860+03:00,A40000000000000000000000,,1,-66,"865,7",Speedwayr-15-32-c2,"4,28287435977671",
2025-07-25T14:05:55.3359930+03:00,A70000000000000000000000,,1,"-63,5","865,7",Speedwayr-15-32-c2,"1,2762720155208536",
2025-07-25T14:05:55.3381800+03:00,A20000000000000000000000,,1,"-58,5","865,7",Speedwayr-15-32-c2,"0,7731263170943632",
2025-07-25T14:05:55.3397770+03:00,A30000000000000000000000,,1,"-62,5","865,7",Speedwayr-15-32-c2,"4,3074180523828804",
2025-07-25T14:05:55.3420730+03:00,A60000000000000000000000,,1,-63,"865,7",Speedwayr-15-32-c2,"0,5890486225480862",
2025-07-25T14:05:55.3431410+03:00,A40000000000000000000000,,1,"-65,5","865,7",Speedwayr-15-32-c2,"4,246058820867455",
2025-07-25T14:05:55.3506910+03:00,A80000000000000000000000,,1,-69,"865,7",Speedwayr-15-32-c2,"0,9878836273983529",
2025-07-25T14:05:55.3652050+03:00,A60000000000000000000000,,1,-63,"865,7",Speedwayr-15-32-c2,"0,6013204688511713",
2025-07-25T14:05:55.3681540+03:00,A20000000000000000000000,,1,-58,"865,7",Speedwayr-15-32-c2,"0,6872233929727672",
2025-07-25T14:05:55.3691960+03:00,A70000000000000000000000,,1,-64,"865,7",Speedwayr-15-32-c2,"1,2087768608538851",
2025-07-25T14:05:55.3715890+03:00,A40000000000000000000000,,1,"-65,5","865,7",Speedwayr-15-32-c2,"4,331961744989051",
2025-07-25T14:05:55.3727020+03:00,A80000000000000000000000,,1,-70,"865,7",Speedwayr-15-32-c2,"0,8897088569736719",
2025-07-25T14:05:55.3747520+03:00,A30000000000000000000000,,1,-62,"865,7",Speedwayr-15-32-c2,"4,3503695144436785",
2025-07-25T14:05:55.3897620+03:00,A60000000000000000000000,,1,-63,"865,7",Speedwayr-15-32-c2,"0,6135923151542565",
2025-07-25T14:05:55.3911700+03:00,A20000000000000000000000,,1,-58,"865,7",Speedwayr-15-32-c2,"0,6810874698212247",
2025-07-25T14:05:55.3950720+03:00,A40000000000000000000000,,1,-66,"865,7",Speedwayr-15-32-c2,"4,1172044346850605",
2025-07-25T14:05:55.3987590+03:00,A70000000000000000000000,,1,-63,"865,7",Speedwayr-15-32-c2,"1,325359400733194",
2025-07-25T14:05:55.4007180+03:00,A30000000000000000000000,,1,-62,"865,7",Speedwayr-15-32-c2,"4,239922897715912",
2025-07-25T14:05:55.4100870+03:00,A80000000000000000000000,,1,"-72,5","865,7",Speedwayr-15-32-c2,"4,3074180523828804",
2025-07-25T14:05:55.4189340+03:00,A70000000000000000000000,,1,"-63,5","865,7",Speedwayr-15-32-c2,"1,1780972450961724",
2025-07-25T14:05:55.4220830+03:00,A60000000000000000000000,,1,"-62,5","865,7",Speedwayr-15-32-c2,"0,6135923151542565",
2025-07-25T14:05:55.4232650+03:00,A40000000000000000000000,,1,"-65,5","865,7",Speedwayr-15-32-c2,"4,227651051412827",
2025-07-25T14:05:55.4243190+03:00,A30000000000000000000000,,1,"-62,5","865,7",Speedwayr-15-32-c2,"4,270602513473625",
2025-07-25T14:05:55.4256750+03:00,A20000000000000000000000,,1,"-58,5","865,7",Speedwayr-15-32-c2,"0,6872233929727672",
2025-07-25T14:05:55.4315720+03:00,A80000000000000000000000,,1,"-71,5","865,7",Speedwayr-15-32-c2,"1,0492428589137786",
2025-07-25T14:05:55.4442380+03:00,A20000000000000000000000,,1,-58,"865,7",Speedwayr-15-32-c2,"0,662679700366597",
2025-07-25T14:05:55.4464430+03:00,A30000000000000000000000,,1,-62,"865,7",Speedwayr-15-32-c2,"4,295146206079795",
2025-07-25T14:05:55.4492910+03:00,A40000000000000000000000,,1,"-66,5","865,7",Speedwayr-15-32-c2,"4,301282129231338",
2025-07-25T14:05:55.4504060+03:00,A60000000000000000000000,,1,-63,"865,7",Speedwayr-15-32-c2,"0,5276893910326605",
2025-07-25T14:05:55.4533780+03:00,A70000000000000000000000,,1,"-63,5","865,7",Speedwayr-15-32-c2,"1,239456476611598",
2025-07-25T14:05:55.4692550+03:00,A20000000000000000000000,,1,-58,"865,7",Speedwayr-15-32-c2,"0,6749515466696822",
2025-07-25T14:05:55.4703250+03:00,A70000000000000000000000,,1,"-63,5","865,7",Speedwayr-15-32-c2,"1,2701360923693108",
2025-07-25T14:05:55.4721360+03:00,A30000000000000000000000,,1,"-62,5","865,7",Speedwayr-15-32-c2,"4,325825821837508",
2025-07-25T14:05:55.4739430+03:00,A40000000000000000000000,,1,-63,"865,7",Speedwayr-15-32-c2,"4,246058820867455",
2025-07-25T14:05:55.4772340+03:00,A60000000000000000000000,,1,"-62,5","865,7",Speedwayr-15-32-c2,"0,5890486225480862",
2025-07-25T14:05:55.4805590+03:00,A80000000000000000000000,,1,"-71,5","865,7",Speedwayr-15-32-c2,"1,030835089459151",
2025-07-25T14:05:55.4948940+03:00,A40000000000000000000000,,1,"-66,5","865,7",Speedwayr-15-32-c2,"4,331961744989051",
2025-07-25T14:05:55.4981190+03:00,A20000000000000000000000,,1,"-58,5","865,7",Speedwayr-15-32-c2,"0,6933593161243098",
2025-07-25T14:05:55.4992340+03:00,A60000000000000000000000,,1,"-63,5","865,7",Speedwayr-15-32-c2,"0,4724660826687775",
2025-07-25T14:05:55.5005870+03:00,A30000000000000000000000,,1,"-62,5","865,7",Speedwayr-15-32-c2,"4,123340357836604",
2025-07-25T14:05:55.5080230+03:00,A70000000000000000000000,,1,-64,"865,7",Speedwayr-15-32-c2,"0,7731263170943632",
2025-07-25T14:05:55.5307550+03:00,A80000000000000000000000,,1,"-72,5","865,7",Speedwayr-15-32-c2,"4,335029706564822",
2025-07-25T14:05:55.5350360+03:00,A20000000000000000000000,,1,-58,"865,7",Speedwayr-15-32-c2,"0,8713010875190442",
2025-07-25T14:05:55.5377030+03:00,A70000000000000000000000,,1,-63,"865,7",Speedwayr-15-32-c2,"0,944932165337555",
2025-07-25T14:05:55.5396510+03:00,A80000000000000000000000,,1,"-68,5","865,7",Speedwayr-15-32-c2,"1,337631247036279",
2025-07-25T14:05:55.5410900+03:00,A30000000000000000000000,,1,-62,"865,7",Speedwayr-15-32-c2,"4,3503695144436785",
2025-07-25T14:05:55.5424570+03:00,A60000000000000000000000,,1,"-62,5","865,7",Speedwayr-15-32-c2,"0,5399612373357456",
2025-07-25T14:05:55.5436690+03:00,A40000000000000000000000,,1,-65,"865,7",Speedwayr-15-32-c2,"4,473087977474529",
2025-07-25T14:05:55.5569260+03:00,A20000000000000000000000,,1,"-58,5","865,7",Speedwayr-15-32-c2,"0,760854470791278",
2025-07-25T14:05:55.5591500+03:00,A60000000000000000000000,,1,"-61,5","865,7",Speedwayr-15-32-c2,"0,5951845456996288",
2025-07-25T14:05:55.5630100+03:00,A40000000000000000000000,,1,-66,"865,7",Speedwayr-15-32-c2,"4,184699589352029",
2025-07-25T14:05:55.5649990+03:00,A70000000000000000000000,,1,"-63,5","865,7",Speedwayr-15-32-c2,"1,227184630308513",
2025-07-25T14:05:55.5660520+03:00,A30000000000000000000000,,1,-62,"865,7",Speedwayr-15-32-c2,"4,23378697456437",
2025-07-25T14:05:55.5917690+03:00,A80000000000000000000000,,1,"-72,5","865,7",Speedwayr-15-32-c2,"4,347301552867907",
2025-07-25T14:05:55.5968790+03:00,A70000000000000000000000,,1,"-63,5","865,7",Speedwayr-15-32-c2,"1,1719613219446299",
2025-07-25T14:05:55.5980060+03:00,A60000000000000000000000,,1,"-62,5","865,7",Speedwayr-15-32-c2,"0,6258641614573416",
2025-07-25T14:05:55.6011950+03:00,A40000000000000000000000,,1,"-66,5","865,7",Speedwayr-15-32-c2,"4,620350133111551",
2025-07-25T14:05:55.6034910+03:00,A20000000000000000000000,,1,"-58,5","865,7",Speedwayr-15-32-c2,"0,7792622402459057",
2025-07-25T14:05:55.6047180+03:00,A30000000000000000000000,,1,"-62,5","865,7",Speedwayr-15-32-c2,"4,178563666200486",
2025-07-25T14:05:55.6312720+03:00,A80000000000000000000000,,1,"-72,5","865,7",Speedwayr-15-32-c2,"4,322757860261737",
2025-07-25T14:05:55.6364810+03:00,A70000000000000000000000,,1,"-63,5","865,7",Speedwayr-15-32-c2,"0,8713010875190442",
2025-07-25T14:05:55.6375210+03:00,A30000000000000000000000,,1,-62,"865,7",Speedwayr-15-32-c2,"4,3074180523828804",
2025-07-25T14:05:55.6413630+03:00,A40000000000000000000000,,1,-66,"865,7",Speedwayr-15-32-c2,"4,516039439535327",
2025-07-25T14:05:55.6429990+03:00,A20000000000000000000000,,1,-58,"865,7",Speedwayr-15-32-c2,"0,7792622402459057",
2025-07-25T14:05:55.6444050+03:00,A60000000000000000000000,,1,"-62,5","865,7",Speedwayr-15-32-c2,"0,5092816215780329",
2025-07-25T14:05:55.6772890+03:00,A60000000000000000000000,,1,-63,"865,7",Speedwayr-15-32-c2,"0,5645049299419159",
2025-07-25T14:05:55.6783440+03:00,A30000000000000000000000,,1,"-62,5","865,7",Speedwayr-15-32-c2,"4,368777283898306",
2025-07-25T14:05:55.6796270+03:00,A40000000000000000000000,,1,"-65,5","865,7",Speedwayr-15-32-c2,"4,215379205109742",
2025-07-25T14:05:55.6816480+03:00,A20000000000000000000000,,1,"-58,5","865,7",Speedwayr-15-32-c2,"0,7915340865489908",
2025-07-25T14:05:55.6834600+03:00,A70000000000000000000000,,1,"-64,5","865,7",Speedwayr-15-32-c2,"1,043106935762236",
2025-07-25T14:05:55.6896520+03:00,A80000000000000000000000,,1,"-73,5","865,7",Speedwayr-15-32-c2,"1,2762720155208536",
2025-07-25T14:05:55.7027600+03:00,A30000000000000000000000,,1,"-62,5","865,7",Speedwayr-15-32-c2,"4,3933209765044765",
2025-07-25T14:05:55.7058080+03:00,A20000000000000000000000,,1,"-56,5","865,7",Speedwayr-15-32-c2,"0,8099418560036186",
2025-07-25T14:05:55.7069240+03:00,A60000000000000000000000,,1,"-63,5","865,7",Speedwayr-15-32-c2,"0,4356505437595221",
2025-07-25T14:05:55.7084920+03:00,A40000000000000000000000,,1,-65,"865,7",Speedwayr-15-32-c2,"4,4976316700806995",
2025-07-25T14:05:55.7107480+03:00,A80000000000000000000000,,1,"-71,5","865,7",Speedwayr-15-32-c2,"0,9019807032767571",
2025-07-25T14:05:55.7118240+03:00,A70000000000000000000000,,1,-63,"865,7",Speedwayr-15-32-c2,"1,2455923997631406",
2025-07-25T14:05:55.7280220+03:00,A30000000000000000000000,,1,"-62,5","865,7",Speedwayr-15-32-c2,"4,356505437595221",
2025-07-25T14:05:55.7291210+03:00,A60000000000000000000000,,1,-63,"865,7",Speedwayr-15-32-c2,"0,5890486225480862",
2025-07-25T14:05:55.7313680+03:00,A70000000000000000000000,,1,"-63,5","865,7",Speedwayr-15-32-c2,"1,1167380135807468",
2025-07-25T14:05:55.7330800+03:00,A20000000000000000000000,,1,"-58,5","865,7",Speedwayr-15-32-c2,"0,8958447801252144",
2025-07-25T14:05:55.7353850+03:00,A40000000000000000000000,,1,-65,"865,7",Speedwayr-15-32-c2,"4,638757902566179",
2025-07-25T14:05:55.7414680+03:00,A80000000000000000000000,,1,"-72,5","865,7",Speedwayr-15-32-c2,"1,227184630308513",
2025-07-25T14:05:55.7543970+03:00,A40000000000000000000000,,1,-65,"865,7",Speedwayr-15-32-c2,"4,442408361716817",
2025-07-25T14:05:55.7555680+03:00,A30000000000000000000000,,1,-61,"865,7",Speedwayr-15-32-c2,"4,356505437595221",
2025-07-25T14:05:55.7569600+03:00,A20000000000000000000000,,1,"-57,5","865,7",Speedwayr-15-32-c2,"0,8958447801252144",
2025-07-25T14:05:55.7607660+03:00,A70000000000000000000000,,1,-64,"865,7",Speedwayr-15-32-c2,"1,2026409377023426",
2025-07-25T14:05:55.7620480+03:00,A60000000000000000000000,,1,"-61,5","865,7",Speedwayr-15-32-c2,"0,6135923151542565",
2025-07-25T14:05:55.7833720+03:00,A70000000000000000000000,,1,"-62,5","865,7",Speedwayr-15-32-c2,"1,1167380135807468",
2025-07-25T14:05:55.7853100+03:00,A60000000000000000000000,,1,-62,"865,7",Speedwayr-15-32-c2,"0,5583690067903734",
2025-07-25T14:05:55.7867050+03:00,A20000000000000000000000,,1,"-57,5","865,7",Speedwayr-15-32-c2,"0,9081166264282996",
2025-07-25T14:05:55.7901190+03:00,A30000000000000000000000,,1,"-62,5","865,7",Speedwayr-15-32-c2,"4,430136515413731",
2025-07-25T14:05:55.7915110+03:00,A40000000000000000000000,,1,"-65,5","865,7",Speedwayr-15-32-c2,"4,448544284868359",
2025-07-25T14:05:55.8177630+03:00,A60000000000000000000000,,1,-62,"865,7",Speedwayr-15-32-c2,"0,5399612373357456",
2025-07-25T14:05:55.8199950+03:00,A70000000000000000000000,,1,-64,"865,7",Speedwayr-15-32-c2,"1,2333205534600555",
2025-07-25T14:05:55.8240070+03:00,A40000000000000000000000,,1,-63,"865,7",Speedwayr-15-32-c2,"4,387185053352934",
2025-07-25T14:05:55.8250620+03:00,A30000000000000000000000,,1,"-62,5","865,7",Speedwayr-15-32-c2,"4,448544284868359",
2025-07-25T14:05:55.8268980+03:00,A20000000000000000000000,,1,"-56,5","865,7",Speedwayr-15-32-c2,"1,282407938672396",
2025-07-25T14:05:55.8517760+03:00,A80000000000000000000000,,1,"-73,5","865,7",Speedwayr-15-32-c2,"4,331961744989051",
2025-07-25T14:05:55.8555640+03:00,A60000000000000000000000,,1,"-61,5","865,7",Speedwayr-15-32-c2,"0,5706408530934585",
2025-07-25T14:05:55.8575280+03:00,A40000000000000000000000,,1,"-65,5","865,7",Speedwayr-15-32-c2,"4,387185053352934",
2025-07-25T14:05:55.8588390+03:00,A30000000000000000000000,,1,-62,"865,7",Speedwayr-15-32-c2,"4,3933209765044765",
2025-07-25T14:05:55.8618030+03:00,A20000000000000000000000,,1,-57,"865,7",Speedwayr-15-32-c2,"1,3989904785517047",
2025-07-25T14:05:55.8653120+03:00,A70000000000000000000000,,1,"-63,5","865,7",Speedwayr-15-32-c2,"1,1167380135807468",
2025-07-25T14:05:55.8695170+03:00,A80000000000000000000000,,1,"-71,5","865,7",Speedwayr-15-32-c2,"1,4173982480063325",
2025-07-25T14:05:55.8813590+03:00,A60000000000000000000000,,1,-61,"865,7",Speedwayr-15-32-c2,"0,4356505437595221",
2025-07-25T14:05:55.8842970+03:00,A40000000000000000000000,,1,-66,"865,7",Speedwayr-15-32-c2,"4,491495746929157",
2025-07-25T14:05:55.8859050+03:00,A30000000000000000000000,,1,"-62,5","865,7",Speedwayr-15-32-c2,"4,344233591292136",
2025-07-25T14:05:55.8878020+03:00,A70000000000000000000000,,1,"-62,5","865,7",Speedwayr-15-32-c2,"1,1903690913992575",
2025-07-25T14:05:55.8891930+03:00,A20000000000000000000000,,1,-58,"865,7",Speedwayr-15-32-c2,"1,5462526341887264",
2025-07-25T14:05:55.9226630+03:00,A60000000000000000000000,,1,"-60,5","865,7",Speedwayr-15-32-c2,"0,5031456984264903",
2025-07-25T14:05:55.9239760+03:00,A70000000000000000000000,,1,-63,"865,7",Speedwayr-15-32-c2,"1,0799224746714913",
2025-07-25T14:05:55.9250280+03:00,A40000000000000000000000,,1,-65,"865,7",Speedwayr-15-32-c2,"4,546719055293041",
2025-07-25T14:05:55.9290710+03:00,A20000000000000000000000,,1,"-56,5","865,7",Speedwayr-15-32-c2,"1,932815792735908",
2025-07-25T14:05:55.9301260+03:00,A30000000000000000000000,,1,-62,"865,7",Speedwayr-15-32-c2,"4,246058820867455",
2025-07-25T14:05:55.9478390+03:00,A30000000000000000000000,,1,"-61,5","865,7",Speedwayr-15-32-c2,"4,301282129231338",
2025-07-25T14:05:55.9514230+03:00,A40000000000000000000000,,1,-65,"865,7",Speedwayr-15-32-c2,"4,313553975534423",
2025-07-25T14:05:55.9525480+03:00,A70000000000000000000000,,1,"-63,5","865,7",Speedwayr-15-32-c2,"1,1228739367322893",
2025-07-25T14:05:55.9541180+03:00,A20000000000000000000000,,1,-58,"865,7",Speedwayr-15-32-c2,"2,1905245651006955",
2025-07-25T14:05:55.9557420+03:00,A60000000000000000000000,,1,"-59,5","865,7",Speedwayr-15-32-c2,"0,2945243112740431",
2025-07-25T14:05:55.9750080+03:00,A40000000000000000000000,,1,"-64,5","865,7",Speedwayr-15-32-c2,"4,264466590322082",
2025-07-25T14:05:55.9764110+03:00,A20000000000000000000000,,1,"-57,5","865,7",Speedwayr-15-32-c2,"2,337786720737717",
2025-07-25T14:05:55.9815910+03:00,A30000000000000000000000,,1,-61,"865,7",Speedwayr-15-32-c2,"4,227651051412827",
2025-07-25T14:05:55.9829290+03:00,A60000000000000000000000,,1,"-57,5","865,7",Speedwayr-15-32-c2,"0,1595340019401067",
2025-07-25T14:05:55.9976900+03:00,A70000000000000000000000,,1,-65,"865,7",Speedwayr-15-32-c2,"1,0185632431560658",
2025-07-25T14:05:55.9995980+03:00,A40000000000000000000000,,1,-66,"865,7",Speedwayr-15-32-c2,"4,252194744018997",
2025-07-25T14:05:56.0035430+03:00,A20000000000000000000000,,1,"-55,5","865,7",Speedwayr-15-32-c2,"2,6568547246179306",
2025-07-25T14:05:56.0049280+03:00,A60000000000000000000000,,1,-59,"865,7",Speedwayr-15-32-c2,"0,14726215563702155",
2025-07-25T14:05:56.0063700+03:00,A30000000000000000000000,,1,-61,"865,7",Speedwayr-15-32-c2,"4,172427743048944",
2025-07-25T14:05:56.0202530+03:00,A70000000000000000000000,,1,"-64,5","865,7",Speedwayr-15-32-c2,"0,9203884727313847",
2025-07-25T14:05:56.0216680+03:00,A60000000000000000000000,,1,-59,"865,7",Speedwayr-15-32-c2,"0,01227184630308513",
2025-07-25T14:05:56.0245610+03:00,A40000000000000000000000,,1,-66,"865,7",Speedwayr-15-32-c2,"4,313553975534423",
2025-07-25T14:05:56.0260030+03:00,A20000000000000000000000,,1,"-56,5","865,7",Speedwayr-15-32-c2,"2,6691265709210157",
2025-07-25T14:05:56.0272980+03:00,A30000000000000000000000,,1,-60,"865,7",Speedwayr-15-32-c2,"4,104932588381976",
2025-07-25T14:05:56.0404730+03:00,A60000000000000000000000,,1,"-59,5","865,7",Speedwayr-15-32-c2,"0,06135923151542565",
2025-07-25T14:05:56.0435470+03:00,A20000000000000000000000,,1,-56,"865,7",Speedwayr-15-32-c2,"2,804116880254952",
2025-07-25T14:05:56.0491720+03:00,A30000000000000000000000,,1,-61,"865,7",Speedwayr-15-32-c2,"4,080388895775806",
2025-07-25T14:05:56.0524170+03:00,A70000000000000000000000,,1,-65,"865,7",Speedwayr-15-32-c2,"0,9878836273983529",
2025-07-25T14:05:56.0547060+03:00,A40000000000000000000000,,1,"-62,5","865,7",Speedwayr-15-32-c2,"4,331961744989051",
2025-07-25T14:05:56.0695020+03:00,A30000000000000000000000,,1,"-61,5","865,7",Speedwayr-15-32-c2,"4,025165587411922",
2025-07-25T14:05:56.0707150+03:00,A40000000000000000000000,,1,-66,"865,7",Speedwayr-15-32-c2,"4,430136515413731",
2025-07-25T14:05:56.0718810+03:00,A60000000000000000000000,,1,"-59,5","865,7",Speedwayr-15-32-c2,"6,12365130523948",
2025-07-25T14:05:56.0752300+03:00,A20000000000000000000000,,1,-56,"865,7",Speedwayr-15-32-c2,"2,9575149590435164",
2025-07-25T14:05:56.0779470+03:00,A70000000000000000000000,,1,"-65,5","865,7",Speedwayr-15-32-c2,"0,8958447801252144",
2025-07-25T14:05:56.0904860+03:00,A20000000000000000000000,,1,-56,"865,7",Speedwayr-15-32-c2,"2,9022916506796332",
2025-07-25T14:05:56.0963810+03:00,A70000000000000000000000,,1,-65,"865,7",Speedwayr-15-32-c2,"0,8897088569736719",
2025-07-25T14:05:56.0995270+03:00,A60000000000000000000000,,1,"-59,5","865,7",Speedwayr-15-32-c2,"6,12365130523948",
2025-07-25T14:05:56.1023060+03:00,A30000000000000000000000,,1,"-61,5","865,7",Speedwayr-15-32-c2,"4,006757817957295",
2025-07-25T14:05:56.1035490+03:00,A40000000000000000000000,,1,"-65,5","865,7",Speedwayr-15-32-c2,"4,620350133111551",
2025-07-25T14:05:56.1171460+03:00,A60000000000000000000000,,1,"-60,5","865,7",Speedwayr-15-32-c2,"6,105243535784852",
2025-07-25T14:05:56.1201410+03:00,A30000000000000000000000,,1,"-60,5","865,7",Speedwayr-15-32-c2,"4,147884050442774",
2025-07-25T14:05:56.1217800+03:00,A40000000000000000000000,,1,-67,"865,7",Speedwayr-15-32-c2,"4,338097668140593",
2025-07-25T14:05:56.1229490+03:00,A70000000000000000000000,,1,"-62,5","865,7",Speedwayr-15-32-c2,"0,7547185476397354",
2025-07-25T14:05:56.1240850+03:00,A20000000000000000000000,,1,"-57,5","865,7",Speedwayr-15-32-c2,"3,055689729468197",
2025-07-25T14:05:56.1391610+03:00,A30000000000000000000000,,1,"-61,5","865,7",Speedwayr-15-32-c2,"3,9944859716542096",
2025-07-25T14:05:56.1408520+03:00,A20000000000000000000000,,1,-56,"865,7",Speedwayr-15-32-c2,"3,018874190558942",
2025-07-25T14:05:56.1423070+03:00,A40000000000000000000000,,1,-67,"865,7",Speedwayr-15-32-c2,"4,534447208989955",
2025-07-25T14:05:56.1449020+03:00,A60000000000000000000000,,1,-60,"865,7",Speedwayr-15-32-c2,"6,086835766330224",
2025-07-25T14:05:56.1465210+03:00,A70000000000000000000000,,1,"-65,5","865,7",Speedwayr-15-32-c2,"0,9694758579437253",
2025-07-25T14:05:56.1621080+03:00,A20000000000000000000000,,1,"-56,5","865,7",Speedwayr-15-32-c2,"3,1231848841351653",
2025-07-25T14:05:56.1638860+03:00,A60000000000000000000000,,1,-58,"865,7",Speedwayr-15-32-c2,"6,111379458936394",
2025-07-25T14:05:56.1658460+03:00,A40000000000000000000000,,1,-65,"865,7",Speedwayr-15-32-c2,"4,442408361716817",
2025-07-25T14:05:56.1671290+03:00,A30000000000000000000000,,1,-61,"865,7",Speedwayr-15-32-c2,"4,006757817957295",
2025-07-25T14:05:56.1718670+03:00,A70000000000000000000000,,1,-67,"865,7",Speedwayr-15-32-c2,"0,8835729338221293",
2025-07-25T14:05:56.1851020+03:00,A30000000000000000000000,,1,"-61,5","865,7",Speedwayr-15-32-c2,"4,104932588381976",
2025-07-25T14:05:56.1864840+03:00,A60000000000000000000000,,1,-60,"865,7",Speedwayr-15-32-c2,"6,074563920027139",
2025-07-25T14:05:56.1878230+03:00,A40000000000000000000000,,1,-67,"865,7",Speedwayr-15-32-c2,"5,148039524144211",
2025-07-25T14:05:56.1907130+03:00,A20000000000000000000000,,1,-57,"865,7",Speedwayr-15-32-c2,"3,104777114680538",
2025-07-25T14:05:56.1937770+03:00,A70000000000000000000000,,1,-66,"865,7",Speedwayr-15-32-c2,"0,8283496254582462",
2025-07-25T14:05:56.2086790+03:00,A30000000000000000000000,,1,-61,"865,7",Speedwayr-15-32-c2,"4,000621894805752",
2025-07-25T14:05:56.2106190+03:00,A20000000000000000000000,,1,-58,"865,7",Speedwayr-15-32-c2,"3,0802334220743677",
2025-07-25T14:05:56.2119700+03:00,A70000000000000000000000,,1,"-65,5","865,7",Speedwayr-15-32-c2,"0,9081166264282996",
2025-07-25T14:05:56.2154900+03:00,A40000000000000000000000,,1,"-67,5","865,7",Speedwayr-15-32-c2,"5,00077736850719",
2025-07-25T14:05:56.2165580+03:00,A60000000000000000000000,,1,"-60,5","865,7",Speedwayr-15-32-c2,"6,227961998815704",
2025-07-25T14:05:56.2296350+03:00,A70000000000000000000000,,1,-67,"865,7",Speedwayr-15-32-c2,"0,9756117810952678",
2025-07-25T14:05:56.2324500+03:00,A20000000000000000000000,,1,"-56,5","865,7",Speedwayr-15-32-c2,"3,153864499892878",
2025-07-25T14:05:56.2348990+03:00,A30000000000000000000000,,1,"-61,5","865,7",Speedwayr-15-32-c2,"4,0558452031696355",
2025-07-25T14:05:56.2364100+03:00,A60000000000000000000000,,1,-60,"865,7",Speedwayr-15-32-c2,"6,264777537724958",
2025-07-25T14:05:56.2383200+03:00,A40000000000000000000000,,1,"-67,5","865,7",Speedwayr-15-32-c2,"4,651029748869264",
2025-07-25T14:05:56.2528830+03:00,A20000000000000000000000,,1,-56,"865,7",Speedwayr-15-32-c2,"3,117048960983623",
2025-07-25T14:05:56.2550790+03:00,A60000000000000000000000,,1,-59,"865,7",Speedwayr-15-32-c2,"0,03681553890925539",
2025-07-25T14:05:56.2561620+03:00,A30000000000000000000000,,1,"-61,5","865,7",Speedwayr-15-32-c2,"4,06811704947272",
2025-07-25T14:05:56.2582710+03:00,A40000000000000000000000,,1,-65,"865,7",Speedwayr-15-32-c2,"4,7307967498393175",
2025-07-25T14:05:56.2599380+03:00,A70000000000000000000000,,1,"-66,5","865,7",Speedwayr-15-32-c2,"1,030835089459151",
2025-07-25T14:05:56.2733590+03:00,A20000000000000000000000,,1,"-56,5","865,7",Speedwayr-15-32-c2,"3,0925052683774528",
2025-07-25T14:05:56.2769940+03:00,A70000000000000000000000,,1,-66,"865,7",Speedwayr-15-32-c2,"1,227184630308513",
2025-07-25T14:05:56.2786880+03:00,A30000000000000000000000,,1,-61,"865,7",Speedwayr-15-32-c2,"4,154019973594316",
2025-07-25T14:05:56.2806410+03:00,A60000000000000000000000,,1,-60,"865,7",Speedwayr-15-32-c2,"0,09203884727313846",
2025-07-25T14:05:56.2817260+03:00,A40000000000000000000000,,1,-67,"865,7",Speedwayr-15-32-c2,"4,76147636559703",
2025-07-25T14:05:56.2967280+03:00,A20000000000000000000000,,1,"-56,5","865,7",Speedwayr-15-32-c2,"3,055689729468197",
2025-07-25T14:05:56.2996600+03:00,A30000000000000000000000,,1,-60,"865,7",Speedwayr-15-32-c2,"4,1172044346850605",
2025-07-25T14:05:56.3013860+03:00,A60000000000000000000000,,1,-60,"865,7",Speedwayr-15-32-c2,"0,21475731030398976",
2025-07-25T14:05:56.3024400+03:00,A40000000000000000000000,,1,"-65,5","865,7",Speedwayr-15-32-c2,"4,700117134081604",
2025-07-25T14:05:56.3038130+03:00,A70000000000000000000000,,1,-66,"865,7",Speedwayr-15-32-c2,"1,4971652489763858",
2025-07-25T14:05:56.3199460+03:00,A60000000000000000000000,,1,"-59,5","865,7",Speedwayr-15-32-c2,"0,44178646691106466",
2025-07-25T14:05:56.3210130+03:00,A30000000000000000000000,,1,-61,"865,7",Speedwayr-15-32-c2,"4,104932588381976",
2025-07-25T14:05:56.3234400+03:00,A20000000000000000000000,,1,-57,"865,7",Speedwayr-15-32-c2,"3,055689729468197",
2025-07-25T14:05:56.3356370+03:00,A40000000000000000000000,,1,-66,"865,7",Speedwayr-15-32-c2,"1,5186409800067848",
2025-07-25T14:05:56.3396890+03:00,A70000000000000000000000,,1,"-65,5","865,7",Speedwayr-15-32-c2,"4,289010282928253",
2025-07-25T14:05:56.3455570+03:00,A60000000000000000000000,,1,"-59,5","865,7",Speedwayr-15-32-c2,"0,46019423636569234",
2025-07-25T14:05:56.3473260+03:00,A20000000000000000000000,,1,"-55,5","865,7",Speedwayr-15-32-c2,"2,9759227284981438",
2025-07-25T14:05:56.3499940+03:00,A30000000000000000000000,,1,"-60,5","865,7",Speedwayr-15-32-c2,"4,166291819897402",
2025-07-25T14:05:56.3533890+03:00,A40000000000000000000000,,1,"-66,5","865,7",Speedwayr-15-32-c2,"4,914874444385594",
2025-07-25T14:05:56.3544280+03:00,A70000000000000000000000,,1,-63,"865,7",Speedwayr-15-32-c2,"1,325359400733194",
2025-07-25T14:05:56.3712960+03:00,A20000000000000000000000,,1,-56,"865,7",Speedwayr-15-32-c2,"2,9022916506796332",
2025-07-25T14:05:56.3730210+03:00,A70000000000000000000000,,1,-65,"865,7",Speedwayr-15-32-c2,"1,2885438618239387",
2025-07-25T14:05:56.3741160+03:00,A60000000000000000000000,,1,-60,"865,7",Speedwayr-15-32-c2,"0,7363107781851077",
2025-07-25T14:05:56.3765960+03:00,A40000000000000000000000,,1,-64,"865,7",Speedwayr-15-32-c2,"4,6878452877785195",
2025-07-25T14:05:56.3778920+03:00,A30000000000000000000000,,1,-61,"865,7",Speedwayr-15-32-c2,"4,178563666200486",
2025-07-25T14:05:56.3923690+03:00,A60000000000000000000000,,1,-60,"865,7",Speedwayr-15-32-c2,"0,9203884727313847",
2025-07-25T14:05:56.3950750+03:00,A30000000000000000000000,,1,-61,"865,7",Speedwayr-15-32-c2,"4,166291819897402",
2025-07-25T14:05:56.3965920+03:00,A40000000000000000000000,,1,-66,"865,7",Speedwayr-15-32-c2,"4,657165672020807",
2025-07-25T14:05:56.3982750+03:00,A70000000000000000000000,,1,-66,"865,7",Speedwayr-15-32-c2,"1,3314953238847365",
2025-07-25T14:05:56.3996170+03:00,A20000000000000000000000,,1,-57,"865,7",Speedwayr-15-32-c2,"2,6813984172241008",
2025-07-25T14:05:56.4119210+03:00,A20000000000000000000000,,1,-57,"865,7",Speedwayr-15-32-c2,"2,5954954931025047",
2025-07-25T14:05:56.4130190+03:00,A70000000000000000000000,,1,"-63,5","865,7",Speedwayr-15-32-c2,"1,184233168247715",
2025-07-25T14:05:56.4162250+03:00,A30000000000000000000000,,1,-60,"865,7",Speedwayr-15-32-c2,"4,196971435655114",
2025-07-25T14:05:56.4193090+03:00,A40000000000000000000000,,1,-65,"865,7",Speedwayr-15-32-c2,"4,6878452877785195",
2025-07-25T14:05:56.4214190+03:00,A60000000000000000000000,,1,-60,"865,7",Speedwayr-15-32-c2,"1,055378782065321",
2025-07-25T14:05:56.4378470+03:00,A30000000000000000000000,,1,-62,"865,7",Speedwayr-15-32-c2,"4,270602513473625",
2025-07-25T14:05:56.4398090+03:00,A60000000000000000000000,,1,-61,"865,7",Speedwayr-15-32-c2,"1,1719613219446299",
2025-07-25T14:05:56.4409160+03:00,A20000000000000000000000,,1,"-56,5","865,7",Speedwayr-15-32-c2,"2,2948352586769194",
2025-07-25T14:05:56.4422420+03:00,A40000000000000000000000,,1,"-65,5","865,7",Speedwayr-15-32-c2,"4,859651136021712",
2025-07-25T14:05:56.4437930+03:00,A70000000000000000000000,,1,-65,"865,7",Speedwayr-15-32-c2,"1,5585244804918115",
2025-07-25T14:05:56.4597400+03:00,A30000000000000000000000,,1,"-62,5","865,7",Speedwayr-15-32-c2,"4,252194744018997",
2025-07-25T14:05:56.4624440+03:00,A40000000000000000000000,,1,"-65,5","865,7",Speedwayr-15-32-c2,"4,871922982324796",
2025-07-25T14:05:56.4635380+03:00,A20000000000000000000000,,1,"-57,5","865,7",Speedwayr-15-32-c2,"2,0493983326152168",
2025-07-25T14:05:56.4673850+03:00,A60000000000000000000000,,1,-61,"865,7",Speedwayr-15-32-c2,"1,4480778637640452",
2025-07-25T14:05:56.4702190+03:00,A70000000000000000000000,,1,"-64,5","865,7",Speedwayr-15-32-c2,"1,4971652489763858",
2025-07-25T14:05:56.4872110+03:00,A60000000000000000000000,,1,"-61,5","865,7",Speedwayr-15-32-c2,"1,4419419406125027",
2025-07-25T14:05:56.4893960+03:00,A30000000000000000000000,,1,"-62,5","865,7",Speedwayr-15-32-c2,"4,417864669110647",
2025-07-25T14:05:56.4905230+03:00,A40000000000000000000000,,1,"-65,5","865,7",Speedwayr-15-32-c2,"4,871922982324796",
2025-07-25T14:05:56.4918490+03:00,A70000000000000000000000,,1,-65,"865,7",Speedwayr-15-32-c2,"1,4296700943094176",
2025-07-25T14:05:56.4932720+03:00,A20000000000000000000000,,1,"-56,5","865,7",Speedwayr-15-32-c2,"1,7732817907958012",
2025-07-25T14:05:56.5085680+03:00,A20000000000000000000000,,1,-58,"865,7",Speedwayr-15-32-c2,"1,5830681730979816",
2025-07-25T14:05:56.5107770+03:00,A70000000000000000000000,,1,"-64,5","865,7",Speedwayr-15-32-c2,"1,6198837120072371",
2025-07-25T14:05:56.5120850+03:00,A40000000000000000000000,,1,"-65,5","865,7",Speedwayr-15-32-c2,"4,865787059173254",
2025-07-25T14:05:56.5131990+03:00,A60000000000000000000000,,1,-63,"865,7",Speedwayr-15-32-c2,"1,533980787885641",
2025-07-25T14:05:56.5142920+03:00,A30000000000000000000000,,1,-62,"865,7",Speedwayr-15-32-c2,"4,528311285838413",
2025-07-25T14:05:56.5333010+03:00,A60000000000000000000000,,1,-63,"865,7",Speedwayr-15-32-c2,"1,7241944055834606",
2025-07-25T14:05:56.5343950+03:00,A20000000000000000000000,,1,-58,"865,7",Speedwayr-15-32-c2,"1,4910293258248433",
2025-07-25T14:05:56.5365460+03:00,A40000000000000000000000,,1,"-65,5","865,7",Speedwayr-15-32-c2,"4,743068596142402",
2025-07-25T14:05:56.5376010+03:00,A30000000000000000000000,,1,"-63,5","865,7",Speedwayr-15-32-c2,"4,6448938257177215",
2025-07-25T14:05:56.5388850+03:00,A70000000000000000000000,,1,"-65,5","865,7",Speedwayr-15-32-c2,"1,5953400194010667",
2025-07-25T14:05:56.5597800+03:00,A70000000000000000000000,,1,-65,"865,7",Speedwayr-15-32-c2,"1,6812429435226628",
2025-07-25T14:05:56.5610320+03:00,A20000000000000000000000,,1,"-59,5","865,7",Speedwayr-15-32-c2,"1,5707963267948966",
2025-07-25T14:05:56.5648280+03:00,A30000000000000000000000,,1,"-63,5","865,7",Speedwayr-15-32-c2,"5,283029833478148",
2025-07-25T14:05:56.5660680+03:00,A60000000000000000000000,,1,-64,"865,7",Speedwayr-15-32-c2,"1,7732817907958012",
2025-07-25T14:05:56.5682770+03:00,A40000000000000000000000,,1,"-64,5","865,7",Speedwayr-15-32-c2,"4,620350133111551",
2025-07-25T14:05:56.5823310+03:00,A60000000000000000000000,,1,"-64,5","865,7",Speedwayr-15-32-c2,"2,1598449493429825",
2025-07-25T14:05:56.5833700+03:00,A30000000000000000000000,,1,-64,"865,7",Speedwayr-15-32-c2,"4,841243366567084",
2025-07-25T14:05:56.5854090+03:00,A20000000000000000000000,,1,-59,"865,7",Speedwayr-15-32-c2,"1,4910293258248433",
2025-07-25T14:05:56.5874940+03:00,A40000000000000000000000,,1,"-65,5","865,7",Speedwayr-15-32-c2,"4,92714629068868",
2025-07-25T14:05:56.5927260+03:00,A70000000000000000000000,,1,"-63,5","865,7",Speedwayr-15-32-c2,"1,8714565612204823",
2025-07-25T14:05:56.6022820+03:00,A80000000000000000000000,,1,-71,"865,7",Speedwayr-15-32-c2,"2,1782527187976104",
2025-07-25T14:05:56.6169110+03:00,A20000000000000000000000,,1,"-58,5","865,7",Speedwayr-15-32-c2,"1,6689710972195777",
2025-07-25T14:05:56.6208390+03:00,A80000000000000000000000,,1,"-71,5","865,7",Speedwayr-15-32-c2,"2,116893487282185",
2025-07-25T14:05:56.6223430+03:00,A70000000000000000000000,,1,"-64,5","865,7",Speedwayr-15-32-c2,"2,000310947402876",
2025-07-25T14:05:56.6239120+03:00,A40000000000000000000000,,1,"-64,5","865,7",Speedwayr-15-32-c2,"5,283029833478148",
2025-07-25T14:05:56.6255080+03:00,A60000000000000000000000,,1,-65,"865,7",Speedwayr-15-32-c2,"1,8162332528565992",
2025-07-25T14:05:56.6265900+03:00,A30000000000000000000000,,1,"-63,5","865,7",Speedwayr-15-32-c2,"4,970097752749477",
2025-07-25T14:05:56.6429800+03:00,A30000000000000000000000,,1,"-64,5","865,7",Speedwayr-15-32-c2,"4,963961829597935",
2025-07-25T14:05:56.6449420+03:00,A20000000000000000000000,,1,"-58,5","865,7",Speedwayr-15-32-c2,"1,3560390164909069",
2025-07-25T14:05:56.6469780+03:00,A70000000000000000000000,,1,-64,"865,7",Speedwayr-15-32-c2,"2,3623304133438876",
2025-07-25T14:05:56.6495210+03:00,A40000000000000000000000,,1,-65,"865,7",Speedwayr-15-32-c2,"5,013049214810275",
2025-07-25T14:05:56.6512980+03:00,A60000000000000000000000,,1,-66,"865,7",Speedwayr-15-32-c2,"1,9696313316451632",
2025-07-25T14:05:56.6565230+03:00,A80000000000000000000000,,1,"-69,5","865,7",Speedwayr-15-32-c2,"2,067806102069844",
2025-07-25T14:05:56.6724600+03:00,A20000000000000000000000,,1,-58,"865,7",Speedwayr-15-32-c2,"1,3744467859455345",
2025-07-25T14:05:56.6739680+03:00,A70000000000000000000000,,1,"-64,5","865,7",Speedwayr-15-32-c2,"2,0800779483729293",
2025-07-25T14:05:56.6759580+03:00,A40000000000000000000000,,1,"-64,5","865,7",Speedwayr-15-32-c2,"4,841243366567084",
2025-07-25T14:05:56.6773340+03:00,A60000000000000000000000,,1,-68,"865,7",Speedwayr-15-32-c2,"1,8407769454627694",
2025-07-25T14:05:56.6788190+03:00,A30000000000000000000000,,1,-65,"865,7",Speedwayr-15-32-c2,"5,2768939103266055",
2025-07-25T14:05:56.6809770+03:00,A80000000000000000000000,,1,-70,"865,7",Speedwayr-15-32-c2,"2,2886993355253766",
2025-07-25T14:05:56.6950610+03:00,A40000000000000000000000,,1,-65,"865,7",Speedwayr-15-32-c2,"4,859651136021712",
2025-07-25T14:05:56.6971090+03:00,A30000000000000000000000,,1,-64,"865,7",Speedwayr-15-32-c2,"5,117359908386499",
2025-07-25T14:05:56.6984510+03:00,A70000000000000000000000,,1,-64,"865,7",Speedwayr-15-32-c2,"2,1230294104337273",
2025-07-25T14:05:56.7039310+03:00,A20000000000000000000000,,1,-59,"865,7",Speedwayr-15-32-c2,"1,533980787885641",
2025-07-25T14:05:56.7092580+03:00,A80000000000000000000000,,1,-68,"865,7",Speedwayr-15-32-c2,"2,1659808724945253",
2025-07-25T14:05:56.7106150+03:00,A60000000000000000000000,,1,"-65,5","865,7",Speedwayr-15-32-c2,"2,36846633649543",
2025-07-25T14:05:56.7269360+03:00,A20000000000000000000000,,1,"-59,5","865,7",Speedwayr-15-32-c2,"1,3560390164909069",
2025-07-25T14:05:56.7280470+03:00,A40000000000000000000000,,1,-66,"865,7",Speedwayr-15-32-c2,"4,95168998329485",
2025-07-25T14:05:56.7315760+03:00,A70000000000000000000000,,1,-65,"865,7",Speedwayr-15-32-c2,"2,2212041808584084",
2025-07-25T14:05:56.7327870+03:00,A30000000000000000000000,,1,-64,"865,7",Speedwayr-15-32-c2,"5,080544369477243",
2025-07-25T14:05:56.7339030+03:00,A60000000000000000000000,,1,"-64,5","865,7",Speedwayr-15-32-c2,"2,6261751088602177",
2025-07-25T14:05:56.7370690+03:00,A80000000000000000000000,,1,-69,"865,7",Speedwayr-15-32-c2,"2,067806102069844",
2025-07-25T14:05:56.7505340+03:00,A40000000000000000000000,,1,-65,"865,7",Speedwayr-15-32-c2,"4,9823695990525625",
2025-07-25T14:05:56.7538860+03:00,A70000000000000000000000,,1,"-64,5","865,7",Speedwayr-15-32-c2,"2,3439226438892597",
2025-07-25T14:05:56.7558540+03:00,A30000000000000000000000,,1,"-63,5","865,7",Speedwayr-15-32-c2,"5,240078371417351",
2025-07-25T14:05:56.7569960+03:00,A60000000000000000000000,,1,-65,"865,7",Speedwayr-15-32-c2,"2,043262409463674",
2025-07-25T14:05:56.7581330+03:00,A20000000000000000000000,,1,-58,"865,7",Speedwayr-15-32-c2,"1,3621749396424494",
2025-07-25T14:05:56.7720800+03:00,A20000000000000000000000,,1,-59,"865,7",Speedwayr-15-32-c2,"1,4664856332186729",
2025-07-25T14:05:56.7739420+03:00,A60000000000000000000000,,1,-65,"865,7",Speedwayr-15-32-c2,"2,442097414313941",
2025-07-25T14:05:56.7785280+03:00,A40000000000000000000000,,1,"-65,5","865,7",Speedwayr-15-32-c2,"4,847379289718626",
2025-07-25T14:05:56.7811370+03:00,A80000000000000000000000,,1,-71,"865,7",Speedwayr-15-32-c2,"1,761009944492716",
2025-07-25T14:05:56.7829220+03:00,A70000000000000000000000,,1,-66,"865,7",Speedwayr-15-32-c2,"2,3193789512830896",
2025-07-25T14:05:56.7849070+03:00,A30000000000000000000000,,1,"-63,5","865,7",Speedwayr-15-32-c2,"5,166447293598839",
2025-07-25T14:05:56.8007590+03:00,A60000000000000000000000,,1,-66,"865,7",Speedwayr-15-32-c2,"2,429825568010856",
2025-07-25T14:05:56.8023890+03:00,A20000000000000000000000,,1,-58,"865,7",Speedwayr-15-32-c2,"1,5830681730979816",
2025-07-25T14:05:56.8050250+03:00,A30000000000000000000000,,1,"-63,5","865,7",Speedwayr-15-32-c2,"5,21553467881118",
2025-07-25T14:05:56.8073710+03:00,A70000000000000000000000,,1,-64,"865,7",Speedwayr-15-32-c2,"2,1659808724945253",
2025-07-25T14:05:56.8084530+03:00,A40000000000000000000000,,1,-65,"865,7",Speedwayr-15-32-c2,"5,043728830567988",
2025-07-25T14:05:56.8213790+03:00,A40000000000000000000000,,1,-66,"865,7",Speedwayr-15-32-c2,"4,988505522204105",
2025-07-25T14:05:56.8250240+03:00,A20000000000000000000000,,1,"-57,5","865,7",Speedwayr-15-32-c2,"1,4603497100671303",
2025-07-25T14:05:56.8261500+03:00,A60000000000000000000000,,1,"-66,5","865,7",Speedwayr-15-32-c2,"2,1659808724945253",
2025-07-25T14:05:56.8272620+03:00,A70000000000000000000000,,1,-64,"865,7",Speedwayr-15-32-c2,"2,2027964114037806",
2025-07-25T14:05:56.8286040+03:00,A30000000000000000000000,,1,-64,"865,7",Speedwayr-15-32-c2,"5,240078371417351",
2025-07-25T14:05:56.8323900+03:00,A80000000000000000000000,,1,"-68,5","865,7",Speedwayr-15-32-c2,"2,313243028131547",
2025-07-25T14:05:56.8457350+03:00,A30000000000000000000000,,1,-62,"865,7",Speedwayr-15-32-c2,"5,074408446325701",
2025-07-25T14:05:56.8470290+03:00,A40000000000000000000000,,1,"-64,5","865,7",Speedwayr-15-32-c2,"5,0253210611133605",
2025-07-25T14:05:56.8508290+03:00,A60000000000000000000000,,1,-66,"865,7",Speedwayr-15-32-c2,"2,030990563160589",
2025-07-25T14:05:56.8530840+03:00,A20000000000000000000000,,1,-58,"865,7",Speedwayr-15-32-c2,"1,5830681730979816",
2025-07-25T14:05:56.8541990+03:00,A70000000000000000000000,,1,-65,"865,7",Speedwayr-15-32-c2,"2,2641556429192065",
2025-07-25T14:05:56.8556840+03:00,A80000000000000000000000,,1,"-70,5","865,7",Speedwayr-15-32-c2,"2,1046216409791",
2025-07-25T14:05:56.8692330+03:00,A40000000000000000000000,,1,-66,"865,7",Speedwayr-15-32-c2,"4,921010367537137",
2025-07-25T14:05:56.8711450+03:00,A20000000000000000000000,,1,"-59,5","865,7",Speedwayr-15-32-c2,"1,6382914814618648",
2025-07-25T14:05:56.8730960+03:00,A70000000000000000000000,,1,-65,"865,7",Speedwayr-15-32-c2,"2,110757564130642",
2025-07-25T14:05:56.8743930+03:00,A30000000000000000000000,,1,"-62,5","865,7",Speedwayr-15-32-c2,"5,240078371417351",
2025-07-25T14:05:56.8768470+03:00,A60000000000000000000000,,1,-68,"865,7",Speedwayr-15-32-c2,"2,067806102069844",
2025-07-25T14:05:56.8819810+03:00,A80000000000000000000000,,1,-69,"865,7",Speedwayr-15-32-c2,"2,2641556429192065",
2025-07-25T14:05:56.8959980+03:00,A80000000000000000000000,,1,"-70,5","865,7",Speedwayr-15-32-c2,"2,227340104009951",
2025-07-25T14:05:56.8978930+03:00,A30000000000000000000000,,1,-63,"865,7",Speedwayr-15-32-c2,"5,2768939103266055",
2025-07-25T14:05:56.9003620+03:00,A20000000000000000000000,,1,-59,"865,7",Speedwayr-15-32-c2,"1,6873788666742053",
2025-07-25T14:05:56.9014470+03:00,A70000000000000000000000,,1,-63,"865,7",Speedwayr-15-32-c2,"2,1905245651006955",
2025-07-25T14:05:56.9027590+03:00,A40000000000000000000000,,1,-66,"865,7",Speedwayr-15-32-c2,"4,963961829597935",
2025-07-25T14:05:56.9049640+03:00,A60000000000000000000000,,1,-66,"865,7",Speedwayr-15-32-c2,"2,313243028131547",
2025-07-25T14:05:56.9176490+03:00,A20000000000000000000000,,1,-60,"865,7",Speedwayr-15-32-c2,"1,6566992509164924",
2025-07-25T14:05:56.9190140+03:00,A70000000000000000000000,,1,"-63,5","865,7",Speedwayr-15-32-c2,"2,1905245651006955",
2025-07-25T14:05:56.9205560+03:00,A30000000000000000000000,,1,-63,"865,7",Speedwayr-15-32-c2,"5,540738605842936",
2025-07-25T14:05:56.9254810+03:00,A40000000000000000000000,,1,-65,"865,7",Speedwayr-15-32-c2,"5,013049214810275",
2025-07-25T14:05:56.9296190+03:00,A60000000000000000000000,,1,-68,"865,7",Speedwayr-15-32-c2,"2,141437179888355",
2025-07-25T14:05:56.9368890+03:00,A80000000000000000000000,,1,"-65,5","865,7",Speedwayr-15-32-c2,"2,1353012567368124",
2025-07-25T14:05:56.9514810+03:00,A60000000000000000000000,,1,"-68,5","865,7",Speedwayr-15-32-c2,"2,313243028131547",
2025-07-25T14:05:56.9543670+03:00,A20000000000000000000000,,1,-60,"865,7",Speedwayr-15-32-c2,"1,5033011721279284",
2025-07-25T14:05:56.9560430+03:00,A30000000000000000000000,,1,"-62,5","865,7",Speedwayr-15-32-c2,"5,313709449235861",
2025-07-25T14:05:56.9579400+03:00,A40000000000000000000000,,1,-65,"865,7",Speedwayr-15-32-c2,"5,0682725231741586",
2025-07-25T14:05:56.9592990+03:00,A70000000000000000000000,,1,"-63,5","865,7",Speedwayr-15-32-c2,"2,2580197197676637",
2025-07-25T14:05:56.9610050+03:00,A80000000000000000000000,,1,-70,"865,7",Speedwayr-15-32-c2,"2,018718716857504",
2025-07-25T14:05:56.9734830+03:00,A20000000000000000000000,,1,-60,"865,7",Speedwayr-15-32-c2,"1,4787574795217582",
2025-07-25T14:05:56.9761820+03:00,A30000000000000000000000,,1,"-62,5","865,7",Speedwayr-15-32-c2,"5,3627968344482015",
2025-07-25T14:05:56.9776280+03:00,A60000000000000000000000,,1,-68,"865,7",Speedwayr-15-32-c2,"2,2518837966161214",
2025-07-25T14:05:56.9813330+03:00,A70000000000000000000000,,1,"-64,5","865,7",Speedwayr-15-32-c2,"2,000310947402876",
2025-07-25T14:05:56.9849880+03:00,A40000000000000000000000,,1,-65,"865,7",Speedwayr-15-32-c2,"5,086680292628786",
2025-07-25T14:05:56.9878760+03:00,A80000000000000000000000,,1,-70,"865,7",Speedwayr-15-32-c2,"2,067806102069844",
2025-07-25T14:05:57.0037930+03:00,A40000000000000000000000,,1,-66,"865,7",Speedwayr-15-32-c2,"5,148039524144211",
2025-07-25T14:05:57.0050030+03:00,A20000000000000000000000,,1,"-58,5","865,7",Speedwayr-15-32-c2,"1,6505633277649499",
2025-07-25T14:05:57.0063870+03:00,A60000000000000000000000,,1,-69,"865,7",Speedwayr-15-32-c2,"2,325514874434632",
2025-07-25T14:05:57.0074540+03:00,A30000000000000000000000,,1,"-62,5","865,7",Speedwayr-15-32-c2,"5,399612373357457",
2025-07-25T14:05:57.0093670+03:00,A70000000000000000000000,,1,-64,"865,7",Speedwayr-15-32-c2,"2,270291566070749",
2025-07-25T14:05:57.0119710+03:00,A80000000000000000000000,,1,"-70,5","865,7",Speedwayr-15-32-c2,"2,1353012567368124",
2025-07-25T14:05:57.0268120+03:00,A70000000000000000000000,,1,"-64,5","865,7",Speedwayr-15-32-c2,"2,1782527187976104",
2025-07-25T14:05:57.0321940+03:00,A20000000000000000000000,,1,-59,"865,7",Speedwayr-15-32-c2,"1,6873788666742053",
2025-07-25T14:05:57.0365360+03:00,A30000000000000000000000,,1,-63,"865,7",Speedwayr-15-32-c2,"5,368932757599744",
2025-07-25T14:05:57.0384120+03:00,A40000000000000000000000,,1,-66,"865,7",Speedwayr-15-32-c2,"5,056000676871073",
2025-07-25T14:05:57.0405030+03:00,A60000000000000000000000,,1,-68,"865,7",Speedwayr-15-32-c2,"2,1782527187976104",
2025-07-25T14:05:57.0455040+03:00,A80000000000000000000000,,1,"-67,5","865,7",Speedwayr-15-32-c2,"2,2764274892222915",
2025-07-25T14:05:57.0602400+03:00,A40000000000000000000000,,1,-66,"865,7",Speedwayr-15-32-c2,"5,019185137961818",
2025-07-25T14:05:57.0615640+03:00,A30000000000000000000000,,1,"-63,5","865,7",Speedwayr-15-32-c2,"5,473243451175968",
2025-07-25T14:05:57.0634170+03:00,A60000000000000000000000,,1,"-66,5","865,7",Speedwayr-15-32-c2,"2,4175537217077703",
2025-07-25T14:05:57.0681870+03:00,A20000000000000000000000,,1,"-60,5","865,7",Speedwayr-15-32-c2,"1,7794177139473437",
2025-07-25T14:05:57.0703340+03:00,A70000000000000000000000,,1,"-65,5","865,7",Speedwayr-15-32-c2,"2,2948352586769194",
2025-07-25T14:05:57.0714340+03:00,A80000000000000000000000,,1,-68,"865,7",Speedwayr-15-32-c2,"2,086213871524472",
2025-07-25T14:05:57.0857600+03:00,A30000000000000000000000,,1,"-63,5","865,7",Speedwayr-15-32-c2,"5,706408530934585",
2025-07-25T14:05:57.0869550+03:00,A40000000000000000000000,,1,-66,"865,7",Speedwayr-15-32-c2,"5,283029833478148",
2025-07-25T14:05:57.0883330+03:00,A20000000000000000000000,,1,"-60,5","865,7",Speedwayr-15-32-c2,"1,8775924843720249",
2025-07-25T14:05:57.0896850+03:00,A60000000000000000000000,,1,-67,"865,7",Speedwayr-15-32-c2,"2,497320722677824",
2025-07-25T14:05:57.0908310+03:00,A80000000000000000000000,,1,-69,"865,7",Speedwayr-15-32-c2,"2,2212041808584084",
2025-07-25T14:05:57.0925300+03:00,A70000000000000000000000,,1,-65,"865,7",Speedwayr-15-32-c2,"1,9941750242513334",
2025-07-25T14:05:57.1080770+03:00,A30000000000000000000000,,1,"-62,5","865,7",Speedwayr-15-32-c2,"5,559146375297564",
2025-07-25T14:05:57.1096560+03:00,A20000000000000000000000,,1,-60,"865,7",Speedwayr-15-32-c2,"1,6444274046134073",
2025-07-25T14:05:57.1112010+03:00,A80000000000000000000000,,1,-70,"865,7",Speedwayr-15-32-c2,"1,8100973297050567",
2025-07-25T14:05:57.1147280+03:00,A70000000000000000000000,,1,-65,"865,7",Speedwayr-15-32-c2,"2,073942025221387",
2025-07-25T14:05:57.1171930+03:00,A40000000000000000000000,,1,"-65,5","865,7",Speedwayr-15-32-c2,"5,221670601962723",
2025-07-25T14:05:57.1217770+03:00,A60000000000000000000000,,1,-68,"865,7",Speedwayr-15-32-c2,"2,5893595699509624",
2025-07-25T14:05:57.1360850+03:00,A80000000000000000000000,,1,"-65,5","865,7",Speedwayr-15-32-c2,"2,2027964114037806",
2025-07-25T14:05:57.1399960+03:00,A20000000000000000000000,,1,-61,"865,7",Speedwayr-15-32-c2,"1,8285050991596843",
2025-07-25T14:05:57.1413980+03:00,A70000000000000000000000,,1,-65,"865,7",Speedwayr-15-32-c2,"2,2150682577068657",
2025-07-25T14:05:57.1424530+03:00,A30000000000000000000000,,1,-63,"865,7",Speedwayr-15-32-c2,"5,583690067903734",
2025-07-25T14:05:57.1456160+03:00,A40000000000000000000000,,1,"-66,5","865,7",Speedwayr-15-32-c2,"4,822835597112456",
2025-07-25T14:05:57.1467130+03:00,A60000000000000000000000,,1,"-68,5","865,7",Speedwayr-15-32-c2,"2,5280003384355365",
2025-07-25T14:05:57.1608130+03:00,A30000000000000000000000,,1,-64,"865,7",Speedwayr-15-32-c2,"5,5100589900852235",
2025-07-25T14:05:57.1622540+03:00,A20000000000000000000000,,1,"-60,5","865,7",Speedwayr-15-32-c2,"1,8100973297050567",
2025-07-25T14:05:57.1646260+03:00,A80000000000000000000000,,1,"-67,5","865,7",Speedwayr-15-32-c2,"2,3623304133438876",
2025-07-25T14:05:57.1657120+03:00,A70000000000000000000000,,1,"-63,5","865,7",Speedwayr-15-32-c2,"2,2150682577068657",
2025-07-25T14:05:57.1697360+03:00,A40000000000000000000000,,1,-66,"865,7",Speedwayr-15-32-c2,"5,313709449235861",
2025-07-25T14:05:57.1739670+03:00,A60000000000000000000000,,1,"-68,5","865,7",Speedwayr-15-32-c2,"3,3624858870453256",
2025-07-25T14:05:57.1886530+03:00,A70000000000000000000000,,1,"-65,5","865,7",Speedwayr-15-32-c2,"2,448233337465483",
2025-07-25T14:05:57.1906380+03:00,A20000000000000000000000,,1,-61,"865,7",Speedwayr-15-32-c2,"1,8407769454627694",
2025-07-25T14:05:57.1944620+03:00,A40000000000000000000000,,1,-64,"865,7",Speedwayr-15-32-c2,"5,141903600992669",
2025-07-25T14:05:57.1967900+03:00,A30000000000000000000000,,1,-64,"865,7",Speedwayr-15-32-c2,"5,638913376267617",
2025-07-25T14:05:57.1980450+03:00,A80000000000000000000000,,1,"-70,5","865,7",Speedwayr-15-32-c2,"2,172116795646068",
2025-07-25T14:05:57.1996590+03:00,A60000000000000000000000,,1,-67,"865,7",Speedwayr-15-32-c2,"2,5157284921324514",
2025-07-25T14:05:57.2133400+03:00,A70000000000000000000000,,1,-64,"865,7",Speedwayr-15-32-c2,"2,1966604882522383",
2025-07-25T14:05:57.2157760+03:00,A40000000000000000000000,,1,-65,"865,7",Speedwayr-15-32-c2,"5,197126909356553",
2025-07-25T14:05:57.2177150+03:00,A20000000000000000000000,,1,-61,"865,7",Speedwayr-15-32-c2,"1,8837284075235674",
2025-07-25T14:05:57.2190970+03:00,A60000000000000000000000,,1,-66,"865,7",Speedwayr-15-32-c2,"2,6261751088602177",
2025-07-25T14:05:57.2206240+03:00,A30000000000000000000000,,1,-64,"865,7",Speedwayr-15-32-c2,"5,859806609723149",
2025-07-25T14:05:57.2220210+03:00,A80000000000000000000000,,1,-68,"865,7",Speedwayr-15-32-c2,"2,435961491162398",
2025-07-25T14:05:57.2364050+03:00,A40000000000000000000000,,1,"-66,5","865,7",Speedwayr-15-32-c2,"4,988505522204105",
2025-07-25T14:05:57.2414800+03:00,A30000000000000000000000,,1,-64,"865,7",Speedwayr-15-32-c2,"5,620505606812989",
2025-07-25T14:05:57.2437880+03:00,A70000000000000000000000,,1,"-65,5","865,7",Speedwayr-15-32-c2,"2,172116795646068",
2025-07-25T14:05:57.2449720+03:00,A20000000000000000000000,,1,"-61,5","865,7",Speedwayr-15-32-c2,"1,859184714917397",
2025-07-25T14:05:57.2509610+03:00,A60000000000000000000000,,1,"-68,5","865,7",Speedwayr-15-32-c2,"2,5770877236478773",
2025-07-25T14:05:57.2535710+03:00,A80000000000000000000000,,1,-68,"865,7",Speedwayr-15-32-c2,"2,497320722677824",
2025-07-25T14:05:57.2698040+03:00,A60000000000000000000000,,1,-70,"865,7",Speedwayr-15-32-c2,"2,5709518004963345",
2025-07-25T14:05:57.2710870+03:00,A40000000000000000000000,,1,-67,"865,7",Speedwayr-15-32-c2,"5,129631754689584",
2025-07-25T14:05:57.2726560+03:00,A30000000000000000000000,,1,"-62,5","865,7",Speedwayr-15-32-c2,"5,700272607783043",
2025-07-25T14:05:57.2737960+03:00,A20000000000000000000000,,1,-61,"865,7",Speedwayr-15-32-c2,"1,8714565612204823",
2025-07-25T14:05:57.2790600+03:00,A70000000000000000000000,,1,"-65,5","865,7",Speedwayr-15-32-c2,"2,337786720737717",
2025-07-25T14:05:57.2811750+03:00,A80000000000000000000000,,1,"-69,5","865,7",Speedwayr-15-32-c2,"2,227340104009951",
2025-07-25T14:05:57.2942180+03:00,A40000000000000000000000,,1,-67,"865,7",Speedwayr-15-32-c2,"5,295301679781233",
2025-07-25T14:05:57.2967780+03:00,A60000000000000000000000,,1,"-68,5","865,7",Speedwayr-15-32-c2,"2,736621725587984",
2025-07-25T14:05:57.3002610+03:00,A80000000000000000000000,,1,-67,"865,7",Speedwayr-15-32-c2,"2,1353012567368124",
2025-07-25T14:05:57.3013850+03:00,A20000000000000000000000,,1,-61,"865,7",Speedwayr-15-32-c2,"1,8162332528565992",
2025-07-25T14:05:57.3027210+03:00,A30000000000000000000000,,1,"-64,5","865,7",Speedwayr-15-32-c2,"5,595961914206819",
2025-07-25T14:05:57.3043330+03:00,A70000000000000000000000,,1,"-64,5","865,7",Speedwayr-15-32-c2,"2,1659808724945253",
2025-07-25T14:05:57.3185840+03:00,A30000000000000000000000,,1,-64,"865,7",Speedwayr-15-32-c2,"5,71868037723767",
2025-07-25T14:05:57.3201390+03:00,A20000000000000000000000,,1,"-61,5","865,7",Speedwayr-15-32-c2,"1,932815792735908",
2025-07-25T14:05:57.3217470+03:00,A40000000000000000000000,,1,"-65,5","865,7",Speedwayr-15-32-c2,"4,95168998329485",
2025-07-25T14:05:57.3264500+03:00,A60000000000000000000000,,1,"-68,5","865,7",Speedwayr-15-32-c2,"2,9022916506796332",
2025-07-25T14:05:57.3276010+03:00,A70000000000000000000000,,1,"-63,5","865,7",Speedwayr-15-32-c2,"2,509592568980909",
2025-07-25T14:05:57.3315400+03:00,A80000000000000000000000,,1,-70,"865,7",Speedwayr-15-32-c2,"2,2212041808584084",
2025-07-25T14:05:57.3481550+03:00,A20000000000000000000000,,1,-61,"865,7",Speedwayr-15-32-c2,"2,024854640009046",
2025-07-25T14:05:57.3494250+03:00,A30000000000000000000000,,1,-64,"865,7",Speedwayr-15-32-c2,"5,675728915176872",
2025-07-25T14:05:57.3505220+03:00,A70000000000000000000000,,1,-65,"865,7",Speedwayr-15-32-c2,"2,2089323345553233",
2025-07-25T14:05:57.3518470+03:00,A40000000000000000000000,,1,-66,"865,7",Speedwayr-15-32-c2,"4,945554060143307",
2025-07-25T14:05:57.3538450+03:00,A80000000000000000000000,,1,-66,"865,7",Speedwayr-15-32-c2,"2,098485717827557",
2025-07-25T14:05:57.3559440+03:00,A60000000000000000000000,,1,-65,"865,7",Speedwayr-15-32-c2,"2,6323110320117604",
2025-07-25T14:05:57.3708110+03:00,A20000000000000000000000,,1,"-61,5","865,7",Speedwayr-15-32-c2,"1,9266798695843652",
2025-07-25T14:05:57.3725650+03:00,A40000000000000000000000,,1,-66,"865,7",Speedwayr-15-32-c2,"4,957825906446392",
2025-07-25T14:05:57.3761940+03:00,A70000000000000000000000,,1,"-65,5","865,7",Speedwayr-15-32-c2,"2,2948352586769194",
2025-07-25T14:05:57.3777060+03:00,A80000000000000000000000,,1,-68,"865,7",Speedwayr-15-32-c2,"2,2886993355253766",
2025-07-25T14:05:57.3788240+03:00,A60000000000000000000000,,1,-68,"865,7",Speedwayr-15-32-c2,"2,6384469551633027",
2025-07-25T14:05:57.3801210+03:00,A30000000000000000000000,,1,"-64,5","865,7",Speedwayr-15-32-c2,"5,608233760509904",
2025-07-25T14:05:57.3935610+03:00,A60000000000000000000000,,1,-68,"865,7",Speedwayr-15-32-c2,"2,6139032625571326",
2025-07-25T14:05:57.3963220+03:00,A20000000000000000000000,,1,-60,"865,7",Speedwayr-15-32-c2,"1,9634954084936207",
2025-07-25T14:05:57.3997580+03:00,A40000000000000000000000,,1,"-65,5","865,7",Speedwayr-15-32-c2,"5,135767677841127",
2025-07-25T14:05:57.4008380+03:00,A70000000000000000000000,,1,"-65,5","865,7",Speedwayr-15-32-c2,"2,3071071049800045",
2025-07-25T14:05:57.4022420+03:00,A30000000000000000000000,,1,"-62,5","865,7",Speedwayr-15-32-c2,"5,583690067903734",
2025-07-25T14:05:57.4045230+03:00,A80000000000000000000000,,1,-69,"865,7",Speedwayr-15-32-c2,"2,270291566070749",
2025-07-25T14:05:57.4185650+03:00,A20000000000000000000000,,1,-61,"865,7",Speedwayr-15-32-c2,"1,9205439464328227",
2025-07-25T14:05:57.4199890+03:00,A40000000000000000000000,,1,"-66,5","865,7",Speedwayr-15-32-c2,"5,086680292628786",
2025-07-25T14:05:57.4237100+03:00,A30000000000000000000000,,1,-63,"865,7",Speedwayr-15-32-c2,"5,663457068873787",
2025-07-25T14:05:57.4248550+03:00,A60000000000000000000000,,1,"-67,5","865,7",Speedwayr-15-32-c2,"2,405281875404685",
2025-07-25T14:05:57.4261910+03:00,A70000000000000000000000,,1,-62,"865,7",Speedwayr-15-32-c2,"2,3316507975861747",
2025-07-25T14:05:57.4405460+03:00,A70000000000000000000000,,1,-65,"865,7",Speedwayr-15-32-c2,"2,3623304133438876",
2025-07-25T14:05:57.4427410+03:00,A20000000000000000000000,,1,"-60,5","865,7",Speedwayr-15-32-c2,"1,8775924843720249",
2025-07-25T14:05:57.4446240+03:00,A30000000000000000000000,,1,"-63,5","865,7",Speedwayr-15-32-c2,"5,5714182216006485",
2025-07-25T14:05:57.4471740+03:00,A40000000000000000000000,,1,-67,"865,7",Speedwayr-15-32-c2,"5,184855063053467",
2025-07-25T14:05:57.4485430+03:00,A60000000000000000000000,,1,-69,"865,7",Speedwayr-15-32-c2,"2,5157284921324514",
2025-07-25T14:05:57.4507990+03:00,A80000000000000000000000,,1,-70,"865,7",Speedwayr-15-32-c2,"2,227340104009951",
2025-07-25T14:05:57.4641940+03:00,A20000000000000000000000,,1,"-59,5","865,7",Speedwayr-15-32-c2,"1,88986433067511",
2025-07-25T14:05:57.4655160+03:00,A70000000000000000000000,,1,-64,"865,7",Speedwayr-15-32-c2,"2,2764274892222915",
2025-07-25T14:05:57.4693390+03:00,A60000000000000000000000,,1,"-68,5","865,7",Speedwayr-15-32-c2,"2,3439226438892597",
2025-07-25T14:05:57.4704500+03:00,A30000000000000000000000,,1,-64,"865,7",Speedwayr-15-32-c2,"5,491651220630596",
2025-07-25T14:05:57.4731670+03:00,A80000000000000000000000,,1,-67,"865,7",Speedwayr-15-32-c2,"2,1230294104337273",
2025-07-25T14:05:57.4742640+03:00,A40000000000000000000000,,1,-67,"865,7",Speedwayr-15-32-c2,"5,252350217720435",
2025-07-25T14:05:57.4877450+03:00,A80000000000000000000000,,1,-67,"865,7",Speedwayr-15-32-c2,"2,478912953223196",
2025-07-25T14:05:57.4918480+03:00,A30000000000000000000000,,1,-64,"865,7",Speedwayr-15-32-c2,"5,595961914206819",
2025-07-25T14:05:57.4937160+03:00,A70000000000000000000000,,1,"-63,5","865,7",Speedwayr-15-32-c2,"2,2518837966161214",
2025-07-25T14:05:57.4948270+03:00,A40000000000000000000000,,1,"-66,5","865,7",Speedwayr-15-32-c2,"5,019185137961818",
2025-07-25T14:05:57.4959790+03:00,A20000000000000000000000,,1,-60,"865,7",Speedwayr-15-32-c2,"1,8960002538266525",
2025-07-25T14:05:57.4970930+03:00,A60000000000000000000000,,1,-68,"865,7",Speedwayr-15-32-c2,"2,350058567040802",
2025-07-25T14:05:57.5113240+03:00,A20000000000000000000000,,1,-61,"865,7",Speedwayr-15-32-c2,"1,8346410223112268",
2025-07-25T14:05:57.5132320+03:00,A40000000000000000000000,,1,"-65,5","865,7",Speedwayr-15-32-c2,"5,209398755659637",
2025-07-25T14:05:57.5153890+03:00,A30000000000000000000000,,1,-63,"865,7",Speedwayr-15-32-c2,"5,47937937432751",
2025-07-25T14:05:57.5171170+03:00,A80000000000000000000000,,1,-68,"865,7",Speedwayr-15-32-c2,"2,2948352586769194",
2025-07-25T14:05:57.5191080+03:00,A60000000000000000000000,,1,"-67,5","865,7",Speedwayr-15-32-c2,"2,5280003384355365",
2025-07-25T14:05:57.5202050+03:00,A70000000000000000000000,,1,"-65,5","865,7",Speedwayr-15-32-c2,"2,270291566070749",
2025-07-25T14:05:57.5339020+03:00,A20000000000000000000000,,1,-59,"865,7",Speedwayr-15-32-c2,"1,7978254834019713",
2025-07-25T14:05:57.5376850+03:00,A80000000000000000000000,,1,-68,"865,7",Speedwayr-15-32-c2,"2,1475731030398975",
2025-07-25T14:05:57.5391860+03:00,A70000000000000000000000,,1,"-64,5","865,7",Speedwayr-15-32-c2,"2,3071071049800045",
2025-07-25T14:05:57.5419390+03:00,A30000000000000000000000,,1,"-63,5","865,7",Speedwayr-15-32-c2,"5,595961914206819",
2025-07-25T14:05:57.5436330+03:00,A40000000000000000000000,,1,-65,"865,7",Speedwayr-15-32-c2,"4,95168998329485",
2025-07-25T14:05:57.5447440+03:00,A60000000000000000000000,,1,"-65,5","865,7",Speedwayr-15-32-c2,"2,350058567040802",
2025-07-25T14:05:57.5592590+03:00,A20000000000000000000000,,1,"-60,5","865,7",Speedwayr-15-32-c2,"1,859184714917397",
2025-07-25T14:05:57.5635300+03:00,A70000000000000000000000,,1,"-65,5","865,7",Speedwayr-15-32-c2,"2,356194490192345",
2025-07-25T14:05:57.5655050+03:00,A30000000000000000000000,,1,"-64,5","865,7",Speedwayr-15-32-c2,"5,516194913236766",
2025-07-25T14:05:57.5681320+03:00,A40000000000000000000000,,1,-67,"865,7",Speedwayr-15-32-c2,"5,0682725231741586",
2025-07-25T14:05:57.5694870+03:00,A60000000000000000000000,,1,"-69,5","865,7",Speedwayr-15-32-c2,"2,2948352586769194",
2025-07-25T14:05:57.5763210+03:00,A80000000000000000000000,,1,"-68,5","865,7",Speedwayr-15-32-c2,"2,325514874434632",
2025-07-25T14:05:57.5898640+03:00,A40000000000000000000000,,1,"-66,5","865,7",Speedwayr-15-32-c2,"5,074408446325701",
2025-07-25T14:05:57.5923010+03:00,A70000000000000000000000,,1,"-65,5","865,7",Speedwayr-15-32-c2,"2,030990563160589",
2025-07-25T14:05:57.5965270+03:00,A80000000000000000000000,,1,"-69,5","865,7",Speedwayr-15-32-c2,"2,399145952253143",
2025-07-25T14:05:57.5991600+03:00,A20000000000000000000000,,1,-61,"865,7",Speedwayr-15-32-c2,"1,7671458676442586",
2025-07-25T14:05:57.6013840+03:00,A30000000000000000000000,,1,-64,"865,7",Speedwayr-15-32-c2,"5,442563835418255",
2025-07-25T14:05:57.6033450+03:00,A60000000000000000000000,,1,-68,"865,7",Speedwayr-15-32-c2,"2,6998061866787286",
2025-07-25T14:05:57.6179040+03:00,A70000000000000000000000,,1,"-64,5","865,7",Speedwayr-15-32-c2,"2,055534255766759",
2025-07-25T14:05:57.6190320+03:00,A60000000000000000000000,,1,-69,"865,7",Speedwayr-15-32-c2,"2,337786720737717",
2025-07-25T14:05:57.6221060+03:00,A30000000000000000000000,,1,-64,"865,7",Speedwayr-15-32-c2,"5,497787143782138",
2025-07-25T14:05:57.6240260+03:00,A20000000000000000000000,,1,-60,"865,7",Speedwayr-15-32-c2,"1,846912868614312",
2025-07-25T14:05:57.6253690+03:00,A40000000000000000000000,,1,-65,"865,7",Speedwayr-15-32-c2,"4,81056375080937",
2025-07-25T14:05:57.6293950+03:00,A80000000000000000000000,,1,-67,"865,7",Speedwayr-15-32-c2,"2,2089323345553233",
2025-07-25T14:05:57.6421610+03:00,A40000000000000000000000,,1,"-65,5","865,7",Speedwayr-15-32-c2,"5,031456984264903",
2025-07-25T14:05:57.6435330+03:00,A30000000000000000000000,,1,"-64,5","865,7",Speedwayr-15-32-c2,"5,381204603902829",
2025-07-25T14:05:57.6462650+03:00,A60000000000000000000000,,1,-68,"865,7",Speedwayr-15-32-c2,"2,3193789512830896",
2025-07-25T14:05:57.6485570+03:00,A20000000000000000000000,,1,-61,"865,7",Speedwayr-15-32-c2,"1,8285050991596843",
2025-07-25T14:05:57.6508050+03:00,A70000000000000000000000,,1,-65,"865,7",Speedwayr-15-32-c2,"2,2089323345553233",
2025-07-25T14:05:57.6690240+03:00,A20000000000000000000000,,1,-61,"865,7",Speedwayr-15-32-c2,"1,7732817907958012",
2025-07-25T14:05:57.6710880+03:00,A70000000000000000000000,,1,-65,"865,7",Speedwayr-15-32-c2,"2,1537090261914402",
2025-07-25T14:05:57.6753720+03:00,A30000000000000000000000,,1,"-63,5","865,7",Speedwayr-15-32-c2,"5,424156065963627",
2025-07-25T14:05:57.6771270+03:00,A40000000000000000000000,,1,-66,"865,7",Speedwayr-15-32-c2,"5,21553467881118",
2025-07-25T14:05:57.6808230+03:00,A80000000000000000000000,,1,"-70,5","865,7",Speedwayr-15-32-c2,"2,1353012567368124",
2025-07-25T14:05:57.6819640+03:00,A60000000000000000000000,,1,-68,"865,7",Speedwayr-15-32-c2,"2,423689644859313",
2025-07-25T14:05:57.6955150+03:00,A40000000000000000000000,,1,"-64,5","865,7",Speedwayr-15-32-c2,"4,957825906446392",
2025-07-25T14:05:57.6987650+03:00,A20000000000000000000000,,1,-61,"865,7",Speedwayr-15-32-c2,"1,8530487917658545",
2025-07-25T14:05:57.7097070+03:00,A70000000000000000000000,,1,-65,"865,7",Speedwayr-15-32-c2,"5,329049257114717",
2025-07-25T14:05:57.7150490+03:00,A30000000000000000000000,,1,"-63,5","865,7",Speedwayr-15-32-c2,"2,2334760271614935",
2025-07-25T14:05:57.7186740+03:00,A60000000000000000000000,,1,-69,"865,7",Speedwayr-15-32-c2,"5,43029198911517",
2025-07-25T14:05:57.7239040+03:00,A20000000000000000000000,,1,-61,"865,7",Speedwayr-15-32-c2,"1,8100973297050567",
2025-07-25T14:05:57.7290630+03:00,A30000000000000000000000,,1,-64,"865,7",Speedwayr-15-32-c2,"5,393476450205914",
2025-07-25T14:05:57.7300840+03:00,A40000000000000000000000,,1,"-66,5","865,7",Speedwayr-15-32-c2,"4,9823695990525625",
2025-07-25T14:05:57.7312740+03:00,A70000000000000000000000,,1,-65,"865,7",Speedwayr-15-32-c2,"2,073942025221387",
2025-07-25T14:05:57.7332620+03:00,A60000000000000000000000,,1,"-67,5","865,7",Speedwayr-15-32-c2,"2,1905245651006955",
2025-07-25T14:05:57.7349420+03:00,A80000000000000000000000,,1,-68,"865,7",Speedwayr-15-32-c2,"2,0800779483729293",
2025-07-25T14:05:57.7468770+03:00,A80000000000000000000000,,1,-69,"865,7",Speedwayr-15-32-c2,"2,1966604882522383",
2025-07-25T14:05:57.7495430+03:00,A20000000000000000000000,,1,"-61,5","865,7",Speedwayr-15-32-c2,"1,7426021750380885",
2025-07-25T14:05:57.7517760+03:00,A70000000000000000000000,,1,-65,"865,7",Speedwayr-15-32-c2,"2,073942025221387",
2025-07-25T14:05:57.7534450+03:00,A30000000000000000000000,,1,-64,"865,7",Speedwayr-15-32-c2,"5,203262832508095",
2025-07-25T14:05:57.7550400+03:00,A40000000000000000000000,,1,"-65,5","865,7",Speedwayr-15-32-c2,"5,013049214810275",
2025-07-25T14:05:57.7594050+03:00,A60000000000000000000000,,1,"-67,5","865,7",Speedwayr-15-32-c2,"2,2027964114037806",
2025-07-25T14:05:57.7752200+03:00,A30000000000000000000000,,1,-64,"865,7",Speedwayr-15-32-c2,"5,387340527054372",
2025-07-25T14:05:57.7763440+03:00,A20000000000000000000000,,1,-60,"865,7",Speedwayr-15-32-c2,"1,8223691760081417",
2025-07-25T14:05:57.8850790+03:00,A40000000000000000000000,,1,"-64,5","865,7",Speedwayr-15-32-c2,"4,865787059173254",
2025-07-25T14:05:57.8892940+03:00,A60000000000000000000000,,1,"-67,5","865,7",Speedwayr-15-32-c2,"2,3746022596469727",
2025-07-25T14:05:57.8916720+03:00,A70000000000000000000000,,1,"-64,5","865,7",Speedwayr-15-32-c2,"1,932815792735908",
2025-07-25T14:05:57.8959050+03:00,A80000000000000000000000,,1,-67,"865,7",Speedwayr-15-32-c2,"1,2578642460662257",
2025-07-25T14:05:57.9105160+03:00,A40000000000000000000000,,1,-66,"865,7",Speedwayr-15-32-c2,"4,8351074434155406",
2025-07-25T14:05:57.9125660+03:00,A60000000000000000000000,,1,"-64,5","865,7",Speedwayr-15-32-c2,"2,2212041808584084",
2025-07-25T14:05:57.9165980+03:00,A20000000000000000000000,,1,"-61,5","865,7",Speedwayr-15-32-c2,"1,662835174068035",
2025-07-25T14:05:57.9183200+03:00,A30000000000000000000000,,1,-63,"865,7",Speedwayr-15-32-c2,"5,258486140871978",
2025-07-25T14:05:57.9210110+03:00,A70000000000000000000000,,1,"-64,5","865,7",Speedwayr-15-32-c2,"1,9819031779482483",
2025-07-25T14:05:57.9229200+03:00,A80000000000000000000000,,1,"-69,5","865,7",Speedwayr-15-32-c2,"2,662990647769473",
2025-07-25T14:05:57.9380650+03:00,A70000000000000000000000,,1,-64,"865,7",Speedwayr-15-32-c2,"1,9266798695843652",
2025-07-25T14:05:57.9391640+03:00,A40000000000000000000000,,1,"-66,5","865,7",Speedwayr-15-32-c2,"4,92714629068868",
2025-07-25T14:05:57.9407600+03:00,A30000000000000000000000,,1,"-63,5","865,7",Speedwayr-15-32-c2,"5,332117218690489",
2025-07-25T14:05:57.9418160+03:00,A20000000000000000000000,,1,-62,"865,7",Speedwayr-15-32-c2,"1,7119225592803755",
2025-07-25T14:05:57.9452850+03:00,A80000000000000000000000,,1,"-69,5","865,7",Speedwayr-15-32-c2,"1,2087768608538851",
2025-07-25T14:05:57.9464380+03:00,A60000000000000000000000,,1,-65,"865,7",Speedwayr-15-32-c2,"2,061670178918302",
2025-07-25T14:05:57.9642290+03:00,A60000000000000000000000,,1,"-66,5","865,7",Speedwayr-15-32-c2,"2,098485717827557",
2025-07-25T14:05:57.9670380+03:00,A30000000000000000000000,,1,"-63,5","865,7",Speedwayr-15-32-c2,"5,424156065963627",
2025-07-25T14:05:57.9687830+03:00,A70000000000000000000000,,1,-63,"865,7",Speedwayr-15-32-c2,"1,9205439464328227",
2025-07-25T14:05:57.9703050+03:00,A20000000000000000000000,,1,"-62,5","865,7",Speedwayr-15-32-c2,"1,552388557340269",
2025-07-25T14:05:57.9718990+03:00,A40000000000000000000000,,1,"-66,5","865,7",Speedwayr-15-32-c2,"4,73693267299086",
2025-07-25T14:05:57.9797660+03:00,A80000000000000000000000,,1,"-70,5","865,7",Speedwayr-15-32-c2,"1,6873788666742053",
2025-07-25T14:05:57.9967020+03:00,A60000000000000000000000,,1,"-67,5","865,7",Speedwayr-15-32-c2,"1,7794177139473437",
2025-07-25T14:05:57.9985500+03:00,A40000000000000000000000,,1,-66,"865,7",Speedwayr-15-32-c2,"4,847379289718626",
2025-07-25T14:05:58.0001180+03:00,A20000000000000000000000,,1,"-61,5","865,7",Speedwayr-15-32-c2,"1,6444274046134073",
2025-07-25T14:05:58.0014590+03:00,A30000000000000000000000,,1,"-63,5","865,7",Speedwayr-15-32-c2,"5,405748296509",
2025-07-25T14:05:58.0025540+03:00,A70000000000000000000000,,1,"-63,5","865,7",Speedwayr-15-32-c2,"1,7978254834019713",
2025-07-25T14:05:58.0048840+03:00,A80000000000000000000000,,1,"-69,5","865,7",Speedwayr-15-32-c2,"1,9880391010997909",
2025-07-25T14:05:58.0183140+03:00,A70000000000000000000000,,1,-64,"865,7",Speedwayr-15-32-c2,"1,7794177139473437",
2025-07-25T14:05:58.0207690+03:00,A20000000000000000000000,,1,-62,"865,7",Speedwayr-15-32-c2,"1,6260196351587797",
2025-07-25T14:05:58.0231190+03:00,A30000000000000000000000,,1,-62,"865,7",Speedwayr-15-32-c2,"5,338253141842031",
2025-07-25T14:05:58.0272870+03:00,A40000000000000000000000,,1,"-66,5","865,7",Speedwayr-15-32-c2,"4,749204519293945",
2025-07-25T14:05:58.0288150+03:00,A60000000000000000000000,,1,-69,"865,7",Speedwayr-15-32-c2,"1,9757672547967058",
2025-07-25T14:05:58.0414880+03:00,A40000000000000000000000,,1,"-66,5","865,7",Speedwayr-15-32-c2,"4,7860200582032",
2025-07-25T14:05:58.0443810+03:00,A30000000000000000000000,,1,-64,"865,7",Speedwayr-15-32-c2,"5,289165756629691",
2025-07-25T14:05:58.0480800+03:00,A60000000000000000000000,,1,"-68,5","865,7",Speedwayr-15-32-c2,"1,846912868614312",
2025-07-25T14:05:58.0515080+03:00,A20000000000000000000000,,1,"-61,5","865,7",Speedwayr-15-32-c2,"1,5401167110371838",
2025-07-25T14:05:58.0526210+03:00,A70000000000000000000000,,1,-64,"865,7",Speedwayr-15-32-c2,"1,8714565612204823",
2025-07-25T14:05:58.0652140+03:00,A40000000000000000000000,,1,-65,"865,7",Speedwayr-15-32-c2,"4,859651136021712",
2025-07-25T14:05:58.0694810+03:00,A70000000000000000000000,,1,-64,"865,7",Speedwayr-15-32-c2,"1,9880391010997909",
2025-07-25T14:05:58.0714720+03:00,A80000000000000000000000,,1,"-68,5","865,7",Speedwayr-15-32-c2,"1,325359400733194",
2025-07-25T14:05:58.0739050+03:00,A20000000000000000000000,,1,"-61,5","865,7",Speedwayr-15-32-c2,"1,337631247036279",
2025-07-25T14:05:58.0755120+03:00,A30000000000000000000000,,1,"-61,5","865,7",Speedwayr-15-32-c2,"5,154175447295755",
2025-07-25T14:05:58.0767970+03:00,A60000000000000000000000,,1,-69,"865,7",Speedwayr-15-32-c2,"2,0493983326152168",
2025-07-25T14:05:58.0892720+03:00,A70000000000000000000000,,1,-64,"865,7",Speedwayr-15-32-c2,"1,8039614065535141",
2025-07-25T14:05:58.0919200+03:00,A30000000000000000000000,,1,-63,"865,7",Speedwayr-15-32-c2,"5,209398755659637",
2025-07-25T14:05:58.0930480+03:00,A20000000000000000000000,,1,"-61,5","865,7",Speedwayr-15-32-c2,"1,552388557340269",
2025-07-25T14:05:58.0981180+03:00,A40000000000000000000000,,1,"-66,5","865,7",Speedwayr-15-32-c2,"4,792155981354743",
2025-07-25T14:05:58.0992610+03:00,A60000000000000000000000,,1,"-68,5","865,7",Speedwayr-15-32-c2,"1,9819031779482483",
2025-07-25T14:05:58.1016810+03:00,A80000000000000000000000,,1,-68,"865,7",Speedwayr-15-32-c2,"1,7119225592803755",
2025-07-25T14:05:58.1168520+03:00,A60000000000000000000000,,1,"-66,5","865,7",Speedwayr-15-32-c2,"2,0800779483729293",
2025-07-25T14:05:58.1179120+03:00,A80000000000000000000000,,1,"-65,5","865,7",Speedwayr-15-32-c2,"1,8653206380689396",
2025-07-25T14:05:58.1192930+03:00,A40000000000000000000000,,1,"-66,5","865,7",Speedwayr-15-32-c2,"4,890330751779424",
2025-07-25T14:05:58.1208730+03:00,A30000000000000000000000,,1,-64,"865,7",Speedwayr-15-32-c2,"5,1725832167503825",
2025-07-25T14:05:58.1232250+03:00,A70000000000000000000000,,1,"-64,5","865,7",Speedwayr-15-32-c2,"2,030990563160589",
2025-07-25T14:05:58.1243230+03:00,A20000000000000000000000,,1,-61,"865,7",Speedwayr-15-32-c2,"1,564660403643354",
2025-07-25T14:05:58.1371840+03:00,A30000000000000000000000,,1,-63,"865,7",Speedwayr-15-32-c2,"5,105088062083414",
2025-07-25T14:05:58.1394040+03:00,A40000000000000000000000,,1,"-66,5","865,7",Speedwayr-15-32-c2,"4,798291904506286",
2025-07-25T14:05:58.1410900+03:00,A20000000000000000000000,,1,-62,"865,7",Speedwayr-15-32-c2,"1,3192234775816514",
2025-07-25T14:05:58.1430670+03:00,A60000000000000000000000,,1,-68,"865,7",Speedwayr-15-32-c2,"1,41126232485479",
2025-07-25T14:05:58.1472140+03:00,A70000000000000000000000,,1,"-64,5","865,7",Speedwayr-15-32-c2,"1,8407769454627694",
2025-07-25T14:05:58.1498950+03:00,A80000000000000000000000,,1,"-70,5","865,7",Speedwayr-15-32-c2,"1,564660403643354",
2025-07-25T14:05:58.1651430+03:00,A20000000000000000000000,,1,-61,"865,7",Speedwayr-15-32-c2,"1,4358060174609601",
2025-07-25T14:05:58.1665700+03:00,A30000000000000000000000,,1,"-62,5","865,7",Speedwayr-15-32-c2,"5,092816215780329",
2025-07-25T14:05:58.1690380+03:00,A70000000000000000000000,,1,"-63,5","865,7",Speedwayr-15-32-c2,"1,7732817907958012",
2025-07-25T14:05:58.1700940+03:00,A40000000000000000000000,,1,"-66,5","865,7",Speedwayr-15-32-c2,"5,037592907416445",
2025-07-25T14:05:58.1741640+03:00,A60000000000000000000000,,1,"-64,5","865,7",Speedwayr-15-32-c2,"1,761009944492716",
2025-07-25T14:05:58.1788970+03:00,A80000000000000000000000,,1,"-69,5","865,7",Speedwayr-15-32-c2,"1,564660403643354",
2025-07-25T14:05:58.1961250+03:00,A20000000000000000000000,,1,-62,"865,7",Speedwayr-15-32-c2,"1,3867186322486196",
2025-07-25T14:05:58.1980880+03:00,A40000000000000000000000,,1,-67,"865,7",Speedwayr-15-32-c2,"4,822835597112456",
2025-07-25T14:05:58.2003970+03:00,A30000000000000000000000,,1,"-63,5","865,7",Speedwayr-15-32-c2,"5,080544369477243",
2025-07-25T14:05:58.2035640+03:00,A70000000000000000000000,,1,"-63,5","865,7",Speedwayr-15-32-c2,"1,6198837120072371",
2025-07-25T14:05:58.2052790+03:00,A80000000000000000000000,,1,"-69,5","865,7",Speedwayr-15-32-c2,"1,012427320004523",
2025-07-25T14:05:58.2087290+03:00,A60000000000000000000000,,1,-67,"865,7",Speedwayr-15-32-c2,"1,8039614065535141",
2025-07-25T14:05:58.2238380+03:00,A30000000000000000000000,,1,"-63,5","865,7",Speedwayr-15-32-c2,"5,135767677841127",
2025-07-25T14:05:58.2253960+03:00,A20000000000000000000000,,1,-61,"865,7",Speedwayr-15-32-c2,"1,3744467859455345",
2025-07-25T14:05:58.2270310+03:00,A70000000000000000000000,,1,"-63,5","865,7",Speedwayr-15-32-c2,"1,6505633277649499",
2025-07-25T14:05:58.2284920+03:00,A40000000000000000000000,,1,"-66,5","865,7",Speedwayr-15-32-c2,"4,73693267299086",
2025-07-25T14:05:58.2296070+03:00,A80000000000000000000000,,1,"-69,5","865,7",Speedwayr-15-32-c2,"1,4419419406125027",
2025-07-25T14:05:58.2361380+03:00,A60000000000000000000000,,1,-69,"865,7",Speedwayr-15-32-c2,"1,9696313316451632",
2025-07-25T14:05:58.2508880+03:00,A30000000000000000000000,,1,"-63,5","865,7",Speedwayr-15-32-c2,"5,013049214810275",
2025-07-25T14:05:58.2519130+03:00,A40000000000000000000000,,1,"-66,5","865,7",Speedwayr-15-32-c2,"4,577398671050753",
2025-07-25T14:05:58.2570370+03:00,A20000000000000000000000,,1,-60,"865,7",Speedwayr-15-32-c2,"1,3130875544301088",
2025-07-25T14:05:58.2581370+03:00,A70000000000000000000000,,1,"-64,5","865,7",Speedwayr-15-32-c2,"1,2210487071569704",
2025-07-25T14:05:58.2604790+03:00,A60000000000000000000000,,1,"-67,5","865,7",Speedwayr-15-32-c2,"1,8530487917658545",
2025-07-25T14:05:58.2742960+03:00,A70000000000000000000000,,1,"-62,5","865,7",Speedwayr-15-32-c2,"1,6505633277649499",
2025-07-25T14:05:58.2790320+03:00,A30000000000000000000000,,1,"-63,5","865,7",Speedwayr-15-32-c2,"5,013049214810275",
2025-07-25T14:05:58.2849020+03:00,A60000000000000000000000,,1,-66,"865,7",Speedwayr-15-32-c2,"1,5278448647340985",
2025-07-25T14:05:58.2865820+03:00,A20000000000000000000000,,1,-61,"865,7",Speedwayr-15-32-c2,"1,3744467859455345",
2025-07-25T14:05:58.2886370+03:00,A40000000000000000000000,,1,"-66,5","865,7",Speedwayr-15-32-c2,"4,479223900626073",
2025-07-25T14:05:58.3033250+03:00,A30000000000000000000000,,1,"-63,5","865,7",Speedwayr-15-32-c2,"4,945554060143307",
2025-07-25T14:05:58.3044110+03:00,A20000000000000000000000,,1,-62,"865,7",Speedwayr-15-32-c2,"1,718058482431918",
2025-07-25T14:05:58.3059350+03:00,A70000000000000000000000,,1,"-64,5","865,7",Speedwayr-15-32-c2,"1,5953400194010667",
2025-07-25T14:05:58.3072840+03:00,A40000000000000000000000,,1,"-64,5","865,7",Speedwayr-15-32-c2,"4,620350133111551",
2025-07-25T14:05:58.3114320+03:00,A60000000000000000000000,,1,-71,"865,7",Speedwayr-15-32-c2,"1,748738098189631",
2025-07-25T14:05:58.3171130+03:00,A80000000000000000000000,,1,-68,"865,7",Speedwayr-15-32-c2,"1,5155730184310134",
2025-07-25T14:05:58.3298690+03:00,A60000000000000000000000,,1,-70,"865,7",Speedwayr-15-32-c2,"1,7426021750380885",
2025-07-25T14:05:58.3315830+03:00,A80000000000000000000000,,1,-68,"865,7",Speedwayr-15-32-c2,"1,4910293258248433",
2025-07-25T14:05:58.3345010+03:00,A30000000000000000000000,,1,-63,"865,7",Speedwayr-15-32-c2,"4,92714629068868",
2025-07-25T14:05:58.3368860+03:00,A40000000000000000000000,,1,"-65,5","865,7",Speedwayr-15-32-c2,"4,479223900626073",
2025-07-25T14:05:58.3379550+03:00,A70000000000000000000000,,1,-63,"865,7",Speedwayr-15-32-c2,"1,6873788666742053",
2025-07-25T14:05:58.3395880+03:00,A20000000000000000000000,,1,"-61,5","865,7",Speedwayr-15-32-c2,"1,2578642460662257",
2025-07-25T14:05:58.3544450+03:00,A20000000000000000000000,,1,"-61,5","865,7",Speedwayr-15-32-c2,"1,2762720155208536",
2025-07-25T14:05:58.3562130+03:00,A30000000000000000000000,,1,-63,"865,7",Speedwayr-15-32-c2,"4,908738521234052",
2025-07-25T14:05:58.3591590+03:00,A70000000000000000000000,,1,"-63,5","865,7",Speedwayr-15-32-c2,"1,7303303287350031",
2025-07-25T14:05:58.3608220+03:00,A40000000000000000000000,,1,"-66,5","865,7",Speedwayr-15-32-c2,"4,509903516383785",
2025-07-25T14:05:58.3649070+03:00,A60000000000000000000000,,1,-68,"865,7",Speedwayr-15-32-c2,"1,4480778637640452",
2025-07-25T14:05:58.3660500+03:00,A80000000000000000000000,,1,-70,"865,7",Speedwayr-15-32-c2,"1,1965050145508",
2025-07-25T14:05:58.3783450+03:00,A70000000000000000000000,,1,"-64,5","865,7",Speedwayr-15-32-c2,"1,6751070203711202",
2025-07-25T14:05:58.3800010+03:00,A40000000000000000000000,,1,-66,"865,7",Speedwayr-15-32-c2,"4,595806440505381",
2025-07-25T14:05:58.3823360+03:00,A20000000000000000000000,,1,-62,"865,7",Speedwayr-15-32-c2,"1,3989904785517047",
2025-07-25T14:05:58.3859310+03:00,A30000000000000000000000,,1,-64,"865,7",Speedwayr-15-32-c2,"4,798291904506286",
2025-07-25T14:05:58.3895680+03:00,A80000000000000000000000,,1,"-69,5","865,7",Speedwayr-15-32-c2,"1,521708941582556",
2025-07-25T14:05:58.3926570+03:00,A60000000000000000000000,,1,"-66,5","865,7",Speedwayr-15-32-c2,"1,5585244804918115",
2025-07-25T14:05:58.4064180+03:00,A70000000000000000000000,,1,"-64,5","865,7",Speedwayr-15-32-c2,"1,662835174068035",
2025-07-25T14:05:58.4092390+03:00,A30000000000000000000000,,1,-63,"865,7",Speedwayr-15-32-c2,"4,902602598082509",
2025-07-25T14:05:58.4114570+03:00,A20000000000000000000000,,1,"-61,5","865,7",Speedwayr-15-32-c2,"1,1474176293384597",
2025-07-25T14:05:58.4288350+03:00,A60000000000000000000000,,1,"-70,5","865,7",Speedwayr-15-32-c2,"4,92714629068868",
2025-07-25T14:05:58.4303910+03:00,A40000000000000000000000,,1,"-66,5","865,7",Speedwayr-15-32-c2,"1,175029283520401",
2025-07-25T14:05:58.4416210+03:00,A70000000000000000000000,,1,-65,"865,7",Speedwayr-15-32-c2,"1,2762720155208536",
2025-07-25T14:05:58.4440310+03:00,A30000000000000000000000,,1,"-63,5","865,7",Speedwayr-15-32-c2,"5,111223985234957",
2025-07-25T14:05:58.4454440+03:00,A20000000000000000000000,,1,-61,"865,7",Speedwayr-15-32-c2,"1,1044661672776617",
2025-07-25T14:05:58.4476990+03:00,A40000000000000000000000,,1,"-66,5","865,7",Speedwayr-15-32-c2,"4,2031073588066565",
2025-07-25T14:05:58.4514390+03:00,A80000000000000000000000,,1,"-68,5","865,7",Speedwayr-15-32-c2,"1,6812429435226628",
2025-07-25T14:05:58.4599920+03:00,A60000000000000000000000,,1,-68,"865,7",Speedwayr-15-32-c2,"1,7671458676442586",
2025-07-25T14:05:58.4766460+03:00,A60000000000000000000000,,1,"-70,5","865,7",Speedwayr-15-32-c2,"1,1780972450961724",
2025-07-25T14:05:58.4784160+03:00,A20000000000000000000000,,1,-61,"865,7",Speedwayr-15-32-c2,"1,0737865515199487",
2025-07-25T14:05:58.4797970+03:00,A70000000000000000000000,,1,"-64,5","865,7",Speedwayr-15-32-c2,"1,5585244804918115",
2025-07-25T14:05:58.4810080+03:00,A30000000000000000000000,,1,"-63,5","865,7",Speedwayr-15-32-c2,"4,71238898038469",
2025-07-25T14:05:58.4820900+03:00,A40000000000000000000000,,1,-66,"865,7",Speedwayr-15-32-c2,"4,3074180523828804",
2025-07-25T14:05:58.4862300+03:00,A80000000000000000000000,,1,-69,"865,7",Speedwayr-15-32-c2,"1,1290098598838318",
2025-07-25T14:05:58.5000480+03:00,A20000000000000000000000,,1,-61,"865,7",Speedwayr-15-32-c2,"0,9756117810952678",
2025-07-25T14:05:58.5040180+03:00,A30000000000000000000000,,1,-64,"865,7",Speedwayr-15-32-c2,"4,626486056263094",
2025-07-25T14:05:58.5093010+03:00,A80000000000000000000000,,1,"-69,5","865,7",Speedwayr-15-32-c2,"1,4296700943094176",
2025-07-25T14:05:58.5106300+03:00,A70000000000000000000000,,1,"-65,5","865,7",Speedwayr-15-32-c2,"0,8958447801252144",
2025-07-25T14:05:58.5169230+03:00,A60000000000000000000000,,1,"-70,5","865,7",Speedwayr-15-32-c2,"1,5462526341887264",
2025-07-25T14:05:58.5297890+03:00,A30000000000000000000000,,1,-64,"865,7",Speedwayr-15-32-c2,"4,632621979414636",
2025-07-25T14:05:58.5324690+03:00,A40000000000000000000000,,1,"-67,5","865,7",Speedwayr-15-32-c2,"4,28287435977671",
2025-07-25T14:05:58.5346740+03:00,A20000000000000000000000,,1,-61,"865,7",Speedwayr-15-32-c2,"0,9633399347921826",
2025-07-25T14:05:58.5374990+03:00,A70000000000000000000000,,1,-65,"865,7",Speedwayr-15-32-c2,"1,9512235621905356",
2025-07-25T14:05:58.5399650+03:00,A80000000000000000000000,,1,"-68,5","865,7",Speedwayr-15-32-c2,"1,4296700943094176",
2025-07-25T14:05:58.5617790+03:00,A60000000000000000000000,,1,-71,"865,7",Speedwayr-15-32-c2,"4,7307967498393175",
2025-07-25T14:05:58.5680040+03:00,A30000000000000000000000,,1,-64,"865,7",Speedwayr-15-32-c2,"4,516039439535327",
2025-07-25T14:05:58.5754140+03:00,A70000000000000000000000,,1,-64,"865,7",Speedwayr-15-32-c2,"1,4296700943094176",
2025-07-25T14:05:58.5796190+03:00,A20000000000000000000000,,1,-62,"865,7",Speedwayr-15-32-c2,"0,9081166264282996",
2025-07-25T14:05:58.5810190+03:00,A80000000000000000000000,,1,"-69,5","865,7",Speedwayr-15-32-c2,"1,3314953238847365",
2025-07-25T14:05:58.5849200+03:00,A40000000000000000000000,,1,"-65,5","865,7",Speedwayr-15-32-c2,"4,331961744989051",
2025-07-25T14:05:58.5886640+03:00,A60000000000000000000000,,1,"-71,5","865,7",Speedwayr-15-32-c2,"2,2764274892222915",
2025-07-25T14:05:58.6027610+03:00,A20000000000000000000000,,1,-61,"865,7",Speedwayr-15-32-c2,"1,0246991663076084",
2025-07-25T14:05:58.6041150+03:00,A30000000000000000000000,,1,"-63,5","865,7",Speedwayr-15-32-c2,"4,632621979414636",
2025-07-25T14:05:58.6068660+03:00,A70000000000000000000000,,1,-65,"865,7",Speedwayr-15-32-c2,"1,3621749396424494",
2025-07-25T14:05:58.6094020+03:00,A40000000000000000000000,,1,"-65,5","865,7",Speedwayr-15-32-c2,"4,23378697456437",
2025-07-25T14:05:58.6269890+03:00,A80000000000000000000000,,1,-69,"865,7",Speedwayr-15-32-c2,"1,346835131763593",
2025-07-25T14:05:58.6360180+03:00,A20000000000000000000000,,1,"-61,5","865,7",Speedwayr-15-32-c2,"0,8528933180644165",
2025-07-25T14:05:58.6382340+03:00,A30000000000000000000000,,1,-64,"865,7",Speedwayr-15-32-c2,"4,460816131171445",
2025-07-25T14:05:58.6419240+03:00,A80000000000000000000000,,1,-69,"865,7",Speedwayr-15-32-c2,"1,1290098598838318",
2025-07-25T14:05:58.6469740+03:00,A40000000000000000000000,,1,"-66,5","865,7",Speedwayr-15-32-c2,"4,135612204139688",
2025-07-25T14:05:58.6496610+03:00,A70000000000000000000000,,1,"-64,5","865,7",Speedwayr-15-32-c2,"1,380582709097077",
2025-07-25T14:05:58.6834200+03:00,A60000000000000000000000,,1,-71,"865,7",Speedwayr-15-32-c2,"1,2455923997631406",
2025-07-25T14:05:58.6880650+03:00,A30000000000000000000000,,1,-64,"865,7",Speedwayr-15-32-c2,"4,466952054322987",
2025-07-25T14:05:58.6909400+03:00,A20000000000000000000000,,1,-63,"865,7",Speedwayr-15-32-c2,"0,8467573949128739",
2025-07-25T14:05:58.6930660+03:00,A70000000000000000000000,,1,-65,"865,7",Speedwayr-15-32-c2,"1,5278448647340985",
2025-07-25T14:05:58.6941320+03:00,A40000000000000000000000,,1,-63,"865,7",Speedwayr-15-32-c2,"4,2092432819582",
2025-07-25T14:05:58.7093120+03:00,A60000000000000000000000,,1,"-70,5","865,7",Speedwayr-15-32-c2,"0,7915340865489908",
2025-07-25T14:05:58.7166820+03:00,A80000000000000000000000,,1,"-68,5","865,7",Speedwayr-15-32-c2,"1,2946797849754812",
2025-07-25T14:05:58.7293950+03:00,A20000000000000000000000,,1,"-62,5","865,7",Speedwayr-15-32-c2,"0,6810874698212247",
2025-07-25T14:05:58.7313730+03:00,A40000000000000000000000,,1,-67,"865,7",Speedwayr-15-32-c2,"4,485359823777615",
2025-07-25T14:05:58.7395990+03:00,A30000000000000000000000,,1,"-62,5","865,7",Speedwayr-15-32-c2,"4,558990901596125",
2025-07-25T14:05:58.7407110+03:00,A80000000000000000000000,,1,-68,"865,7",Speedwayr-15-32-c2,"1,0369710126106935",
2025-07-25T14:05:58.7417430+03:00,A70000000000000000000000,,1,-65,"865,7",Speedwayr-15-32-c2,"1,2885438618239387",
2025-07-25T14:05:58.7479190+03:00,A60000000000000000000000,,1,"-69,5","865,7",Speedwayr-15-32-c2,"1,2578642460662257",
2025-07-25T14:05:58.7626710+03:00,A70000000000000000000000,,1,-65,"865,7",Speedwayr-15-32-c2,"1,3130875544301088",
2025-07-25T14:05:58.7662070+03:00,A30000000000000000000000,,1,"-62,5","865,7",Speedwayr-15-32-c2,"4,571262747899211",
2025-07-25T14:05:58.7684390+03:00,A20000000000000000000000,,1,-63,"865,7",Speedwayr-15-32-c2,"0,6381360077604268",
2025-07-25T14:05:58.7697610+03:00,A40000000000000000000000,,1,-66,"865,7",Speedwayr-15-32-c2,"4,246058820867455",
2025-07-25T14:05:58.7712790+03:00,A80000000000000000000000,,1,"-69,5","865,7",Speedwayr-15-32-c2,"0,7117670855789375",
2025-07-25T14:05:58.7794010+03:00,A60000000000000000000000,,1,-70,"865,7",Speedwayr-15-32-c2,"0,7669903939428205",
2025-07-25T14:05:58.7947360+03:00,A20000000000000000000000,,1,-62,"865,7",Speedwayr-15-32-c2,"0,6872233929727672",
2025-07-25T14:05:58.7986350+03:00,A70000000000000000000000,,1,-65,"865,7",Speedwayr-15-32-c2,"1,2210487071569704",
2025-07-25T14:05:58.8032160+03:00,A30000000000000000000000,,1,"-63,5","865,7",Speedwayr-15-32-c2,"4,7307967498393175",
2025-07-25T14:05:58.8071230+03:00,A40000000000000000000000,,1,-66,"865,7",Speedwayr-15-32-c2,"3,8288160465625602",
2025-07-25T14:05:58.8099050+03:00,A60000000000000000000000,,1,-70,"865,7",Speedwayr-15-32-c2,"0,5583690067903734",
2025-07-25T14:05:58.8111760+03:00,A80000000000000000000000,,1,"-68,5","865,7",Speedwayr-15-32-c2,"1,055378782065321",
2025-07-25T14:05:58.8262620+03:00,A20000000000000000000000,,1,"-62,5","865,7",Speedwayr-15-32-c2,"0,7853981633974483",
2025-07-25T14:05:58.8277560+03:00,A40000000000000000000000,,1,-66,"865,7",Speedwayr-15-32-c2,"4,06811704947272",
2025-07-25T14:05:58.8297070+03:00,A70000000000000000000000,,1,-65,"865,7",Speedwayr-15-32-c2,"1,030835089459151",
2025-07-25T14:05:58.8307880+03:00,A30000000000000000000000,,1,"-64,5","865,7",Speedwayr-15-32-c2,"4,595806440505381",
2025-07-25T14:05:58.8407780+03:00,A80000000000000000000000,,1,"-68,5","865,7",Speedwayr-15-32-c2,"0,7179030087304801",
2025-07-25T14:05:58.8501470+03:00,A60000000000000000000000,,1,"-71,5","865,7",Speedwayr-15-32-c2,"0,7424467013366504",
2025-07-25T14:05:58.8677170+03:00,A70000000000000000000000,,1,-65,"865,7",Speedwayr-15-32-c2,"1,423534171157875",
2025-07-25T14:05:58.8697120+03:00,A30000000000000000000000,,1,"-64,5","865,7",Speedwayr-15-32-c2,"4,540583132141498",
2025-07-25T14:05:58.8739750+03:00,A20000000000000000000000,,1,-63,"865,7",Speedwayr-15-32-c2,"0,44178646691106466",
2025-07-25T14:05:58.8766150+03:00,A40000000000000000000000,,1,"-66,5","865,7",Speedwayr-15-32-c2,"4,196971435655114",
2025-07-25T14:05:58.8907450+03:00,A60000000000000000000000,,1,"-72,5","865,7",Speedwayr-15-32-c2,"3,9392626632903265",
2025-07-25T14:05:58.8986880+03:00,A80000000000000000000000,,1,-71,"865,7",Speedwayr-15-32-c2,"0,8989127417009857",
2025-07-25T14:05:58.9027540+03:00,A20000000000000000000000,,1,-62,"865,7",Speedwayr-15-32-c2,"0,4663301595172349",
2025-07-25T14:05:58.9063200+03:00,A40000000000000000000000,,1,-66,"865,7",Speedwayr-15-32-c2,"4,086524818927348",
2025-07-25T14:05:58.9082590+03:00,A30000000000000000000000,,1,"-64,5","865,7",Speedwayr-15-32-c2,"4,522175362686871",
2025-07-25T14:05:58.9096150+03:00,A70000000000000000000000,,1,"-65,5","865,7",Speedwayr-15-32-c2,"1,1719613219446299",
2025-07-25T14:05:58.9293500+03:00,A60000000000000000000000,,1,-72,"865,7",Speedwayr-15-32-c2,"3,8840393549264434",
2025-07-25T14:05:58.9403710+03:00,A80000000000000000000000,,1,-71,"865,7",Speedwayr-15-32-c2,"0,8927768185494431",
2025-07-25T14:05:58.9497720+03:00,A20000000000000000000000,,1,"-63,5","865,7",Speedwayr-15-32-c2,"0,4356505437595221",
2025-07-25T14:05:58.9509700+03:00,A70000000000000000000000,,1,"-63,5","865,7",Speedwayr-15-32-c2,"1,0185632431560658",
2025-07-25T14:05:58.9520970+03:00,A30000000000000000000000,,1,-64,"865,7",Speedwayr-15-32-c2,"4,552854978444583",
2025-07-25T14:05:58.9561760+03:00,A40000000000000000000000,,1,"-67,5","865,7",Speedwayr-15-32-c2,"4,154019973594316",
2025-07-25T14:05:58.9711550+03:00,A80000000000000000000000,,1,-71,"865,7",Speedwayr-15-32-c2,"0,8314175870340175",
2025-07-25T14:05:58.9861160+03:00,A60000000000000000000000,,1,"-71,5","865,7",Speedwayr-15-32-c2,"0,47860200582032003",
2025-07-25T14:05:58.9921990+03:00,A30000000000000000000000,,1,-64,"865,7",Speedwayr-15-32-c2,"4,577398671050753",
2025-07-25T14:05:58.9979790+03:00,A20000000000000000000000,,1,"-63,5","865,7",Speedwayr-15-32-c2,"0,4663301595172349",
2025-07-25T14:05:58.9994290+03:00,A40000000000000000000000,,1,-66,"865,7",Speedwayr-15-32-c2,"3,9699422790480394",
2025-07-25T14:05:59.0010680+03:00,A80000000000000000000000,,1,-69,"865,7",Speedwayr-15-32-c2,"0,9203884727313847",
2025-07-25T14:05:59.0022650+03:00,A70000000000000000000000,,1,-66,"865,7",Speedwayr-15-32-c2,"1,043106935762236",
2025-07-25T14:05:59.0183710+03:00,A60000000000000000000000,,1,-72,"865,7",Speedwayr-15-32-c2,"0,5767767762450011",
2025-07-25T14:05:59.0235690+03:00,A30000000000000000000000,,1,"-64,5","865,7",Speedwayr-15-32-c2,"4,430136515413731",
2025-07-25T14:05:59.0272510+03:00,A20000000000000000000000,,1,"-64,5","865,7",Speedwayr-15-32-c2,"0,39269908169872414",
2025-07-25T14:05:59.0363440+03:00,A40000000000000000000000,,1,-63,"865,7",Speedwayr-15-32-c2,"4,0558452031696355",
2025-07-25T14:05:59.0388330+03:00,A70000000000000000000000,,1,-65,"865,7",Speedwayr-15-32-c2,"0,944932165337555",
2025-07-25T14:05:59.0499990+03:00,A80000000000000000000000,,1,"-70,5","865,7",Speedwayr-15-32-c2,"0,1349903093339364",
2025-07-25T14:05:59.0625140+03:00,A30000000000000000000000,,1,-64,"865,7",Speedwayr-15-32-c2,"4,614214209960009",
2025-07-25T14:05:59.0649440+03:00,A40000000000000000000000,,1,-68,"865,7",Speedwayr-15-32-c2,"3,834951969714103",
2025-07-25T14:05:59.0686160+03:00,A80000000000000000000000,,1,"-69,5","865,7",Speedwayr-15-32-c2,"0,46019423636569234",
2025-07-25T14:05:59.0697000+03:00,A70000000000000000000000,,1,-66,"865,7",Speedwayr-15-32-c2,"0,7179030087304801",
2025-07-25T14:05:59.0707860+03:00,A20000000000000000000000,,1,-64,"865,7",Speedwayr-15-32-c2,"0,1349903093339364",
2025-07-25T14:05:59.0793400+03:00,A60000000000000000000000,,1,"-69,5","865,7",Speedwayr-15-32-c2,"0,1902136176978195",
2025-07-25T14:05:59.0970980+03:00,A40000000000000000000000,,1,-68,"865,7",Speedwayr-15-32-c2,"4,037437433715008",
2025-07-25T14:05:59.0982500+03:00,A20000000000000000000000,,1,"-64,5","865,7",Speedwayr-15-32-c2,"0,2270291566070749",
2025-07-25T14:05:59.0993630+03:00,A30000000000000000000000,,1,"-64,5","865,7",Speedwayr-15-32-c2,"4,411728745959104",
2025-07-25T14:05:59.1037340+03:00,A70000000000000000000000,,1,"-63,5","865,7",Speedwayr-15-32-c2,"0,859029241215959",
2025-07-25T14:05:59.1119680+03:00,A60000000000000000000000,,1,-66,"865,7",Speedwayr-15-32-c2,"0,4111068511533518",
2025-07-25T14:05:59.1170550+03:00,A80000000000000000000000,,1,-67,"865,7",Speedwayr-15-32-c2,"0,4049709280018093",
2025-07-25T14:05:59.1351400+03:00,A20000000000000000000000,,1,"-63,5","865,7",Speedwayr-15-32-c2,"0,30679615757712825",
2025-07-25T14:05:59.1365790+03:00,A30000000000000000000000,,1,-65,"865,7",Speedwayr-15-32-c2,"4,546719055293041",
2025-07-25T14:05:59.1381650+03:00,A70000000000000000000000,,1,-66,"865,7",Speedwayr-15-32-c2,"0,8160777791551611",
2025-07-25T14:05:59.1703730+03:00,A80000000000000000000000,,1,"-71,5","865,7",Speedwayr-15-32-c2,"3,7337092377136507",
2025-07-25T14:05:59.1767890+03:00,A70000000000000000000000,,1,"-63,5","865,7",Speedwayr-15-32-c2,"0,803805932852076",
2025-07-25T14:05:59.1782590+03:00,A40000000000000000000000,,1,"-69,5","865,7",Speedwayr-15-32-c2,"3,5895150436524004",
2025-07-25T14:05:59.1793570+03:00,A20000000000000000000000,,1,-65,"865,7",Speedwayr-15-32-c2,"6,277049384028044",
2025-07-25T14:05:59.1806840+03:00,A30000000000000000000000,,1,"-64,5","865,7",Speedwayr-15-32-c2,"4,411728745959104",
2025-07-25T14:05:59.1990220+03:00,A40000000000000000000000,,1,-66,"865,7",Speedwayr-15-32-c2,"3,8717675086233583",
2025-07-25T14:05:59.2011880+03:00,A20000000000000000000000,,1,"-64,5","865,7",Speedwayr-15-32-c2,"0,1349903093339364",
2025-07-25T14:05:59.2023160+03:00,A30000000000000000000000,,1,"-64,5","865,7",Speedwayr-15-32-c2,"4,651029748869264",
2025-07-25T14:05:59.2050600+03:00,A70000000000000000000000,,1,"-65,5","865,7",Speedwayr-15-32-c2,"0,8344855486097889",
2025-07-25T14:05:59.2191850+03:00,A40000000000000000000000,,1,"-69,5","865,7",Speedwayr-15-32-c2,"3,8963112012295285",
2025-07-25T14:05:59.2213620+03:00,A70000000000000000000000,,1,-66,"865,7",Speedwayr-15-32-c2,"1,0062913968529805",
2025-07-25T14:05:59.2224310+03:00,A30000000000000000000000,,1,-64,"865,7",Speedwayr-15-32-c2,"4,779884135051658",
2025-07-25T14:05:59.2254460+03:00,A20000000000000000000000,,1,"-64,5","865,7",Speedwayr-15-32-c2,"0,05522330836388308",
2025-07-25T14:05:59.2296920+03:00,A80000000000000000000000,,1,"-70,5","865,7",Speedwayr-15-32-c2,"0,3865631585471816",
2025-07-25T14:05:59.2317220+03:00,A60000000000000000000000,,1,-69,"865,7",Speedwayr-15-32-c2,"0,07363107781851078",
2025-07-25T14:05:59.2487540+03:00,A30000000000000000000000,,1,-64,"865,7",Speedwayr-15-32-c2,"4,374913207049849",
2025-07-25T14:05:59.2534240+03:00,A70000000000000000000000,,1,-66,"865,7",Speedwayr-15-32-c2,"0,8283496254582462",
2025-07-25T14:05:59.2574670+03:00,A40000000000000000000000,,1,"-65,5","865,7",Speedwayr-15-32-c2,"4,104932588381976",
2025-07-25T14:05:59.2585680+03:00,A20000000000000000000000,,1,-64,"865,7",Speedwayr-15-32-c2,"0,01227184630308513",
2025-07-25T14:05:59.2881230+03:00,A80000000000000000000000,,1,-71,"865,7",Speedwayr-15-32-c2,"0,6872233929727672",
2025-07-25T14:05:59.2905810+03:00,A60000000000000000000000,,1,-72,"865,7",Speedwayr-15-32-c2,"3,313398501832985",
2025-07-25T14:05:59.2993440+03:00,A30000000000000000000000,,1,-65,"865,7",Speedwayr-15-32-c2,"4,430136515413731",
2025-07-25T14:05:59.3088280+03:00,A70000000000000000000000,,1,"-65,5","865,7",Speedwayr-15-32-c2,"0,5460971604872883",
2025-07-25T14:05:59.3103130+03:00,A20000000000000000000000,,1,-64,"865,7",Speedwayr-15-32-c2,"6,215690152512618",
2025-07-25T14:05:59.3121620+03:00,A40000000000000000000000,,1,"-67,5","865,7",Speedwayr-15-32-c2,"3,9392626632903265",
2025-07-25T14:05:59.3391310+03:00,A20000000000000000000000,,1,"-64,5","865,7",Speedwayr-15-32-c2,"0,02454369260617026",
2025-07-25T14:05:59.3429190+03:00,A30000000000000000000000,,1,"-64,5","865,7",Speedwayr-15-32-c2,"4,466952054322987",
2025-07-25T14:05:59.3500400+03:00,A40000000000000000000000,,1,-69,"865,7",Speedwayr-15-32-c2,"3,847223816017188",
2025-07-25T14:05:59.3514530+03:00,A70000000000000000000000,,1,"-66,5","865,7",Speedwayr-15-32-c2,"0,5890486225480862",
2025-07-25T14:05:59.3589290+03:00,A60000000000000000000000,,1,"-70,5","865,7",Speedwayr-15-32-c2,"0,14112623248547898",
2025-07-25T14:05:59.3810330+03:00,A20000000000000000000000,,1,"-64,5","865,7",Speedwayr-15-32-c2,"6,191146459906448",
2025-07-25T14:05:59.3872990+03:00,A30000000000000000000000,,1,"-62,5","865,7",Speedwayr-15-32-c2,"4,503767593232243",
2025-07-25T14:05:59.3893190+03:00,A40000000000000000000000,,1,-66,"865,7",Speedwayr-15-32-c2,"3,8840393549264434",
2025-07-25T14:05:59.3906320+03:00,A70000000000000000000000,,1,-66,"865,7",Speedwayr-15-32-c2,"0,6994952392758523",
2025-07-25T14:05:59.4101100+03:00,A60000000000000000000000,,1,"-68,5","865,7",Speedwayr-15-32-c2,"0,17794177139473438",
2025-07-25T14:05:59.4368380+03:00,A80000000000000000000000,,1,"-71,5","865,7",Speedwayr-15-32-c2,"0,6442719309119693",
2025-07-25T14:05:59.4406370+03:00,A30000000000000000000000,,1,"-64,5","865,7",Speedwayr-15-32-c2,"4,454680208019902",
2025-07-25T14:05:59.4420020+03:00,A20000000000000000000000,,1,-62,"865,7",Speedwayr-15-32-c2,"6,074563920027139",
2025-07-25T14:05:59.4491540+03:00,A70000000000000000000000,,1,"-66,5","865,7",Speedwayr-15-32-c2,"0,3620194659410113",
2025-07-25T14:05:59.4509300+03:00,A80000000000000000000000,,1,"-70,5","865,7",Speedwayr-15-32-c2,"0,5522330836388308",
2025-07-25T14:05:59.4791040+03:00,A60000000000000000000000,,1,-71,"865,7",Speedwayr-15-32-c2,"0,19634954084936207",
2025-07-25T14:05:59.4833350+03:00,A30000000000000000000000,,1,"-64,5","865,7",Speedwayr-15-32-c2,"4,534447208989955",
2025-07-25T14:05:59.4881170+03:00,A40000000000000000000000,,1,"-68,5","865,7",Speedwayr-15-32-c2,"3,663146121470911",
2025-07-25T14:05:59.4891740+03:00,A20000000000000000000000,,1,"-64,5","865,7",Speedwayr-15-32-c2,"6,111379458936394",
2025-07-25T14:05:59.4975670+03:00,A70000000000000000000000,,1,"-65,5","865,7",Speedwayr-15-32-c2,"0,8160777791551611",
2025-07-25T14:05:59.5002940+03:00,A60000000000000000000000,,1,-71,"865,7",Speedwayr-15-32-c2,"0,4172427743048944",
2025-07-25T14:05:59.5110040+03:00,A80000000000000000000000,,1,-71,"865,7",Speedwayr-15-32-c2,"0,6105243535784852",
2025-07-25T14:05:59.5197020+03:00,A30000000000000000000000,,1,"-64,5","865,7",Speedwayr-15-32-c2,"4,405592822807561",
2025-07-25T14:05:59.5238010+03:00,A20000000000000000000000,,1,"-61,5","865,7",Speedwayr-15-32-c2,"6,19728238305799",
2025-07-25T14:05:59.5276780+03:00,A70000000000000000000000,,1,-65,"865,7",Speedwayr-15-32-c2,"0,9265243958829272",
2025-07-25T14:05:59.5303140+03:00,A40000000000000000000000,,1,"-68,5","865,7",Speedwayr-15-32-c2,"3,902447124381071",
2025-07-25T14:05:59.5802680+03:00,A80000000000000000000000,,1,"-71,5","865,7",Speedwayr-15-32-c2,"3,868699547047587",
2025-07-25T14:05:59.5986700+03:00,A60000000000000000000000,,1,"-71,5","865,7",Speedwayr-15-32-c2,"0,4325825821837508",
2025-07-25T14:05:59.6044620+03:00,A70000000000000000000000,,1,"-66,5","865,7",Speedwayr-15-32-c2,"0,9326603190344698",
2025-07-25T14:05:59.6061760+03:00,A30000000000000000000000,,1,-64,"865,7",Speedwayr-15-32-c2,"4,387185053352934",
2025-07-25T14:05:59.6093510+03:00,A40000000000000000000000,,1,"-69,5","865,7",Speedwayr-15-32-c2,"3,8410878928656453",
2025-07-25T14:05:59.6122430+03:00,A20000000000000000000000,,1,-63,"865,7",Speedwayr-15-32-c2,"0,07976700097005335",
2025-07-25T14:05:59.6185370+03:00,A80000000000000000000000,,1,-69,"865,7",Speedwayr-15-32-c2,"0,6381360077604268",
2025-07-25T14:05:59.6299340+03:00,A60000000000000000000000,,1,"-69,5","865,7",Speedwayr-15-32-c2,"0,44178646691106466",
2025-07-25T14:05:59.6437290+03:00,A30000000000000000000000,,1,-64,"865,7",Speedwayr-15-32-c2,"4,424000592262189",
2025-07-25T14:05:59.6469060+03:00,A20000000000000000000000,,1,-64,"865,7",Speedwayr-15-32-c2,"0,0859029241215959",
2025-07-25T14:05:59.6525710+03:00,A70000000000000000000000,,1,"-62,5","865,7",Speedwayr-15-32-c2,"0,9265243958829272",
2025-07-25T14:05:59.6582480+03:00,A60000000000000000000000,,1,-71,"865,7",Speedwayr-15-32-c2,"0,5829126993965437",
2025-07-25T14:05:59.6594080+03:00,A80000000000000000000000,,1,-70,"865,7",Speedwayr-15-32-c2,"0,5154175447295755",
2025-07-25T14:05:59.6605180+03:00,A40000000000000000000000,,1,-68,"865,7",Speedwayr-15-32-c2,"3,810408277107933",
2025-07-25T14:05:59.6772960+03:00,A30000000000000000000000,,1,"-63,5","865,7",Speedwayr-15-32-c2,"4,374913207049849",
2025-07-25T14:05:59.6785990+03:00,A70000000000000000000000,,1,"-65,5","865,7",Speedwayr-15-32-c2,"1,000155473701438",
2025-07-25T14:05:59.6804690+03:00,A20000000000000000000000,,1,-63,"865,7",Speedwayr-15-32-c2,"0,20248546400090464",
2025-07-25T14:05:59.6894010+03:00,A40000000000000000000000,,1,-69,"865,7",Speedwayr-15-32-c2,"4,006757817957295",
2025-07-25T14:05:59.7186240+03:00,A80000000000000000000000,,1,"-71,5","865,7",Speedwayr-15-32-c2,"3,9822141253511245",
2025-07-25T14:05:59.7391570+03:00,A30000000000000000000000,,1,"-64,5","865,7",Speedwayr-15-32-c2,"4,466952054322987",
2025-07-25T14:05:59.7401820+03:00,A20000000000000000000000,,1,"-63,5","865,7",Speedwayr-15-32-c2,"0,16566992509164924",
2025-07-25T14:05:59.7412550+03:00,A70000000000000000000000,,1,-66,"865,7",Speedwayr-15-32-c2,"1,2026409377023426",
2025-07-25T14:05:59.7572260+03:00,A80000000000000000000000,,1,"-66,5","865,7",Speedwayr-15-32-c2,"0,7485826244881929",
2025-07-25T14:05:59.7582770+03:00,A40000000000000000000000,,1,-68,"865,7",Speedwayr-15-32-c2,"3,816544200259475",
2025-07-25T14:05:59.7687540+03:00,A60000000000000000000000,,1,"-70,5","865,7",Speedwayr-15-32-c2,"0,5706408530934585",
2025-07-25T14:05:59.7857090+03:00,A70000000000000000000000,,1,-66,"865,7",Speedwayr-15-32-c2,"6,264777537724958",
2025-07-25T14:05:59.7870820+03:00,A30000000000000000000000,,1,"-62,5","865,7",Speedwayr-15-32-c2,"4,693981210930062",
2025-07-25T14:05:59.7891030+03:00,A60000000000000000000000,,1,-72,"865,7",Speedwayr-15-32-c2,"1,2087768608538851",
2025-07-25T14:05:59.7924660+03:00,A20000000000000000000000,,1,-64,"865,7",Speedwayr-15-32-c2,"0,28225246497095796",
2025-07-25T14:05:59.7973580+03:00,A80000000000000000000000,,1,-71,"865,7",Speedwayr-15-32-c2,"0,7424467013366504",
2025-07-25T14:05:59.8092530+03:00,A70000000000000000000000,,1,-65,"865,7",Speedwayr-15-32-c2,"1,0615147052168636",
2025-07-25T14:05:59.8107750+03:00,A30000000000000000000000,,1,"-64,5","865,7",Speedwayr-15-32-c2,"4,638757902566179",
2025-07-25T14:05:59.8172510+03:00,A20000000000000000000000,,1,"-63,5","865,7",Speedwayr-15-32-c2,"0,1595340019401067",
2025-07-25T14:05:59.8297660+03:00,A60000000000000000000000,,1,-70,"865,7",Speedwayr-15-32-c2,"0,607456392002714",
2025-07-25T14:05:59.8448940+03:00,A80000000000000000000000,,1,"-70,5","865,7",Speedwayr-15-32-c2,"0,7853981633974483",
2025-07-25T14:05:59.8464900+03:00,A40000000000000000000000,,1,"-68,5","865,7",Speedwayr-15-32-c2,"0,684155431396996",
2025-07-25T14:05:59.8500320+03:00,A70000000000000000000000,,1,"-65,5","865,7",Speedwayr-15-32-c2,"1,2087768608538851",
2025-07-25T14:05:59.8573610+03:00,A20000000000000000000000,,1,-62,"865,7",Speedwayr-15-32-c2,"0,2945243112740431",
2025-07-25T14:05:59.8600860+03:00,A30000000000000000000000,,1,-64,"865,7",Speedwayr-15-32-c2,"4,638757902566179",
2025-07-25T14:05:59.8719940+03:00,A60000000000000000000000,,1,-71,"865,7",Speedwayr-15-32-c2,"0,6749515466696822",
2025-07-25T14:05:59.8793900+03:00,A80000000000000000000000,,1,"-69,5","865,7",Speedwayr-15-32-c2,"0,9817477042468103",
2025-07-25T14:05:59.8804740+03:00,A40000000000000000000000,,1,"-69,5","865,7",Speedwayr-15-32-c2,"3,988350048502667",
2025-07-25T14:05:59.8963570+03:00,A30000000000000000000000,,1,"-64,5","865,7",Speedwayr-15-32-c2,"4,706253057233147",
2025-07-25T14:05:59.8981240+03:00,A20000000000000000000000,,1,-63,"865,7",Speedwayr-15-32-c2,"0,3190680038802134",
2025-07-25T14:05:59.9016080+03:00,A70000000000000000000000,,1,"-63,5","865,7",Speedwayr-15-32-c2,"1,4726215563702154",
2025-07-25T14:05:59.9087980+03:00,A40000000000000000000000,,1,-69,"865,7",Speedwayr-15-32-c2,"4,509903516383785",
2025-07-25T14:05:59.9181140+03:00,A80000000000000000000000,,1,"-70,5","865,7",Speedwayr-15-32-c2,"0,7363107781851077",
2025-07-25T14:05:59.9200450+03:00,A60000000000000000000000,,1,"-68,5","865,7",Speedwayr-15-32-c2,"1,0062913968529805",
2025-07-25T14:05:59.9339400+03:00,A70000000000000000000000,,1,"-65,5","865,7",Speedwayr-15-32-c2,"1,3499030933393643",
2025-07-25T14:05:59.9381880+03:00,A20000000000000000000000,,1,-62,"865,7",Speedwayr-15-32-c2,"0,37429131224409645",
2025-07-25T14:05:59.9426290+03:00,A30000000000000000000000,,1,"-63,5","865,7",Speedwayr-15-32-c2,"4,6448938257177215",
2025-07-25T14:05:59.9585050+03:00,A40000000000000000000000,,1,-69,"865,7",Speedwayr-15-32-c2,"4,04357335686655",
2025-07-25T14:05:59.9806600+03:00,A80000000000000000000000,,1,-71,"865,7",Speedwayr-15-32-c2,"1,0952622825503477",
2025-07-25T14:05:59.9884710+03:00,A40000000000000000000000,,1,"-68,5","865,7",Speedwayr-15-32-c2,"4,184699589352029",
2025-07-25T14:05:59.9901340+03:00,A20000000000000000000000,,1,-63,"865,7",Speedwayr-15-32-c2,"0,48473792897186263",
2025-07-25T14:05:59.9956680+03:00,A30000000000000000000000,,1,"-64,5","865,7",Speedwayr-15-32-c2,"4,878058905476339",
2025-07-25T14:05:59.9986170+03:00,A70000000000000000000000,,1,"-65,5","865,7",Speedwayr-15-32-c2,"1,141281706186917",
2025-07-25T14:06:00.0001160+03:00,A60000000000000000000000,,1,"-67,5","865,7",Speedwayr-15-32-c2,"0,6810874698212247",
2025-07-25T14:06:00.0186080+03:00,A80000000000000000000000,,1,-71,"865,7",Speedwayr-15-32-c2,"4,218447166685513",
2025-07-25T14:06:00.0228210+03:00,A70000000000000000000000,,1,"-65,5","865,7",Speedwayr-15-32-c2,"1,325359400733194",
2025-07-25T14:06:00.0265400+03:00,A30000000000000000000000,,1,"-64,5","865,7",Speedwayr-15-32-c2,"5,0253210611133605",
2025-07-25T14:06:00.0301930+03:00,A40000000000000000000000,,1,"-69,5","865,7",Speedwayr-15-32-c2,"4,184699589352029",
2025-07-25T14:06:00.0333510+03:00,A20000000000000000000000,,1,-64,"865,7",Speedwayr-15-32-c2,"0,5645049299419159",
2025-07-25T14:06:00.0375200+03:00,A80000000000000000000000,,1,-70,"865,7",Speedwayr-15-32-c2,"0,9633399347921826",
2025-07-25T14:06:00.0422220+03:00,A60000000000000000000000,,1,-64,"865,7",Speedwayr-15-32-c2,"0,859029241215959",
2025-07-25T14:06:00.0547880+03:00,A30000000000000000000000,,1,"-63,5","865,7",Speedwayr-15-32-c2,"4,773748211900116",
2025-07-25T14:06:00.0566380+03:00,A20000000000000000000000,,1,-63,"865,7",Speedwayr-15-32-c2,"0,5951845456996288",
2025-07-25T14:06:00.0599620+03:00,A40000000000000000000000,,1,-69,"865,7",Speedwayr-15-32-c2,"4,331961744989051",
2025-07-25T14:06:00.0630690+03:00,A70000000000000000000000,,1,-65,"865,7",Speedwayr-15-32-c2,"1,3192234775816514",
2025-07-25T14:06:00.0686970+03:00,A80000000000000000000000,,1,-69,"865,7",Speedwayr-15-32-c2,"1,1228739367322893",
2025-07-25T14:06:00.0719110+03:00,A60000000000000000000000,,1,"-65,5","865,7",Speedwayr-15-32-c2,"1,086058397823034",
2025-07-25T14:06:00.0856690+03:00,A20000000000000000000000,,1,"-63,5","865,7",Speedwayr-15-32-c2,"0,607456392002714",
2025-07-25T14:06:00.0878890+03:00,A30000000000000000000000,,1,"-64,5","865,7",Speedwayr-15-32-c2,"4,9823695990525625",
2025-07-25T14:06:00.0913980+03:00,A70000000000000000000000,,1,"-65,5","865,7",Speedwayr-15-32-c2,"1,509437095279471",
2025-07-25T14:06:00.0962130+03:00,A40000000000000000000000,,1,-69,"865,7",Speedwayr-15-32-c2,"4,6448938257177215",
2025-07-25T14:06:00.1000720+03:00,A80000000000000000000000,,1,"-70,5","865,7",Speedwayr-15-32-c2,"1,0676506283684062",
2025-07-25T14:06:00.1081330+03:00,A60000000000000000000000,,1,"-69,5","865,7",Speedwayr-15-32-c2,"1,3008157081270237",
2025-07-25T14:06:00.1219830+03:00,A20000000000000000000000,,1,"-63,5","865,7",Speedwayr-15-32-c2,"0,6258641614573416",
2025-07-25T14:06:00.1259020+03:00,A70000000000000000000000,,1,"-65,5","865,7",Speedwayr-15-32-c2,"1,380582709097077",
2025-07-25T14:06:00.1275320+03:00,A30000000000000000000000,,1,-63,"865,7",Speedwayr-15-32-c2,"5,049864753719531",
2025-07-25T14:06:00.1338240+03:00,A80000000000000000000000,,1,-64,"865,7",Speedwayr-15-32-c2,"1,1106020904292042",
2025-07-25T14:06:00.1380740+03:00,A60000000000000000000000,,1,-71,"865,7",Speedwayr-15-32-c2,"4,338097668140593",
2025-07-25T14:06:00.1457010+03:00,A40000000000000000000000,,1,"-68,5","865,7",Speedwayr-15-32-c2,"1,1596894756415448",
2025-07-25T14:06:00.1510830+03:00,A30000000000000000000000,,1,-64,"865,7",Speedwayr-15-32-c2,"4,97623367590102",
2025-07-25T14:06:00.1551960+03:00,A20000000000000000000000,,1,"-64,5","865,7",Speedwayr-15-32-c2,"0,5829126993965437",
2025-07-25T14:06:00.1571430+03:00,A70000000000000000000000,,1,"-66,5","865,7",Speedwayr-15-32-c2,"1,552388557340269",
2025-07-25T14:06:00.1593210+03:00,A40000000000000000000000,,1,-67,"865,7",Speedwayr-15-32-c2,"4,558990901596125",
2025-07-25T14:06:00.1779020+03:00,A80000000000000000000000,,1,"-70,5","865,7",Speedwayr-15-32-c2,"1,205708899278114",
2025-07-25T14:06:00.1811410+03:00,A20000000000000000000000,,1,"-63,5","865,7",Speedwayr-15-32-c2,"0,7424467013366504",
2025-07-25T14:06:00.1843260+03:00,A40000000000000000000000,,1,-65,"865,7",Speedwayr-15-32-c2,"4,442408361716817",
2025-07-25T14:06:00.1856800+03:00,A70000000000000000000000,,1,"-64,5","865,7",Speedwayr-15-32-c2,"1,2517283229146832",
2025-07-25T14:06:00.1896360+03:00,A30000000000000000000000,,1,-63,"865,7",Speedwayr-15-32-c2,"5,056000676871073",
2025-07-25T14:06:00.2069110+03:00,A60000000000000000000000,,1,-70,"865,7",Speedwayr-15-32-c2,"1,2885438618239387",
2025-07-25T14:06:00.2085940+03:00,A80000000000000000000000,,1,-71,"865,7",Speedwayr-15-32-c2,"1,346835131763593",
2025-07-25T14:06:00.2124740+03:00,A70000000000000000000000,,1,"-64,5","865,7",Speedwayr-15-32-c2,"1,5830681730979816",
2025-07-25T14:06:00.2177660+03:00,A40000000000000000000000,,1,"-69,5","865,7",Speedwayr-15-32-c2,"4,509903516383785",
2025-07-25T14:06:00.2189490+03:00,A30000000000000000000000,,1,-64,"865,7",Speedwayr-15-32-c2,"5,0253210611133605",
2025-07-25T14:06:00.2200720+03:00,A20000000000000000000000,,1,-63,"865,7",Speedwayr-15-32-c2,"0,6504078540635119",
2025-07-25T14:06:00.2240640+03:00,A80000000000000000000000,,1,-65,"865,7",Speedwayr-15-32-c2,"0,6872233929727672",
2025-07-25T14:06:00.2458160+03:00,A30000000000000000000000,,1,"-63,5","865,7",Speedwayr-15-32-c2,"5,006913291658733",
2025-07-25T14:06:00.2478160+03:00,A20000000000000000000000,,1,"-62,5","865,7",Speedwayr-15-32-c2,"0,5645049299419159",
2025-07-25T14:06:00.2489380+03:00,A70000000000000000000000,,1,"-63,5","865,7",Speedwayr-15-32-c2,"1,662835174068035",
2025-07-25T14:06:00.2512430+03:00,A40000000000000000000000,,1,"-68,5","865,7",Speedwayr-15-32-c2,"4,442408361716817",
2025-07-25T14:06:00.2566550+03:00,A80000000000000000000000,,1,"-69,5","865,7",Speedwayr-15-32-c2,"1,5155730184310134",
2025-07-25T14:06:00.2593300+03:00,A60000000000000000000000,,1,-68,"865,7",Speedwayr-15-32-c2,"1,3560390164909069",
2025-07-25T14:06:00.2744480+03:00,A30000000000000000000000,,1,-62,"865,7",Speedwayr-15-32-c2,"4,97623367590102",
2025-07-25T14:06:00.2775260+03:00,A20000000000000000000000,,1,-63,"865,7",Speedwayr-15-32-c2,"0,7731263170943632",
2025-07-25T14:06:00.2790970+03:00,A70000000000000000000000,,1,-66,"865,7",Speedwayr-15-32-c2,"1,6137477888556946",
2025-07-25T14:06:00.2803270+03:00,A40000000000000000000000,,1,-70,"865,7",Speedwayr-15-32-c2,"4,405592822807561",
2025-07-25T14:06:00.2824240+03:00,A60000000000000000000000,,1,-65,"865,7",Speedwayr-15-32-c2,"1,3560390164909069",
2025-07-25T14:06:00.2874070+03:00,A80000000000000000000000,,1,"-69,5","865,7",Speedwayr-15-32-c2,"1,2210487071569704",
2025-07-25T14:06:00.3012790+03:00,A40000000000000000000000,,1,-69,"865,7",Speedwayr-15-32-c2,"4,454680208019902",
2025-07-25T14:06:00.3042440+03:00,A30000000000000000000000,,1,-64,"865,7",Speedwayr-15-32-c2,"5,043728830567988",
2025-07-25T14:06:00.3057270+03:00,A70000000000000000000000,,1,"-64,5","865,7",Speedwayr-15-32-c2,"1,6321555583103222",
2025-07-25T14:06:00.3074930+03:00,A20000000000000000000000,,1,"-63,5","865,7",Speedwayr-15-32-c2,"0,8160777791551611",
2025-07-25T14:06:00.3102640+03:00,A60000000000000000000000,,1,"-71,5","865,7",Speedwayr-15-32-c2,"1,5033011721279284",
2025-07-25T14:06:00.3166820+03:00,A80000000000000000000000,,1,"-69,5","865,7",Speedwayr-15-32-c2,"1,6382914814618648",
2025-07-25T14:06:00.3290270+03:00,A70000000000000000000000,,1,"-66,5","865,7",Speedwayr-15-32-c2,"1,6444274046134073",
2025-07-25T14:06:00.3323350+03:00,A20000000000000000000000,,1,-63,"865,7",Speedwayr-15-32-c2,"0,9142525495798421",
2025-07-25T14:06:00.3367080+03:00,A30000000000000000000000,,1,-64,"865,7",Speedwayr-15-32-c2,"5,141903600992669",
2025-07-25T14:06:00.3403690+03:00,A40000000000000000000000,,1,"-68,5","865,7",Speedwayr-15-32-c2,"4,454680208019902",
2025-07-25T14:06:00.3414970+03:00,A80000000000000000000000,,1,-70,"865,7",Speedwayr-15-32-c2,"1,7794177139473437",
2025-07-25T14:06:00.3577900+03:00,A30000000000000000000000,,1,-63,"865,7",Speedwayr-15-32-c2,"5,086680292628786",
2025-07-25T14:06:00.3588340+03:00,A70000000000000000000000,,1,"-64,5","865,7",Speedwayr-15-32-c2,"1,7119225592803755",
2025-07-25T14:06:00.3599170+03:00,A60000000000000000000000,,1,-69,"865,7",Speedwayr-15-32-c2,"1,4971652489763858",
2025-07-25T14:06:00.3612550+03:00,A40000000000000000000000,,1,"-69,5","865,7",Speedwayr-15-32-c2,"4,460816131171445",
2025-07-25T14:06:00.3623770+03:00,A20000000000000000000000,,1,-63,"865,7",Speedwayr-15-32-c2,"0,8528933180644165",
2025-07-25T14:06:00.3729800+03:00,A80000000000000000000000,,1,-69,"865,7",Speedwayr-15-32-c2,"1,543184672612955",
2025-07-25T14:06:00.3830010+03:00,A30000000000000000000000,,1,"-62,5","865,7",Speedwayr-15-32-c2,"5,062136600022616",
2025-07-25T14:06:00.3860200+03:00,A80000000000000000000000,,1,-70,"865,7",Speedwayr-15-32-c2,"1,4419419406125027",
2025-07-25T14:06:00.3870460+03:00,A70000000000000000000000,,1,-66,"865,7",Speedwayr-15-32-c2,"1,8530487917658545",
2025-07-25T14:06:00.3886790+03:00,A20000000000000000000000,,1,-63,"865,7",Speedwayr-15-32-c2,"0,8774370106705868",
2025-07-25T14:06:00.3995600+03:00,A60000000000000000000000,,1,"-69,5","865,7",Speedwayr-15-32-c2,"1,5401167110371838",
2025-07-25T14:06:00.4147410+03:00,A30000000000000000000000,,1,-63,"865,7",Speedwayr-15-32-c2,"5,019185137961818",
2025-07-25T14:06:00.4170890+03:00,A20000000000000000000000,,1,"-62,5","865,7",Speedwayr-15-32-c2,"1,000155473701438",
2025-07-25T14:06:00.4184000+03:00,A70000000000000000000000,,1,-66,"865,7",Speedwayr-15-32-c2,"1,88986433067511",
2025-07-25T14:06:00.4274010+03:00,A40000000000000000000000,,1,-69,"865,7",Speedwayr-15-32-c2,"4,485359823777615",
2025-07-25T14:06:00.4285180+03:00,A80000000000000000000000,,1,-69,"865,7",Speedwayr-15-32-c2,"1,736466251886546",
2025-07-25T14:06:00.4429300+03:00,A30000000000000000000000,,1,-63,"865,7",Speedwayr-15-32-c2,"4,724660826687775",
2025-07-25T14:06:00.4448810+03:00,A20000000000000000000000,,1,"-63,5","865,7",Speedwayr-15-32-c2,"0,9694758579437253",
2025-07-25T14:06:00.4477500+03:00,A40000000000000000000000,,1,-66,"865,7",Speedwayr-15-32-c2,"4,571262747899211",
2025-07-25T14:06:00.4500000+03:00,A60000000000000000000000,,1,-70,"865,7",Speedwayr-15-32-c2,"1,4910293258248433",
2025-07-25T14:06:00.4574530+03:00,A70000000000000000000000,,1,"-66,5","865,7",Speedwayr-15-32-c2,"2,12916533358527",
2025-07-25T14:06:00.4636340+03:00,A80000000000000000000000,,1,-68,"865,7",Speedwayr-15-32-c2,"1,8285050991596843",
2025-07-25T14:06:00.4765760+03:00,A20000000000000000000000,,1,"-63,5","865,7",Speedwayr-15-32-c2,"0,9081166264282996",
2025-07-25T14:06:00.4776700+03:00,A40000000000000000000000,,1,-69,"865,7",Speedwayr-15-32-c2,"4,601942363656923",
2025-07-25T14:06:00.4801230+03:00,A70000000000000000000000,,1,-67,"865,7",Speedwayr-15-32-c2,"2,000310947402876",
2025-07-25T14:06:00.4819890+03:00,A30000000000000000000000,,1,"-63,5","865,7",Speedwayr-15-32-c2,"5,1725832167503825",
2025-07-25T14:06:00.4851060+03:00,A60000000000000000000000,,1,"-70,5","865,7",Speedwayr-15-32-c2,"2,3009711818284617",
2025-07-25T14:06:00.4897360+03:00,A80000000000000000000000,,1,"-69,5","865,7",Speedwayr-15-32-c2,"1,718058482431918",
2025-07-25T14:06:00.5021480+03:00,A30000000000000000000000,,1,"-63,5","865,7",Speedwayr-15-32-c2,"5,190990986205009",
2025-07-25T14:06:00.5043770+03:00,A80000000000000000000000,,1,-65,"865,7",Speedwayr-15-32-c2,"1,8039614065535141",
2025-07-25T14:06:00.5080460+03:00,A20000000000000000000000,,1,"-63,5","865,7",Speedwayr-15-32-c2,"1,000155473701438",
2025-07-25T14:06:00.5207650+03:00,A60000000000000000000000,,1,-71,"865,7",Speedwayr-15-32-c2,"1,4358060174609601",
2025-07-25T14:06:00.5230710+03:00,A40000000000000000000000,,1,"-64,5","865,7",Speedwayr-15-32-c2,"4,669437518323892",
2025-07-25T14:06:00.5356810+03:00,A30000000000000000000000,,1,-63,"865,7",Speedwayr-15-32-c2,"5,117359908386499",
2025-07-25T14:06:00.5370050+03:00,A40000000000000000000000,,1,"-69,5","865,7",Speedwayr-15-32-c2,"4,620350133111551",
2025-07-25T14:06:00.5426960+03:00,A20000000000000000000000,,1,-63,"865,7",Speedwayr-15-32-c2,"1,552388557340269",
2025-07-25T14:06:00.5437510+03:00,A70000000000000000000000,,1,"-65,5","865,7",Speedwayr-15-32-c2,"2,098485717827557",
2025-07-25T14:06:00.5616260+03:00,A60000000000000000000000,,1,-71,"865,7",Speedwayr-15-32-c2,"1,8100973297050567",
2025-07-25T14:06:00.5652790+03:00,A80000000000000000000000,,1,-69,"865,7",Speedwayr-15-32-c2,"5,092816215780329",
2025-07-25T14:06:00.5701890+03:00,A80000000000000000000000,,1,-69,"865,7",Speedwayr-15-32-c2,"1,9144080232812801",
2025-07-25T14:06:00.5752960+03:00,A30000000000000000000000,,1,-63,"865,7",Speedwayr-15-32-c2,"5,221670601962723",
2025-07-25T14:06:00.5765250+03:00,A20000000000000000000000,,1,-63,"865,7",Speedwayr-15-32-c2,"1,0799224746714913",
2025-07-25T14:06:00.5775530+03:00,A70000000000000000000000,,1,-66,"865,7",Speedwayr-15-32-c2,"2,2948352586769194",
2025-07-25T14:06:00.5887770+03:00,A60000000000000000000000,,1,"-70,5","865,7",Speedwayr-15-32-c2,"1,8223691760081417",
2025-07-25T14:06:00.5898740+03:00,A40000000000000000000000,,1,-70,"865,7",Speedwayr-15-32-c2,"4,614214209960009",
2025-07-25T14:06:00.6061030+03:00,A30000000000000000000000,,1,-64,"865,7",Speedwayr-15-32-c2,"4,988505522204105",
2025-07-25T14:06:00.6073410+03:00,A20000000000000000000000,,1,"-62,5","865,7",Speedwayr-15-32-c2,"1,184233168247715",
2025-07-25T14:06:00.6083950+03:00,A70000000000000000000000,,1,-67,"865,7",Speedwayr-15-32-c2,"2,1598449493429825",
2025-07-25T14:06:00.6194360+03:00,A80000000000000000000000,,1,"-69,5","865,7",Speedwayr-15-32-c2,"5,1817871014776955",
2025-07-25T14:06:00.6213640+03:00,A40000000000000000000000,,1,"-68,5","865,7",Speedwayr-15-32-c2,"4,681709364626977",
2025-07-25T14:06:00.6253010+03:00,A60000000000000000000000,,1,"-70,5","865,7",Speedwayr-15-32-c2,"5,019185137961818",
2025-07-25T14:06:00.6397550+03:00,A40000000000000000000000,,1,"-67,5","865,7",Speedwayr-15-32-c2,"4,657165672020807",
2025-07-25T14:06:00.6408820+03:00,A30000000000000000000000,,1,-63,"865,7",Speedwayr-15-32-c2,"5,203262832508095",
2025-07-25T14:06:00.6419930+03:00,A70000000000000000000000,,1,"-62,5","865,7",Speedwayr-15-32-c2,"2,356194490192345",
2025-07-25T14:06:00.6435990+03:00,A20000000000000000000000,,1,-62,"865,7",Speedwayr-15-32-c2,"1,2946797849754812",
2025-07-25T14:06:00.6523050+03:00,A80000000000000000000000,,1,"-68,5","865,7",Speedwayr-15-32-c2,"2,067806102069844",
2025-07-25T14:06:00.6599730+03:00,A60000000000000000000000,,1,-71,"865,7",Speedwayr-15-32-c2,"4,985437560628334",
2025-07-25T14:06:00.6650160+03:00,A30000000000000000000000,,1,-64,"865,7",Speedwayr-15-32-c2,"5,325981295538946",
2025-07-25T14:06:00.6676950+03:00,A40000000000000000000000,,1,"-67,5","865,7",Speedwayr-15-32-c2,"4,565126824747668",
2025-07-25T14:06:00.6687800+03:00,A20000000000000000000000,,1,"-63,5","865,7",Speedwayr-15-32-c2,"1,2640001692177683",
2025-07-25T14:06:00.6722430+03:00,A70000000000000000000000,,1,"-66,5","865,7",Speedwayr-15-32-c2,"2,2396119503130363",
2025-07-25T14:06:00.6759280+03:00,A60000000000000000000000,,1,"-66,5","865,7",Speedwayr-15-32-c2,"2,184388641949153",
2025-07-25T14:06:00.6785740+03:00,A80000000000000000000000,,1,-70,"865,7",Speedwayr-15-32-c2,"1,9082721001297376",
2025-07-25T14:06:00.6951040+03:00,A30000000000000000000000,,1,"-63,5","865,7",Speedwayr-15-32-c2,"5,43029198911517",
2025-07-25T14:06:00.6977250+03:00,A20000000000000000000000,,1,-63,"865,7",Speedwayr-15-32-c2,"1,533980787885641",
2025-07-25T14:06:00.6997320+03:00,A70000000000000000000000,,1,"-66,5","865,7",Speedwayr-15-32-c2,"2,5157284921324514",
2025-07-25T14:06:00.7109920+03:00,A60000000000000000000000,,1,-72,"865,7",Speedwayr-15-32-c2,"5,184855063053467",
2025-07-25T14:06:00.7149640+03:00,A80000000000000000000000,,1,-68,"865,7",Speedwayr-15-32-c2,"2,2089323345553233",
2025-07-25T14:06:00.7204370+03:00,A30000000000000000000000,,1,"-63,5","865,7",Speedwayr-15-32-c2,"5,252350217720435",
2025-07-25T14:06:00.7237280+03:00,A20000000000000000000000,,1,-63,"865,7",Speedwayr-15-32-c2,"1,2640001692177683",
2025-07-25T14:06:00.7254660+03:00,A80000000000000000000000,,1,-68,"865,7",Speedwayr-15-32-c2,"2,098485717827557",
2025-07-25T14:06:00.7276740+03:00,A40000000000000000000000,,1,-69,"865,7",Speedwayr-15-32-c2,"4,706253057233147",
2025-07-25T14:06:00.7287410+03:00,A70000000000000000000000,,1,"-66,5","865,7",Speedwayr-15-32-c2,"2,466641106920111",
2025-07-25T14:06:00.7306730+03:00,A60000000000000000000000,,1,"-70,5","865,7",Speedwayr-15-32-c2,"1,7978254834019713",
2025-07-25T14:06:00.7480520+03:00,A20000000000000000000000,,1,"-62,5","865,7",Speedwayr-15-32-c2,"1,3621749396424494",
2025-07-25T14:06:00.7506170+03:00,A30000000000000000000000,,1,-64,"865,7",Speedwayr-15-32-c2,"5,197126909356553",
2025-07-25T14:06:00.7576270+03:00,A80000000000000000000000,,1,-69,"865,7",Speedwayr-15-32-c2,"2,030990563160589",
2025-07-25T14:06:00.7591450+03:00,A40000000000000000000000,,1,"-68,5","865,7",Speedwayr-15-32-c2,"4,718524903536232",
2025-07-25T14:06:00.7711020+03:00,A60000000000000000000000,,1,-71,"865,7",Speedwayr-15-32-c2,"5,255418179296207",
2025-07-25T14:06:00.7767330+03:00,A20000000000000000000000,,1,-61,"865,7",Speedwayr-15-32-c2,"1,3314953238847365",
2025-07-25T14:06:00.7794430+03:00,A30000000000000000000000,,1,-64,"865,7",Speedwayr-15-32-c2,"5,1725832167503825",
2025-07-25T14:06:00.7814430+03:00,A40000000000000000000000,,1,-69,"865,7",Speedwayr-15-32-c2,"4,448544284868359",
2025-07-25T14:06:00.7888130+03:00,A80000000000000000000000,,1,"-68,5","865,7",Speedwayr-15-32-c2,"2,282563412373834",
2025-07-25T14:06:00.7934030+03:00,A70000000000000000000000,,1,-64,"865,7",Speedwayr-15-32-c2,"2,6323110320117604",
2025-07-25T14:06:00.8055000+03:00,A30000000000000000000000,,1,-64,"865,7",Speedwayr-15-32-c2,"5,227806525114265",
2025-07-25T14:06:00.8070850+03:00,A40000000000000000000000,,1,"-68,5","865,7",Speedwayr-15-32-c2,"4,3074180523828804",
2025-07-25T14:06:00.8140530+03:00,A70000000000000000000000,,1,-66,"865,7",Speedwayr-15-32-c2,"2,60776733940559",
2025-07-25T14:06:00.8155220+03:00,A20000000000000000000000,,1,-63,"865,7",Speedwayr-15-32-c2,"1,0737865515199487",
2025-07-25T14:06:00.8275880+03:00,A80000000000000000000000,,1,"-68,5","865,7",Speedwayr-15-32-c2,"2,1230294104337273",
2025-07-25T14:06:00.8305250+03:00,A60000000000000000000000,,1,-69,"865,7",Speedwayr-15-32-c2,"1,8960002538266525",
2025-07-25T14:06:00.8471680+03:00,A20000000000000000000000,,1,-62,"865,7",Speedwayr-15-32-c2,"1,2885438618239387",
2025-07-25T14:06:00.8482660+03:00,A30000000000000000000000,,1,-64,"865,7",Speedwayr-15-32-c2,"5,190990986205009",
2025-07-25T14:06:00.8501180+03:00,A80000000000000000000000,,1,"-67,5","865,7",Speedwayr-15-32-c2,"1,9819031779482483",
2025-07-25T14:06:00.8574220+03:00,A70000000000000000000000,,1,"-65,5","865,7",Speedwayr-15-32-c2,"2,6261751088602177",
2025-07-25T14:06:00.8682290+03:00,A60000000000000000000000,,1,-71,"865,7",Speedwayr-15-32-c2,"1,8285050991596843",
2025-07-25T14:06:00.8811170+03:00,A30000000000000000000000,,1,-63,"865,7",Speedwayr-15-32-c2,"5,184855063053467",
2025-07-25T14:06:00.8853720+03:00,A20000000000000000000000,,1,-63,"865,7",Speedwayr-15-32-c2,"1,6505633277649499",
2025-07-25T14:06:00.8884410+03:00,A80000000000000000000000,,1,-69,"865,7",Speedwayr-15-32-c2,"2,313243028131547",
2025-07-25T14:06:00.8904100+03:00,A60000000000000000000000,,1,-70,"865,7",Speedwayr-15-32-c2,"2,061670178918302",
2025-07-25T14:06:00.8962320+03:00,A40000000000000000000000,,1,-69,"865,7",Speedwayr-15-32-c2,"4,448544284868359",
2025-07-25T14:06:00.8990280+03:00,A70000000000000000000000,,1,"-67,5","865,7",Speedwayr-15-32-c2,"2,466641106920111",
2025-07-25T14:06:00.9127890+03:00,A30000000000000000000000,,1,-64,"865,7",Speedwayr-15-32-c2,"4,988505522204105",
2025-07-25T14:06:00.9154020+03:00,A20000000000000000000000,,1,"-63,5","865,7",Speedwayr-15-32-c2,"1,1903690913992575",
2025-07-25T14:06:00.9186080+03:00,A70000000000000000000000,,1,-67,"865,7",Speedwayr-15-32-c2,"2,693670263527186",
2025-07-25T14:06:00.9245340+03:00,A80000000000000000000000,,1,-69,"865,7",Speedwayr-15-32-c2,"2,2212041808584084",
2025-07-25T14:06:00.9269510+03:00,A40000000000000000000000,,1,"-68,5","865,7",Speedwayr-15-32-c2,"4,3933209765044765",
2025-07-25T14:06:00.9290250+03:00,A60000000000000000000000,,1,"-68,5","865,7",Speedwayr-15-32-c2,"1,9144080232812801",
2025-07-25T14:06:00.9445120+03:00,A20000000000000000000000,,1,-63,"865,7",Speedwayr-15-32-c2,"1,1106020904292042",
2025-07-25T14:06:00.9477440+03:00,A30000000000000000000000,,1,-64,"865,7",Speedwayr-15-32-c2,"4,97623367590102",
2025-07-25T14:06:00.9502880+03:00,A40000000000000000000000,,1,-69,"865,7",Speedwayr-15-32-c2,"4,246058820867455",
2025-07-25T14:06:00.9541270+03:00,A80000000000000000000000,,1,"-68,5","865,7",Speedwayr-15-32-c2,"2,0064468705544187",
2025-07-25T14:06:00.9572580+03:00,A70000000000000000000000,,1,-67,"865,7",Speedwayr-15-32-c2,"2,5464081078901644",
2025-07-25T14:06:00.9605870+03:00,A60000000000000000000000,,1,"-69,5","865,7",Speedwayr-15-32-c2,"1,662835174068035",
2025-07-25T14:06:00.9740790+03:00,A30000000000000000000000,,1,-63,"865,7",Speedwayr-15-32-c2,"5,013049214810275",
2025-07-25T14:06:00.9773330+03:00,A60000000000000000000000,,1,-72,"865,7",Speedwayr-15-32-c2,"1,8346410223112268",
2025-07-25T14:06:00.9785670+03:00,A20000000000000000000000,,1,"-61,5","865,7",Speedwayr-15-32-c2,"1,1351457830353744",
2025-07-25T14:06:00.9814260+03:00,A40000000000000000000000,,1,-68,"865,7",Speedwayr-15-32-c2,"4,28287435977671",
2025-07-25T14:06:00.9859190+03:00,A80000000000000000000000,,1,"-68,5","865,7",Speedwayr-15-32-c2,"2,12916533358527",
2025-07-25T14:06:00.9871490+03:00,A70000000000000000000000,,1,"-67,5","865,7",Speedwayr-15-32-c2,"2,5034566458293663",
2025-07-25T14:06:01.0014550+03:00,A30000000000000000000000,,1,"-63,5","865,7",Speedwayr-15-32-c2,"4,92714629068868",
2025-07-25T14:06:01.0081240+03:00,A40000000000000000000000,,1,"-67,5","865,7",Speedwayr-15-32-c2,"4,399456899656019",
2025-07-25T14:06:01.0117220+03:00,A60000000000000000000000,,1,-68,"865,7",Speedwayr-15-32-c2,"1,3314953238847365",
2025-07-25T14:06:01.0138150+03:00,A20000000000000000000000,,1,-61,"865,7",Speedwayr-15-32-c2,"1,1228739367322893",
2025-07-25T14:06:01.0149460+03:00,A80000000000000000000000,,1,-68,"865,7",Speedwayr-15-32-c2,"2,061670178918302",
2025-07-25T14:06:01.0277390+03:00,A40000000000000000000000,,1,"-68,5","865,7",Speedwayr-15-32-c2,"4,338097668140593",
2025-07-25T14:06:01.0296490+03:00,A30000000000000000000000,,1,"-64,5","865,7",Speedwayr-15-32-c2,"4,896466674930966",
2025-07-25T14:06:01.0324560+03:00,A70000000000000000000000,,1,-66,"865,7",Speedwayr-15-32-c2,"1,2333205534600555",
2025-07-25T14:06:01.0343530+03:00,A20000000000000000000000,,1,"-62,5","865,7",Speedwayr-15-32-c2,"0,7117670855789375",
2025-07-25T14:06:01.0485410+03:00,A80000000000000000000000,,1,"-68,5","865,7",Speedwayr-15-32-c2,"2,030990563160589",
2025-07-25T14:06:01.0568320+03:00,A60000000000000000000000,,1,-70,"865,7",Speedwayr-15-32-c2,"1,2210487071569704",
2025-07-25T14:06:01.0705500+03:00,A80000000000000000000000,,1,"-69,5","865,7",Speedwayr-15-32-c2,"1,9634954084936207",
2025-07-25T14:06:01.0752770+03:00,A70000000000000000000000,,1,-66,"865,7",Speedwayr-15-32-c2,"1,9757672547967058",
2025-07-25T14:06:01.0771850+03:00,A20000000000000000000000,,1,"-63,5","865,7",Speedwayr-15-32-c2,"0,7976700097005334",
2025-07-25T14:06:01.0785520+03:00,A30000000000000000000000,,1,-64,"865,7",Speedwayr-15-32-c2,"4,804427827657828",
2025-07-25T14:06:01.0799350+03:00,A40000000000000000000000,,1,-68,"865,7",Speedwayr-15-32-c2,"4,049709280018092",
2025-07-25T14:06:01.0882990+03:00,A60000000000000000000000,,1,"-70,5","865,7",Speedwayr-15-32-c2,"1,7241944055834606",
2025-07-25T14:06:01.1080120+03:00,A70000000000000000000000,,1,-66,"865,7",Speedwayr-15-32-c2,"2,043262409463674",
2025-07-25T14:06:01.1099100+03:00,A30000000000000000000000,,1,"-63,5","865,7",Speedwayr-15-32-c2,"4,6878452877785195",
2025-07-25T14:06:01.1121630+03:00,A20000000000000000000000,,1,"-62,5","865,7",Speedwayr-15-32-c2,"0,5951845456996288",
2025-07-25T14:06:01.1215540+03:00,A60000000000000000000000,,1,"-68,5","865,7",Speedwayr-15-32-c2,"1,6812429435226628",
2025-07-25T14:06:01.1270390+03:00,A40000000000000000000000,,1,-68,"865,7",Speedwayr-15-32-c2,"4,178563666200486",
2025-07-25T14:06:01.1300900+03:00,A80000000000000000000000,,1,"-68,5","865,7",Speedwayr-15-32-c2,"2,018718716857504",
2025-07-25T14:06:01.1422250+03:00,A20000000000000000000000,,1,-62,"865,7",Speedwayr-15-32-c2,"0,6381360077604268",
2025-07-25T14:06:01.1449550+03:00,A70000000000000000000000,,1,"-65,5","865,7",Speedwayr-15-32-c2,"1,9696313316451632",
2025-07-25T14:06:01.1491330+03:00,A30000000000000000000000,,1,-63,"865,7",Speedwayr-15-32-c2,"4,651029748869264",
2025-07-25T14:06:01.1502340+03:00,A40000000000000000000000,,1,"-67,5","865,7",Speedwayr-15-32-c2,"4,2092432819582",
2025-07-25T14:06:01.1584230+03:00,A60000000000000000000000,,1,-70,"865,7",Speedwayr-15-32-c2,"1,4542137869155878",
2025-07-25T14:06:01.1666330+03:00,A80000000000000000000000,,1,"-69,5","865,7",Speedwayr-15-32-c2,"1,7947575218262002",
2025-07-25T14:06:01.1757140+03:00,A30000000000000000000000,,1,"-64,5","865,7",Speedwayr-15-32-c2,"4,3074180523828804",
2025-07-25T14:06:01.1775450+03:00,A40000000000000000000000,,1,-69,"865,7",Speedwayr-15-32-c2,"4,460816131171445",
2025-07-25T14:06:01.1791340+03:00,A20000000000000000000000,,1,"-62,5","865,7",Speedwayr-15-32-c2,"0,5645049299419159",
2025-07-25T14:06:01.1819970+03:00,A70000000000000000000000,,1,"-63,5","865,7",Speedwayr-15-32-c2,"1,9512235621905356",
2025-07-25T14:06:01.1851510+03:00,A80000000000000000000000,,1,-69,"865,7",Speedwayr-15-32-c2,"1,9634954084936207",
2025-07-25T14:06:01.1880380+03:00,A60000000000000000000000,,1,-70,"865,7",Speedwayr-15-32-c2,"1,337631247036279",
2025-07-25T14:06:01.2043610+03:00,A30000000000000000000000,,1,-64,"865,7",Speedwayr-15-32-c2,"4,6878452877785195",
2025-07-25T14:06:01.2055990+03:00,A20000000000000000000000,,1,"-63,5","865,7",Speedwayr-15-32-c2,"0,4970097752749477",
2025-07-25T14:06:01.2092450+03:00,A60000000000000000000000,,1,-68,"865,7",Speedwayr-15-32-c2,"1,5892040962495242",
2025-07-25T14:06:01.2117830+03:00,A70000000000000000000000,,1,"-65,5","865,7",Speedwayr-15-32-c2,"1,932815792735908",
2025-07-25T14:06:01.2190750+03:00,A80000000000000000000000,,1,"-68,5","865,7",Speedwayr-15-32-c2,"1,9941750242513334",
2025-07-25T14:06:01.2201150+03:00,A40000000000000000000000,,1,"-68,5","865,7",Speedwayr-15-32-c2,"4,28287435977671",
2025-07-25T14:06:01.2337350+03:00,A20000000000000000000000,,1,"-61,5","865,7",Speedwayr-15-32-c2,"0,3190680038802134",
2025-07-25T14:06:01.2349040+03:00,A70000000000000000000000,,1,-63,"865,7",Speedwayr-15-32-c2,"2,024854640009046",
2025-07-25T14:06:01.2388420+03:00,A80000000000000000000000,,1,-69,"865,7",Speedwayr-15-32-c2,"2,000310947402876",
2025-07-25T14:06:01.2412530+03:00,A40000000000000000000000,,1,"-67,5","865,7",Speedwayr-15-32-c2,"4,025165587411922",
2025-07-25T14:06:01.2424670+03:00,A30000000000000000000000,,1,"-61,5","865,7",Speedwayr-15-32-c2,"4,28287435977671",
2025-07-25T14:06:01.2498980+03:00,A60000000000000000000000,,1,-71,"865,7",Speedwayr-15-32-c2,"0,9510680884890975",
2025-07-25T14:06:01.2639240+03:00,A30000000000000000000000,,1,-64,"865,7",Speedwayr-15-32-c2,"4,374913207049849",
2025-07-25T14:06:01.2653980+03:00,A20000000000000000000000,,1,-63,"865,7",Speedwayr-15-32-c2,"0,30679615757712825",
2025-07-25T14:06:01.2676900+03:00,A80000000000000000000000,,1,-68,"865,7",Speedwayr-15-32-c2,"1,8530487917658545",
2025-07-25T14:06:01.2688000+03:00,A70000000000000000000000,,1,-65,"865,7",Speedwayr-15-32-c2,"1,88986433067511",
2025-07-25T14:06:01.2779520+03:00,A40000000000000000000000,,1,-68,"865,7",Speedwayr-15-32-c2,"3,8840393549264434",
2025-07-25T14:06:01.2803300+03:00,A60000000000000000000000,,1,"-70,5","865,7",Speedwayr-15-32-c2,"1,1228739367322893",
2025-07-25T14:06:01.2971160+03:00,A20000000000000000000000,,1,"-63,5","865,7",Speedwayr-15-32-c2,"0,37429131224409645",
2025-07-25T14:06:01.2982820+03:00,A30000000000000000000000,,1,-64,"865,7",Speedwayr-15-32-c2,"4,313553975534423",
2025-07-25T14:06:01.3003750+03:00,A60000000000000000000000,,1,"-69,5","865,7",Speedwayr-15-32-c2,"1,0492428589137786",
2025-07-25T14:06:01.3061270+03:00,A40000000000000000000000,,1,-67,"865,7",Speedwayr-15-32-c2,"3,9453985864418692",
2025-07-25T14:06:01.3085460+03:00,A70000000000000000000000,,1,-66,"865,7",Speedwayr-15-32-c2,"1,932815792735908",
2025-07-25T14:06:01.3134090+03:00,A80000000000000000000000,,1,-63,"865,7",Speedwayr-15-32-c2,"1,6505633277649499",
2025-07-25T14:06:01.3274040+03:00,A70000000000000000000000,,1,-67,"865,7",Speedwayr-15-32-c2,"1,7855536370988863",
2025-07-25T14:06:01.3285410+03:00,A30000000000000000000000,,1,-63,"865,7",Speedwayr-15-32-c2,"4,23378697456437",
2025-07-25T14:06:01.3360510+03:00,A20000000000000000000000,,1,-63,"865,7",Speedwayr-15-32-c2,"0,1718058482431918",
2025-07-25T14:06:01.3401510+03:00,A40000000000000000000000,,1,-67,"865,7",Speedwayr-15-32-c2,"3,822680123411018",
2025-07-25T14:06:01.3477910+03:00,A80000000000000000000000,,1,-68,"865,7",Speedwayr-15-32-c2,"1,6137477888556946",
2025-07-25T14:06:01.3494480+03:00,A60000000000000000000000,,1,"-69,5","865,7",Speedwayr-15-32-c2,"0,9019807032767571",
2025-07-25T14:06:01.3640800+03:00,A70000000000000000000000,,1,"-63,5","865,7",Speedwayr-15-32-c2,"1,9144080232812801",
2025-07-25T14:06:01.3668540+03:00,A20000000000000000000000,,1,"-62,5","865,7",Speedwayr-15-32-c2,"0,3190680038802134",
2025-07-25T14:06:01.3684860+03:00,A80000000000000000000000,,1,-69,"865,7",Speedwayr-15-32-c2,"1,4971652489763858",
2025-07-25T14:06:01.3703490+03:00,A30000000000000000000000,,1,-64,"865,7",Speedwayr-15-32-c2,"4,1417481272912315",
2025-07-25T14:06:01.3877530+03:00,A60000000000000000000000,,1,-68,"865,7",Speedwayr-15-32-c2,"1,012427320004523",
2025-07-25T14:06:01.4029450+03:00,A30000000000000000000000,,1,"-64,5","865,7",Speedwayr-15-32-c2,"3,834951969714103",
2025-07-25T14:06:01.4048790+03:00,A70000000000000000000000,,1,"-62,5","865,7",Speedwayr-15-32-c2,"1,7978254834019713",
2025-07-25T14:06:01.4068200+03:00,A40000000000000000000000,,1,-68,"865,7",Speedwayr-15-32-c2,"3,6201946594101133",
2025-07-25T14:06:01.4089840+03:00,A20000000000000000000000,,1,"-63,5","865,7",Speedwayr-15-32-c2,"0,1227184630308513",
2025-07-25T14:06:01.4177810+03:00,A60000000000000000000000,,1,-68,"865,7",Speedwayr-15-32-c2,"1,0737865515199487",
2025-07-25T14:06:01.4360700+03:00,A20000000000000000000000,,1,-63,"865,7",Speedwayr-15-32-c2,0,
2025-07-25T14:06:01.4373780+03:00,A70000000000000000000000,,1,-65,"865,7",Speedwayr-15-32-c2,"1,8285050991596843",
2025-07-25T14:06:01.4388680+03:00,A30000000000000000000000,,1,"-64,5","865,7",Speedwayr-15-32-c2,"4,1417481272912315",
2025-07-25T14:06:01.4399630+03:00,A40000000000000000000000,,1,-67,"865,7",Speedwayr-15-32-c2,"3,5895150436524004",
2025-07-25T14:06:01.4480070+03:00,A60000000000000000000000,,1,"-66,5","865,7",Speedwayr-15-32-c2,"0,9878836273983529",
2025-07-25T14:06:01.4503200+03:00,A80000000000000000000000,,1,-69,"865,7",Speedwayr-15-32-c2,"1,509437095279471",
2025-07-25T14:06:01.4649390+03:00,A70000000000000000000000,,1,"-65,5","865,7",Speedwayr-15-32-c2,"1,325359400733194",
2025-07-25T14:06:01.4666510+03:00,A20000000000000000000000,,1,"-62,5","865,7",Speedwayr-15-32-c2,"0,07363107781851078",
2025-07-25T14:06:01.4695110+03:00,A30000000000000000000000,,1,-64,"865,7",Speedwayr-15-32-c2,"4,0128937411088375",
2025-07-25T14:06:01.4756710+03:00,A40000000000000000000000,,1,-66,"865,7",Speedwayr-15-32-c2,"3,6815538909255388",
2025-07-25T14:06:01.4785450+03:00,A60000000000000000000000,,1,"-67,5","865,7",Speedwayr-15-32-c2,"1,1535535524900022",
2025-07-25T14:06:01.4802640+03:00,A80000000000000000000000,,1,"-68,5","865,7",Speedwayr-15-32-c2,"1,5830681730979816",
2025-07-25T14:06:01.4995280+03:00,A20000000000000000000000,,1,"-62,5","865,7",Speedwayr-15-32-c2,"0,018407769454627694",
2025-07-25T14:06:01.5008270+03:00,A30000000000000000000000,,1,-62,"865,7",Speedwayr-15-32-c2,"4,031301510563465",
2025-07-25T14:06:01.5022880+03:00,A70000000000000000000000,,1,"-65,5","865,7",Speedwayr-15-32-c2,"1,846912868614312",
2025-07-25T14:06:01.5044350+03:00,A80000000000000000000000,,1,"-66,5","865,7",Speedwayr-15-32-c2,"1,932815792735908",
2025-07-25T14:06:01.5083930+03:00,A60000000000000000000000,,1,-67,"865,7",Speedwayr-15-32-c2,"1,2333205534600555",
2025-07-25T14:06:01.5202730+03:00,A30000000000000000000000,,1,-64,"865,7",Speedwayr-15-32-c2,"4,0558452031696355",
2025-07-25T14:06:01.5240360+03:00,A70000000000000000000000,,1,"-66,5","865,7",Speedwayr-15-32-c2,"1,705786636128833",
2025-07-25T14:06:01.5260480+03:00,A80000000000000000000000,,1,"-66,5","865,7",Speedwayr-15-32-c2,"1,4971652489763858",
2025-07-25T14:06:01.5275040+03:00,A20000000000000000000000,,1,"-63,5","865,7",Speedwayr-15-32-c2,"6,105243535784852",
2025-07-25T14:06:01.5286110+03:00,A40000000000000000000000,,1,-68,"865,7",Speedwayr-15-32-c2,"3,5465635815916023",
2025-07-25T14:06:01.5486590+03:00,A80000000000000000000000,,1,"-67,5","865,7",Speedwayr-15-32-c2,"1,4051264017032472",
2025-07-25T14:06:01.5506080+03:00,A70000000000000000000000,,1,"-62,5","865,7",Speedwayr-15-32-c2,"1,846912868614312",
2025-07-25T14:06:01.5521780+03:00,A30000000000000000000000,,1,-64,"865,7",Speedwayr-15-32-c2,"4,295146206079795",
2025-07-25T14:06:01.5558370+03:00,A20000000000000000000000,,1,"-62,5","865,7",Speedwayr-15-32-c2,"0,25157284921324513",
2025-07-25T14:06:01.5573170+03:00,A40000000000000000000000,,1,-68,"865,7",Speedwayr-15-32-c2,"3,448388811166921",
2025-07-25T14:06:01.5598520+03:00,A60000000000000000000000,,1,-71,"865,7",Speedwayr-15-32-c2,"1,0185632431560658",
2025-07-25T14:06:01.5752940+03:00,A30000000000000000000000,,1,-64,"865,7",Speedwayr-15-32-c2,"4,221515128261284",
2025-07-25T14:06:01.5765900+03:00,A70000000000000000000000,,1,"-65,5","865,7",Speedwayr-15-32-c2,"1,6198837120072371",
2025-07-25T14:06:01.5777000+03:00,A40000000000000000000000,,1,-68,"865,7",Speedwayr-15-32-c2,"3,380893656499953",
2025-07-25T14:06:01.5793500+03:00,A20000000000000000000000,,1,"-62,5","865,7",Speedwayr-15-32-c2,"6,19728238305799",
2025-07-25T14:06:01.6010920+03:00,A80000000000000000000000,,1,-69,"865,7",Speedwayr-15-32-c2,"1,533980787885641",
2025-07-25T14:06:01.6054130+03:00,A60000000000000000000000,,1,-70,"865,7",Speedwayr-15-32-c2,"4,166291819897402",
2025-07-25T14:06:01.6090550+03:00,A40000000000000000000000,,1,-68,"865,7",Speedwayr-15-32-c2,"3,3318062712876126",
2025-07-25T14:06:01.6121770+03:00,A30000000000000000000000,,1,-64,"865,7",Speedwayr-15-32-c2,"4,025165587411922",
2025-07-25T14:06:01.6170150+03:00,A20000000000000000000000,,1,"-63,5","865,7",Speedwayr-15-32-c2,"0,04295146206079795",
2025-07-25T14:06:01.6195470+03:00,A70000000000000000000000,,1,"-65,5","865,7",Speedwayr-15-32-c2,"1,5707963267948966",
2025-07-25T14:06:01.6360950+03:00,A80000000000000000000000,,1,"-69,5","865,7",Speedwayr-15-32-c2,"4,589670517353839",
2025-07-25T14:06:01.6382420+03:00,A60000000000000000000000,,1,-71,"865,7",Speedwayr-15-32-c2,"4,13868016571546",
2025-07-25T14:06:01.6428750+03:00,A20000000000000000000000,,1,"-63,5","865,7",Speedwayr-15-32-c2,"6,227961998815704",
2025-07-25T14:06:01.6469410+03:00,A80000000000000000000000,,1,"-68,5","865,7",Speedwayr-15-32-c2,"1,5585244804918115",
2025-07-25T14:06:01.6481140+03:00,A30000000000000000000000,,1,"-64,5","865,7",Speedwayr-15-32-c2,"4,0987966652304335",
2025-07-25T14:06:01.6522800+03:00,A70000000000000000000000,,1,-62,"865,7",Speedwayr-15-32-c2,"1,7732817907958012",
2025-07-25T14:06:01.6556370+03:00,A40000000000000000000000,,1,"-68,5","865,7",Speedwayr-15-32-c2,"3,2888548092268146",
2025-07-25T14:06:01.6588960+03:00,A60000000000000000000000,,1,"-68,5","865,7",Speedwayr-15-32-c2,"0,803805932852076",
2025-07-25T14:06:01.6756210+03:00,A30000000000000000000000,,1,"-63,5","865,7",Speedwayr-15-32-c2,"3,9638063558964967",
2025-07-25T14:06:01.6777910+03:00,A70000000000000000000000,,1,"-64,5","865,7",Speedwayr-15-32-c2,"1,5462526341887264",
2025-07-25T14:06:01.6791120+03:00,A20000000000000000000000,,1,-64,"865,7",Speedwayr-15-32-c2,"6,1420590746941075",
2025-07-25T14:06:01.7969610+03:00,A40000000000000000000000,,1,-68,"865,7",Speedwayr-15-32-c2,"3,3440781175906977",
2025-07-25T14:06:01.8093310+03:00,A60000000000000000000000,,1,-71,"865,7",Speedwayr-15-32-c2,"0,5460971604872883",
2025-07-25T14:06:01.8155050+03:00,A80000000000000000000000,,1,"-69,5","865,7",Speedwayr-15-32-c2,"1,0615147052168636",
2025-07-25T14:06:01.8284020+03:00,A80000000000000000000000,,1,-69,"865,7",Speedwayr-15-32-c2,"1,227184630308513",
2025-07-25T14:06:01.8300990+03:00,A40000000000000000000000,,1,"-67,5","865,7",Speedwayr-15-32-c2,"3,479068426924634",
2025-07-25T14:06:01.8343850+03:00,A70000000000000000000000,,1,-65,"865,7",Speedwayr-15-32-c2,"1,1228739367322893",
2025-07-25T14:06:01.8360240+03:00,A20000000000000000000000,,1,-63,"865,7",Speedwayr-15-32-c2,"6,062292073724054",
2025-07-25T14:06:01.8381950+03:00,A30000000000000000000000,,1,-64,"865,7",Speedwayr-15-32-c2,"3,9269908169872414",
2025-07-25T14:06:01.8475770+03:00,A60000000000000000000000,,1,"-69,5","865,7",Speedwayr-15-32-c2,"0,4908738521234052",
2025-07-25T14:06:01.8691870+03:00,A20000000000000000000000,,1,-62,"865,7",Speedwayr-15-32-c2,"6,074563920027139",
2025-07-25T14:06:01.8762320+03:00,A70000000000000000000000,,1,"-65,5","865,7",Speedwayr-15-32-c2,"1,2517283229146832",
2025-07-25T14:06:01.8792490+03:00,A40000000000000000000000,,1,-68,"865,7",Speedwayr-15-32-c2,"3,485204350076177",
2025-07-25T14:06:01.8835570+03:00,A30000000000000000000000,,1,"-64,5","865,7",Speedwayr-15-32-c2,"4,04357335686655",
2025-07-25T14:06:01.8860790+03:00,A80000000000000000000000,,1,"-68,5","865,7",Speedwayr-15-32-c2,"0,9940195505498954",
2025-07-25T14:06:01.8887100+03:00,A60000000000000000000000,,1,-70,"865,7",Speedwayr-15-32-c2,"0,5767767762450011",
2025-07-25T14:06:01.9030260+03:00,A30000000000000000000000,,1,-62,"865,7",Speedwayr-15-32-c2,"3,9822141253511245",
2025-07-25T14:06:01.9058400+03:00,A70000000000000000000000,,1,-65,"865,7",Speedwayr-15-32-c2,"1,4296700943094176",
2025-07-25T14:06:01.9077560+03:00,A20000000000000000000000,,1,-63,"865,7",Speedwayr-15-32-c2,"6,117515382087937",
2025-07-25T14:06:01.9092500+03:00,A40000000000000000000000,,1,"-68,5","865,7",Speedwayr-15-32-c2,"3,393165502803038",
2025-07-25T14:06:01.9192770+03:00,A80000000000000000000000,,1,-70,"865,7",Speedwayr-15-32-c2,"1,5953400194010667",
2025-07-25T14:06:01.9292840+03:00,A60000000000000000000000,,1,-71,"865,7",Speedwayr-15-32-c2,"0,5951845456996288",
2025-07-25T14:06:01.9435550+03:00,A30000000000000000000000,,1,-64,"865,7",Speedwayr-15-32-c2,"3,8717675086233583",
2025-07-25T14:06:01.9472330+03:00,A80000000000000000000000,,1,"-67,5","865,7",Speedwayr-15-32-c2,"1,2455923997631406",
2025-07-25T14:06:01.9483170+03:00,A70000000000000000000000,,1,"-65,5","865,7",Speedwayr-15-32-c2,"1,4542137869155878",
2025-07-25T14:06:01.9494000+03:00,A20000000000000000000000,,1,-63,"865,7",Speedwayr-15-32-c2,"6,166602767300278",
2025-07-25T14:06:01.9654890+03:00,A40000000000000000000000,,1,-67,"865,7",Speedwayr-15-32-c2,"0,04295146206079795",
2025-07-25T14:06:01.9742370+03:00,A20000000000000000000000,,1,-62,"865,7",Speedwayr-15-32-c2,"5,945709533844745",
2025-07-25T14:06:01.9759920+03:00,A70000000000000000000000,,1,-65,"865,7",Speedwayr-15-32-c2,"1,2640001692177683",
2025-07-25T14:06:01.9770470+03:00,A30000000000000000000000,,1,"-64,5","865,7",Speedwayr-15-32-c2,"3,810408277107933",
2025-07-25T14:06:01.9784010+03:00,A40000000000000000000000,,1,-67,"865,7",Speedwayr-15-32-c2,"3,356349963893783",
2025-07-25T14:06:01.9875120+03:00,A80000000000000000000000,,1,"-67,5","865,7",Speedwayr-15-32-c2,"1,1965050145508",
2025-07-25T14:06:01.9984640+03:00,A60000000000000000000000,,1,"-69,5","865,7",Speedwayr-15-32-c2,"0,7117670855789375",
2025-07-25T14:06:02.0152830+03:00,A40000000000000000000000,,1,-67,"865,7",Speedwayr-15-32-c2,"3,141592653589793",
2025-07-25T14:06:02.0183380+03:00,A80000000000000000000000,,1,"-69,5","865,7",Speedwayr-15-32-c2,"1,1780972450961724",
2025-07-25T14:06:02.0200630+03:00,A30000000000000000000000,,1,-64,"865,7",Speedwayr-15-32-c2,"3,8840393549264434",
2025-07-25T14:06:02.0222920+03:00,A20000000000000000000000,,1,-62,"865,7",Speedwayr-15-32-c2,"5,835262917116979",
2025-07-25T14:06:02.0250420+03:00,A70000000000000000000000,,1,"-65,5","865,7",Speedwayr-15-32-c2,"1,337631247036279",
2025-07-25T14:06:02.0282410+03:00,A60000000000000000000000,,1,"-70,5","865,7",Speedwayr-15-32-c2,"0,44178646691106466",
2025-07-25T14:06:02.0412630+03:00,A20000000000000000000000,,1,"-63,5","865,7",Speedwayr-15-32-c2,"5,915029918087033",
2025-07-25T14:06:02.0431870+03:00,A30000000000000000000000,,1,-63,"865,7",Speedwayr-15-32-c2,"3,6201946594101133",
2025-07-25T14:06:02.0448710+03:00,A70000000000000000000000,,1,-65,"865,7",Speedwayr-15-32-c2,"1,2087768608538851",
2025-07-25T14:06:02.0487860+03:00,A40000000000000000000000,,1,-67,"865,7",Speedwayr-15-32-c2,"3,055689729468197",
2025-07-25T14:06:02.0566850+03:00,A80000000000000000000000,,1,-69,"865,7",Speedwayr-15-32-c2,"1,1780972450961724",
2025-07-25T14:06:02.0784990+03:00,A60000000000000000000000,,1,-72,"865,7",Speedwayr-15-32-c2,"0,7179030087304801",
2025-07-25T14:06:02.0800260+03:00,A70000000000000000000000,,1,"-65,5","865,7",Speedwayr-15-32-c2,"1,4419419406125027",
2025-07-25T14:06:02.0861620+03:00,A20000000000000000000000,,1,-63,"865,7",Speedwayr-15-32-c2,"6,050020227420969",
2025-07-25T14:06:02.0872740+03:00,A30000000000000000000000,,1,-64,"865,7",Speedwayr-15-32-c2,"3,822680123411018",
2025-07-25T14:06:02.0900340+03:00,A40000000000000000000000,,1,"-67,5","865,7",Speedwayr-15-32-c2,"3,11091303783208",
2025-07-25T14:06:02.0953140+03:00,A80000000000000000000000,,1,"-68,5","865,7",Speedwayr-15-32-c2,"1,086058397823034",
2025-07-25T14:06:02.1094360+03:00,A40000000000000000000000,,1,"-68,5","865,7",Speedwayr-15-32-c2,"2,8838838812250054",
2025-07-25T14:06:02.1108080+03:00,A70000000000000000000000,,1,"-65,5","865,7",Speedwayr-15-32-c2,"1,2210487071569704",
2025-07-25T14:06:02.1130160+03:00,A20000000000000000000000,,1,-63,"865,7",Speedwayr-15-32-c2,"5,970253226450915",
2025-07-25T14:06:02.1156500+03:00,A30000000000000000000000,,1,-64,"865,7",Speedwayr-15-32-c2,"3,890175278077986",
2025-07-25T14:06:02.1293980+03:00,A80000000000000000000000,,1,"-69,5","865,7",Speedwayr-15-32-c2,"0,6258641614573416",
2025-07-25T14:06:02.1374340+03:00,A60000000000000000000000,,1,-70,"865,7",Speedwayr-15-32-c2,"0,5522330836388308",
2025-07-25T14:06:02.1505750+03:00,A70000000000000000000000,,1,"-65,5","865,7",Speedwayr-15-32-c2,"1,3928545554001621",
2025-07-25T14:06:02.1519320+03:00,A20000000000000000000000,,1,-60,"865,7",Speedwayr-15-32-c2,"5,994796919057086",
2025-07-25T14:06:02.1548950+03:00,A30000000000000000000000,,1,-64,"865,7",Speedwayr-15-32-c2,"3,865631585471816",
2025-07-25T14:06:02.1593490+03:00,A60000000000000000000000,,1,"-70,5","865,7",Speedwayr-15-32-c2,"0,5583690067903734",
2025-07-25T14:06:02.1650320+03:00,A80000000000000000000000,,1,-69,"865,7",Speedwayr-15-32-c2,"1,2640001692177683",
2025-07-25T14:06:02.1673080+03:00,A40000000000000000000000,,1,"-67,5","865,7",Speedwayr-15-32-c2,"3,3011266555298997",
2025-07-25T14:06:02.1802850+03:00,A70000000000000000000000,,1,"-65,5","865,7",Speedwayr-15-32-c2,"1,2762720155208536",
2025-07-25T14:06:02.1836260+03:00,A20000000000000000000000,,1,-63,"865,7",Speedwayr-15-32-c2,"6,12365130523948",
2025-07-25T14:06:02.1887250+03:00,A80000000000000000000000,,1,"-68,5","865,7",Speedwayr-15-32-c2,"1,1658253987930873",
2025-07-25T14:06:02.1923870+03:00,A30000000000000000000000,,1,"-63,5","865,7",Speedwayr-15-32-c2,"4,178563666200486",
2025-07-25T14:06:02.1962320+03:00,A40000000000000000000000,,1,"-68,5","865,7",Speedwayr-15-32-c2,"3,2336315008629315",
2025-07-25T14:06:02.1991000+03:00,A60000000000000000000000,,1,-71,"865,7",Speedwayr-15-32-c2,"0,5092816215780329",
2025-07-25T14:06:02.2126290+03:00,A30000000000000000000000,,1,-65,"865,7",Speedwayr-15-32-c2,"3,9269908169872414",
2025-07-25T14:06:02.2151120+03:00,A20000000000000000000000,,1,"-62,5","865,7",Speedwayr-15-32-c2,"6,050020227420969",
2025-07-25T14:06:02.2201110+03:00,A40000000000000000000000,,1,-67,"865,7",Speedwayr-15-32-c2,"3,153864499892878",
2025-07-25T14:06:02.2246020+03:00,A70000000000000000000000,,1,-65,"865,7",Speedwayr-15-32-c2,"1,3192234775816514",
2025-07-25T14:06:02.2264800+03:00,A80000000000000000000000,,1,"-68,5","865,7",Speedwayr-15-32-c2,"0,8958447801252144",
2025-07-25T14:06:02.2386790+03:00,A40000000000000000000000,,1,"-68,5","865,7",Speedwayr-15-32-c2,"3,3072625786814425",
2025-07-25T14:06:02.2409400+03:00,A30000000000000000000000,,1,"-63,5","865,7",Speedwayr-15-32-c2,"3,8840393549264434",
2025-07-25T14:06:02.2425460+03:00,A20000000000000000000000,,1,-62,"865,7",Speedwayr-15-32-c2,"6,050020227420969",
2025-07-25T14:06:02.2449370+03:00,A70000000000000000000000,,1,-66,"865,7",Speedwayr-15-32-c2,"1,325359400733194",
2025-07-25T14:06:02.2506760+03:00,A80000000000000000000000,,1,-68,"865,7",Speedwayr-15-32-c2,"1,423534171157875",
2025-07-25T14:06:02.2688870+03:00,A60000000000000000000000,,1,"-69,5","865,7",Speedwayr-15-32-c2,"0,5276893910326605",
